date          Qobs       Qsimobs        Qsim       Qusi
20150801       5.255       3.063       3.510       4.744
20150802       4.565       2.722       3.047       3.756
20150803       6.089       4.504       2.812       3.812
20150804       5.862       2.731       3.125       4.637
20150805       5.791       3.432       2.767       3.816
20150806      12.636      18.116       9.819      16.254
20150807      12.680       7.084       9.957      11.600
20150808      10.327       8.489      10.365       7.713
20150809       8.708       7.316       7.886      11.566
20150810       6.863       5.547       6.547       5.636
20150811       5.610       4.684       5.429       6.360
20150812       4.970       6.216       4.659       4.314
20150813       4.425       4.222       5.046       4.442
20150814       3.896       3.700       4.195       3.094
20150815       3.485       3.249       3.700       3.793
20150816       3.030       2.892       3.246       2.953
20150817       2.601       2.560       2.892       2.996
20150818       2.317       2.329       2.559       2.769
20150819       2.059       2.117       2.327       2.316
20150820       1.850       1.923       2.117       1.958
20150821       1.713       1.747       1.923       1.837
20150822       1.558       1.586       1.747       1.652
20150823       1.480       1.439       1.586       1.556
20150824       1.394       1.306       1.439       1.414
20150825       1.313       1.185       1.306       1.275
20150826       1.231       1.079       1.185       1.139
20150827       1.245       1.195       1.196       1.264
20150828       4.663      30.850      17.073      17.195
20150829       8.599      10.139      13.461      11.017
20150830       6.766       6.841      10.620       2.419
20150831       6.307       7.088       9.451       8.081
20150901       6.201       5.038       8.428       8.698
20150902       5.375       4.175       5.843       5.351
20150903       4.642       3.610       4.875       4.133
20150904       4.083       3.127       3.563       4.819
20150905       3.902       7.187       3.741       3.956
20150906       4.495       7.124       7.360       9.152
20150907       4.761       5.385       5.128       3.398
20150908       4.647       4.324       4.104       2.671
20150909       4.366       3.964       4.058       3.512
20150910       3.864       3.485       3.901       3.827
20150911       3.409       3.055       3.336       3.535
20150912       2.988       2.698       3.055       3.461
20150913       2.670       2.388       2.698       2.838
20150914       2.409       2.180       2.380       2.425
20150915       2.135       1.988       2.172       2.037
20150916       1.957       1.812       1.991       1.856
20150917       1.787       1.651       1.812       1.817
20150918       1.692       2.082       2.201       1.998
20150919       2.383       4.883       3.029       3.026
20150920       6.109       8.126       4.995       4.472
20150921       7.464       5.728       4.448       1.877
20150922       6.858       4.327       3.460       2.844
20150923       5.578       3.793       3.530       4.893
20150924       4.652       3.290       3.686       4.714
20150925       4.157       4.523       5.307       6.844
20150926       6.016       7.985       7.437      10.170
20150927       7.030       4.469       6.197       5.803
20150928       5.848       3.824       4.425       3.274
20150929       4.948       3.368       3.909       5.848
20150930       4.443       2.766       3.440       4.266
20151001       4.574       4.273       3.718       5.279
20151002       5.036       5.305       4.549       5.657
20151003       7.278       9.238       5.115       4.742
20151004       7.358       6.571       7.046       6.095
20151005       6.640       6.275       5.631       5.045
20151006       5.950       4.893       4.478       4.712
20151007       5.206       4.077       4.955       4.992
20151008       4.234       3.624       4.269       4.767
20151009       3.997       3.547       3.804       4.455
20151010       3.253       3.173       3.337       2.899
20151011       3.036       2.839       3.132       3.343
20151012       2.845       2.643       2.842       2.520
20151013       2.679       2.455       2.625       2.491
20151014       2.518       2.276       2.416       2.917
20151015       2.370       2.091       2.255       2.328
20151016       2.265       1.924       2.093       2.091
20151017       2.154       1.788       1.924       1.930
20151018       2.072       1.643       1.783       1.922
20151019       2.004       1.513       1.644       1.291
20151020       1.936       1.394       1.523       1.543
20151021       1.861       1.282       1.398       1.526
20151022       1.935       4.059       1.801       2.134
20151023       2.475       6.733       4.122       5.128
20151024       3.253       4.020       4.739       2.388
20151025       3.298       4.872       4.272       1.990
20151026       3.577       5.327       4.207       3.442
20151027       3.920       6.580       4.039       3.155
20151028       4.250       4.472       4.931       3.586
20151029       3.859       3.804       4.292       3.569
20151030       3.416       3.349       3.821       3.534
20151031       3.281       3.224       3.400       3.123
20151101       3.198       2.997       3.743       3.636
20151102       3.150       2.809   -9999.000   -9999.000
20151103       2.987       2.602       2.695       2.838
20151104       2.986       3.466       2.819       3.043
20151105       3.255       2.786       2.610       2.835
20151106       3.125       2.576       2.551       2.880
20151107       2.955       3.048       2.916       3.241
20151108       2.944       2.800       3.283       2.836
20151109       2.917       2.909       2.629       2.432
20151110       2.707       2.817       2.879       3.172
20151111       3.463       6.348       4.277       4.465
20151112       4.212       3.926       4.829       2.852
20151113       3.791       3.254       3.494       3.495
20151114       3.240       3.002       3.254       3.551
20151115       3.054       3.314       3.014       3.303
20151116       3.047       2.762       3.084       2.622
20151117       2.944       3.333       2.908       3.125
20151118       2.944       2.762       2.764       2.671
20151119       2.241       2.549       2.661       2.602
20151120       2.219       2.483       2.679       2.872
20151121       2.068       2.497       2.578       2.225
20151122       1.892       2.003       2.170       1.875
20151123       1.940       2.888       2.766       3.036
20151124       2.019       2.314       1.953       1.292
20151125       2.040       1.640       1.797       1.554
20151126       2.040       1.855       4.394       4.870
20151127       4.031       5.051       6.279       6.110
20151128       7.491       9.211       4.141       2.620
20151129       6.331       5.226       7.077       7.353
20151130       4.618       4.372       5.297       5.684
20151201       3.876       5.660       5.124       5.583
20151202       3.759       3.920       4.600       3.087
20151203       3.713       4.169       3.191       2.655
20151204       3.413       2.883       3.251       3.391
20151205       3.642       2.545       3.670       4.064
20151206       4.014       5.354       4.078       4.950
20151207       7.119       8.395       5.253       5.202
20151208       7.266       4.641       7.910       5.913
20151209       7.188       9.163       4.713       6.836
20151210       7.324       9.666       7.526       9.036
20151211       6.252       9.330       9.175       8.066
20151212       5.474       8.555       9.071       6.779
20151213       4.833       7.115       8.527       5.353
20151214       4.087       5.599       6.490       4.273
20151215       3.685       4.883       5.815       4.184
20151216       3.557       4.305       4.599       3.020
20151217       3.325       4.079       6.002       4.556
20151218       3.398       5.322       5.667       4.188
20151219       3.884       7.684       7.984       5.446
20151220       7.873      10.020      11.699       6.281
20151221      10.929      14.139   -9999.000   -9999.000
20151222      10.754      11.623   -9999.000   -9999.000
20151223       8.417       9.480      11.675      10.724
20151224       6.834       7.845      10.101       9.185
20151225       6.302      12.248       7.968       6.627
20151226       6.095      12.084      11.831       8.340
20151227       5.411       8.034       9.314       5.085
20151228       6.036       6.442       7.638       4.912
20151229       4.034       5.485       6.429       4.970
20151230       3.939       7.256       6.079       4.162
20151231       4.158      13.317       6.118       4.371
20160101       3.892      11.746      11.540       4.829
20160102       3.458       9.852      11.076       3.918
20160103       6.910       8.086       9.668       3.471
20160104       8.555       6.825       8.078       3.066
20160105       2.849       5.804       6.825       8.351
20160106       1.931       5.064       5.804       5.804
20160107       1.748       4.513       5.062       5.062
20160108       1.546       4.131       4.473       4.472
20160109       1.823       3.821       4.135       4.131
20160110       1.804       3.535       3.821       3.821
20160111       1.561       3.270       3.539       3.539
20160112       1.454       3.061       3.270       3.270
20160113       1.370       2.832       3.027       3.027
20160114       1.299       2.621       2.798       2.798
20160115       1.299       2.423       2.620       2.619
20160116       1.333       2.305       2.423       2.423
20160117       1.321       2.115       2.310       2.308
20160118       1.523       5.622       4.020       4.016
20160119       1.480       2.531       2.873       0.819
20160120       1.352       2.870       2.937       1.732
20160121       1.242       2.703       2.606       1.615
20160122       1.144       1.680       1.783       0.892
20160123       1.088       1.688       1.569       1.052
20160124       1.121       1.409       1.576       0.953
20160125       1.156       2.025       3.957       1.889
20160126       1.156       6.715       1.833       1.090
20160127       1.196       7.729       4.046       1.564
20160128       1.226       6.299       6.244       1.565
20160129       1.360       4.546       5.547       1.344
20160130       1.633      17.838       4.924       1.308
20160131       1.730       9.467      11.719       2.038
20160201       1.774       7.755       9.275       1.812
20160202       1.774       7.875       7.992       1.898
20160203       1.774       5.703       7.043       1.603
20160204       1.774       6.050       7.157       2.208
20160205       1.692       6.056       6.886       2.082
20160206       1.690       3.670       4.005       1.226
20160207       1.633       3.508       4.455       1.959
20160208       1.608       8.878       3.430       1.753
20160209       1.583       8.782       6.505       2.320
20160210       1.527       6.227       7.543       1.944
20160211       1.527       5.796       6.775       1.684
20160212       1.523       4.575       5.631       1.504
20160213       1.449       3.828       4.485       1.472
20160214       1.539       3.414       3.847       1.458
20160215       1.449       3.608       3.781       1.620
20160216       1.425       3.469       3.462       1.501
20160217       1.347       2.641       2.946       1.232
20160218       1.288       3.187       2.685       1.365
20160219       1.226       2.458       2.768       1.373
20160220       1.199       2.236       2.427       1.175
20160221       1.184       2.075       2.570       1.358
20160222       1.175       1.905       2.097       1.136
20160223       1.193       1.763       1.942       1.167
20160224       1.249       3.498       3.221       2.099
20160225       1.325       3.530       2.617       1.058
20160226       1.444       4.819       3.786       1.696
20160227       1.449       3.009       2.831       0.967
20160228       1.449       3.285       2.696       1.349
20160229       1.462       1.806       2.165       1.077
20160301       1.430       1.364       1.553       1.070
20160302       1.299       1.213       1.365       1.313
20160303       1.299       1.090       1.219       1.183
20160304       1.273       1.001       1.239       1.342
20160305       1.226       1.398       1.561       1.769
20160306       1.212       0.864       0.989       0.892
20160307       1.161       0.831       0.860       1.083
20160308       1.155       1.002       0.996       1.344
20160309       1.141       0.675       0.743       0.841
20160310       1.118       0.616       0.670       0.974
20160311       1.099       0.560       0.611       1.240
20160312       1.099       0.519       0.565       1.039
20160313       1.088       0.530       0.724       1.302
20160314       1.123       3.792       4.501       7.156
20160315       1.440       7.748       4.043       2.497
20160316       2.583      10.542       5.996       2.106
20160317       5.237      13.590       8.980       2.526
20160318       7.871      20.802      11.364       3.597
20160319       9.184      11.442      15.828       6.527
20160320      11.327      11.236      12.566       7.883
20160321      12.806       8.928      10.471       8.720
20160322      12.628       8.971       8.460      10.318
20160323   -9999.000   -9999.000       8.166      10.849
20160324       8.995       7.692   -9999.000   -9999.000
20160325       7.607       7.026   -9999.000   -9999.000
20160326       6.725       6.192   -9999.000   -9999.000
20160327       7.905      14.132       8.300       8.496
20160328      11.019      25.921      13.334       9.808
20160329      14.762      33.653      21.804      11.949
20160330      18.371      26.283      26.482      12.820
20160331      16.538      15.600      22.389      11.312
20160401      12.846      13.541      16.233      11.267
20160402      10.505      12.708      13.771      14.034
20160403       9.281      12.815      12.737      11.012
20160404       9.191      15.849      13.242       8.890
20160405       9.825      15.884      14.939      10.645
20160406      12.307      18.635      14.949       9.590
20160407      14.764      18.558      17.738      11.852
20160408      15.146      14.879      16.731      10.942
20160409      12.996      12.116      14.016      13.151
20160410      10.698      10.084      11.935      12.048
20160411       9.283       9.354      10.259      10.686
20160412       8.279       9.172       9.167       9.802
20160413       7.828       9.123       9.132       9.268
20160414       7.452       7.324       8.670       7.707
20160415       6.643       7.628       8.062       6.814
20160416       6.565       7.454       8.191       6.561
20160417       6.528       6.427       6.927       8.853
20160418       6.447       7.854       6.894       6.197
20160419       7.248       8.813       8.632       8.851
20160420       9.102      10.816       9.973       8.893
20160421      10.294      10.804       9.795       6.711
20160422      11.721      11.186      10.536      10.334
20160423      10.453       8.367       9.871       9.067
20160424       9.262       6.989       8.409       8.476
20160425       8.106       5.522       6.676       7.673
20160426       7.403       6.293       5.749       5.339
20160427       6.675       4.940       6.113       6.042
20160428       6.288       5.297       5.520       5.962
20160429       6.838      13.355       6.372       7.386
20160430       8.008      12.656      11.067      10.776
20160501      10.265      15.294      12.287       5.848
20160502      12.053      14.347      13.707       6.956
20160503      14.872      19.441      16.163       9.446
20160504      21.151      19.185      21.580      18.763
20160505      19.888      20.369      19.199      14.708
20160506      17.772      22.576      21.280      21.285
20160507      17.117      23.578      22.651      21.217
20160508      19.510      25.813      24.062      17.903
20160509      23.289      25.773      26.431      18.532
20160510      25.170      25.828      26.373      14.906
20160511      20.302      14.642      22.227      18.854
20160512      16.544      17.395      17.386      16.072
20160513      13.268      11.551      15.241      21.629
20160514      10.554       8.889      11.148       9.530
20160515       9.181      10.605      10.754      11.264
20160516       8.457       8.304      10.134       7.713
20160517       7.994       8.998       8.284       6.088
20160518       7.700       7.371      10.346      10.416
20160519       7.016       7.226       8.555       7.020
20160520       6.508       5.993       6.831       6.655
20160521       7.977      14.362       8.622       8.035
20160522      11.450      14.729      11.892      12.063
20160523      15.383      19.047      15.160      10.611
20160524      17.955      13.200      15.490      12.096
20160525      15.756      12.954      13.340      10.427
20160526      14.181      10.321      11.760      15.230
20160527      12.021      11.129      10.892      12.463
20160528      10.869      13.567      12.083      15.596
20160529      10.486      13.172      13.201      11.553
20160530      10.486      12.728      13.327      10.453
20160531       9.958      13.185      13.037       9.832
20160601       9.738      12.744      13.593       8.804
20160602       8.916      11.030      12.522       7.529
20160603       7.877       9.331      10.966       8.181
20160604       6.622       6.996       8.943       5.857
20160605       5.318       5.336       6.787       5.896
20160606       4.412       4.578       5.424       5.109
20160607       3.882       4.989       4.867       3.079
20160608       3.961       5.119       5.414       5.192
20160609       4.014       4.871       4.611       4.127
20160610       3.565       4.073       4.329       3.135
20160611       3.116       3.389       3.628       2.906
20160612       2.776       3.386       3.469       2.249
20160613       2.624       3.313       3.393       3.248
20160614       2.624       3.065       3.300       2.017
20160615       2.567       2.872       3.072       2.492
20160616       2.446       2.736       3.290       2.143
20160617       2.575       2.678       5.651       4.986
20160618       2.624       2.366       2.747       2.390
20160619       2.707       3.215       4.036       3.380
20160620       2.981       2.369       2.934       2.899
20160621       3.071       2.496       2.558       2.240
20160622       3.795       2.645       2.667       3.004
20160623       3.158       1.935       2.462       2.614
20160624       2.936       1.919       2.794       3.760
20160625       2.729       2.711       1.832       2.525
20160626       2.729       1.739       1.907       2.132
20160627       2.852       2.769       2.097       2.103
20160628       3.259       5.998       3.941       5.524
20160629       3.504       3.202       3.226       2.984
20160630       3.201       2.451       2.804       1.708
20160701       2.776       2.098       2.443       2.633
20160702       2.445       1.838       2.096       2.210
20160703       4.119      11.407       6.567       9.082
20160704       8.724       6.415       9.369       8.681
20160705       8.789       7.595       7.039       2.513
20160706       6.720       5.656       7.574      11.163
20160707       5.162       4.194       4.792       5.344
20160708       4.142       3.559       4.179       5.039
20160709       3.493       3.108       3.554       4.052
20160710       3.183       2.806       6.367       7.664
20160711       3.120       2.450       2.758       2.172
20160712       3.250       2.880       2.890       3.170
20160713       3.308       2.323       2.780       4.124
20160714       4.082       5.586       3.243       2.553
20160715       4.621       2.819       3.448       4.250
20160716       4.131       2.434       2.778       2.180
20160717       4.766       5.984       5.456       6.867
20160718       5.238       4.872       4.526       6.933
20160719       5.035       3.305       4.408       3.677
20160720       4.335       2.861       3.257       3.018
20160721       3.717       2.502       2.852       3.776
20160722       3.236       2.272       2.496       3.136
20160723       3.416       7.187       5.004       5.846
20160724       4.032       5.744       5.326       5.891
20160725       5.247       3.694       3.893       1.948
20160726       4.889       3.069       3.560       2.636
20160727       5.109       7.933       6.010       8.011
20160728       4.937       3.808       4.694       6.521
20160729       6.111       6.027       9.822       7.563
20160730       6.325       6.634       4.254       4.527
20160731  -10000.000       5.443       6.847       7.208
