date          Qobs       Qsimobs        Qsim       Qusi
20150801       2.055       1.224       1.274       0.610
20150802       7.553       8.363       1.651       0.834
20150803       7.528       3.577       5.421       0.840
20150804       9.554       2.837       3.756       1.890
20150805      20.012      34.261       3.560       2.758
20150806      11.800      14.784      18.679       7.439
20150807       8.439       7.267      11.494       7.272
20150808       6.177       5.830       7.235       3.329
20150809       4.679       4.708       5.827       2.850
20150810       3.710       3.827       4.715       2.006
20150811       3.308       3.975       3.827       1.520
20150812       3.060       3.179       3.721       1.273
20150813       2.592       2.428       3.103       0.999
20150814       2.195       1.904       2.426       0.937
20150815       3.826       4.762       2.342       0.927
20150816      13.566      39.544       4.118       1.071
20150817      11.055       8.974      24.314       6.875
20150818       7.931       6.682       8.632       2.107
20150819       5.739       5.410       6.684       3.599
20150820       4.260       4.364       5.413       2.694
20150821       3.292       3.503       4.364       1.918
20150822       2.629       2.794       3.503       1.359
20150823       2.122       2.211       2.793       1.043
20150824       1.732       1.720       2.212       0.806
20150825       1.482       1.440       1.983       0.702
20150826       3.199       5.736       1.737       1.188
20150827       7.495      11.285       7.642       1.353
20150828       9.063      10.445       7.887       1.348
20150829       9.179       7.454       8.234       3.559
20150830       8.622       6.604       6.853       2.660
20150831       7.048       5.393       6.114       3.004
20150901       5.534       4.349       5.040       2.580
20150902       6.358       8.001       5.184       2.740
20150903       8.033       6.841       7.558       2.442
20150904       6.930       5.194       6.518       1.920
20150905       6.017       4.317       5.179       0.002
20150906       5.951       3.424       4.147       2.196
20150907       3.437       2.916       3.398       1.777
20150908       2.770       2.318       2.714       1.095
20150909       2.296       1.791       2.161       1.024
20150910       1.904       1.546       1.796       0.782
20150911       1.601       1.384       1.547       0.715
20150912       1.357       1.323       1.385       0.636
20150913       2.311       1.880       1.354       0.560
20150914       6.165       8.988       1.963       0.598
20150915       6.257      21.714       6.479       0.874
20150916      16.204      15.828      19.804       8.648
20150917      10.954       7.742      14.936       8.969
20150918       8.373       6.580       7.810       7.971
20150919       6.368       5.276       6.472       3.389
20150920       4.902       4.280       5.255       2.711
20150921       3.852       3.426       4.273       2.022
20150922       3.517       3.408       3.810       1.694
20150923       4.039       4.242       3.492       1.409
20150924       4.345       3.099       3.779       1.173
20150925       8.416       7.418       5.680       2.362
20150926       8.971       6.589       6.807       1.993
20150927       7.085       4.653       5.989       2.516
20150928       5.467       3.751       4.624       2.758
20150929       4.290       3.014       3.716       2.198
20150930       3.454       1.408       3.023       1.646
20151001       2.839       1.352       2.414       1.294
20151002       2.385       1.299       1.908       1.005
20151003       2.010       1.257       1.299       0.966
20151004       1.718       1.361       1.254       0.796
20151005       1.485       1.311       1.213       0.686
20151006       1.290       1.267       1.174       0.585
20151007       1.102       1.230       1.267       0.495
20151008       0.973       1.229       1.544       0.556
20151009       0.910       1.799       2.094       0.676
20151010       0.853       1.325       1.404       0.322
20151011       0.802       1.223       1.253       0.264
20151012       0.769       1.205       1.223       0.290
20151013       0.739       1.191       1.209       0.275
20151014       0.712       1.157       1.180       0.001
20151015       0.688       1.141       1.157       0.001
20151016       0.660       1.126       1.141       0.242
20151017       0.635       1.111       1.125       0.241
20151018       0.612       1.095       1.111       0.001
20151019       0.590       1.080       1.095       0.217
20151020       0.571       1.065       1.080       0.208
20151021       0.583       1.361       1.069       0.189
20151022       1.030       3.578       1.592       0.280
20151023       5.372      12.760       3.759       0.388
20151024       6.188       5.368       7.091       0.420
20151025       9.139      16.798       6.543       1.898
20151026       9.023       7.873      10.175       9.209
20151027       7.216       6.022       7.369       6.846
20151028       5.642       4.841       5.970       6.531
20151029       4.449       3.886       4.841       4.963
20151030       3.669       3.296       3.909       4.005
20151031       3.382       3.829       3.229       3.200
20151101       3.205       2.752       3.341       3.203
20151102       2.911       2.186   -9999.000   -9999.000
20151103       2.617       1.784       2.214       2.476
20151104       2.348       1.399       1.739       2.151
20151105       2.108       1.286       1.396       1.862
20151106       1.947       1.359       1.414       2.212
20151107       3.304       3.442       2.069       2.987
20151108       7.203       8.812       3.071       5.212
20151109      16.084      21.026       8.116       6.507
20151110      18.780      22.024      17.872      14.530
20151111      12.092       8.110      15.581      14.312
20151112      10.072      12.306       9.616       9.416
20151113      13.661      23.299      12.611      10.706
20151114      15.222      21.720      21.606      14.848
20151115      13.340      15.805      19.459      13.919
20151116      13.340       8.752      17.428      13.649
20151117      16.457      24.599      12.952      11.941
20151118      16.680      19.074      19.478      17.111
20151119      15.817      29.497      15.494      14.066
20151120      11.963       8.399      21.365      15.483
20151121       8.495       6.838       8.333       7.228
20151122       6.272       5.574       6.838       7.579
20151123       4.824       4.546       5.574       5.691
20151124       4.503       3.890       5.405       4.543
20151125       5.212       4.328       3.915       3.513
20151126       5.021       3.174       4.658       5.248
20151127       8.554       5.732       4.714       6.207
20151128      16.202      20.491       5.474       5.494
20151129      16.486      15.732      12.396      16.887
20151130      13.777       9.227      12.423      12.066
20151201      10.094      14.271       8.250      10.038
20151202       9.372       7.159      13.299      19.568
20151203      14.263      19.611       7.313       6.683
20151204      39.056      49.533      28.097      29.142
20151205      76.694      77.343      50.553      29.843
20151206      22.023     102.543      80.215      58.004
20151207       0.001      45.271      82.888      69.844
20151208       0.001      17.552      39.967       0.082
20151209       0.001      34.444      26.541       0.040
20151210       0.001      40.229      30.459       0.043
20151211       0.001      25.695      28.448       0.100
20151212       0.001       9.501      18.635       0.560
20151213       0.001       7.804       9.483       0.129
20151214       0.001       6.433       7.799       0.108
20151215       0.001       5.347       6.462       0.003
20151216       0.001       4.372       5.451       0.002
20151217       0.001       5.458       5.424       0.002
20151218       0.001       8.134       5.940       0.003
20151219       0.001       7.025       7.287       0.004
20151220       0.001      44.575      10.717       0.144
20151221       0.001      20.929   -9999.000   -9999.000
20151222       0.001      20.166   -9999.000   -9999.000
20151223       0.001      29.492      23.248       0.623
20151224       0.001      21.747      25.488       0.692
20151225       0.001      47.239      16.478       0.020
20151226       0.001      17.602      31.402       1.779
20151227       0.001       8.555      14.944       0.344
20151228       0.001       7.075       8.578       0.101
20151229       0.001       5.979       7.085       0.002
20151230       0.001       8.776       7.350       0.004
20151231       0.001      16.280       9.093       0.092
20160101       0.001      26.867      11.546       0.207
20160102       0.001       9.333      17.901       0.587
20160103       0.001       7.299       8.798       0.112
20160104       0.001       6.012       7.291       0.003
20160105       0.001       4.910       6.024       0.003
20160106       0.001       4.024       4.924       0.002
20160107       0.001       3.285       4.027       0.002
20160108       0.001       2.686       3.297       0.002
20160109       0.001       2.190       2.703       0.001
20160110       0.001       1.905       2.230       0.001
20160111       0.001       1.850       1.952       0.001
20160112       0.001       1.749       1.850       0.001
20160113       0.001       1.719       1.753       0.001
20160114       0.001       1.790       1.771       0.001
20160115       0.001       1.646       1.772       0.001
20160116       0.001       1.635       1.659       0.001
20160117       0.001       1.553       1.625       0.001
20160118       0.001       1.502       1.557       0.001
20160119       0.001       1.543       1.546       1.546
20160120       0.001       1.452       1.532       1.498
20160121       0.001       1.410       1.451       1.451
20160122       0.001       1.376       1.412       1.412
20160123       0.001       1.382       1.411       1.425
20160124       0.001       1.349       1.733       1.874
20160125       0.001       1.466       2.232       2.013
20160126       0.001       4.895       2.877       2.491
20160127       0.001      50.005       6.008       4.353
20160128       0.001      33.281      37.227      33.567
20160129       0.001      31.348      29.404      27.630
20160130       0.001      32.574      23.132      22.221
20160131       0.001      16.636      23.647      22.210
20160201       0.001       7.777      14.524      14.114
20160202       0.001      48.676       8.913       8.843
20160203       0.001      50.415      31.405      28.110
20160204       0.001      12.764      35.482      32.658
20160205       0.001       8.044      13.813      13.601
20160206       0.001       7.321      12.293      11.676
20160207       0.001      47.783      12.081       9.131
20160208       0.001      54.792      36.138      34.355
20160209       0.001      46.868      39.079      35.913
20160210       0.001      16.673      34.731      32.641
20160211       0.001       8.603      14.885      14.854
20160212       0.001       7.072       8.604       8.604
20160213       0.001       5.807       7.072       7.072
20160214       0.001       4.764       5.808       5.807
20160215       0.001       3.900       4.763       4.764
20160216       0.001       3.188       3.901       3.900
20160217       0.001       2.615       3.196       3.196
20160218       0.001       2.029       2.620       2.614
20160219       0.001       1.927       2.043       2.043
20160220       0.001       2.424       2.107       2.097
20160221       0.001       2.322       2.538       2.319
20160222       0.001       2.348       2.376       2.297
20160223       0.001       3.453       2.337       2.390
20160224       0.001       3.113       2.790       2.955
20160225       0.001       2.457       2.815       2.869
20160226       0.001       2.120       2.448       2.421
20160227       0.001       1.850       2.120       2.120
20160228       0.001       1.700       1.850       1.850
20160229       0.001       1.596       1.700       1.700
20160301       0.001       1.535       1.601       1.602
20160302       0.001       1.648       1.654       1.651
20160303       0.001       1.659       1.719       1.649
20160304       0.001       1.544       1.661       1.597
20160305       0.001       1.460       1.539       1.526
20160306       0.001       1.417       1.467       1.466
20160307       0.001       1.361       1.435       1.430
20160308       0.001       1.312       1.361       1.359
20160309       0.001       1.302       1.322       1.322
20160310       0.001       1.276       1.314       1.302
20160311       0.001       1.221       1.271       1.259
20160312       0.001       1.186       1.222       1.222
20160313       0.001       1.171       1.202       1.197
20160314       0.001       1.273       1.296       1.299
20160315       0.001       1.478       2.289       1.977
20160316       0.001       1.533       2.216       1.852
20160317       0.001       1.262       2.290       1.870
20160318       0.001       2.098       2.067       1.497
20160319       0.001       1.682       1.788       1.757
20160320       0.001       2.123       1.874       1.826
20160321       0.001       2.934       2.341       2.398
20160322       0.001       3.603       2.878       3.070
20160323   -9999.000   -9999.000       4.394       4.626
20160324       0.001       4.599   -9999.000   -9999.000
20160325       0.001       3.898   -9999.000   -9999.000
20160326       0.001       4.315   -9999.000   -9999.000
20160327       0.001      32.916       7.348       7.431
20160328       0.001      18.193      24.060      21.759
20160329       0.001      55.788      30.737      30.207
20160330       0.001      14.220      36.633      33.650
20160331       0.001       8.138      13.915      14.234
20160401       0.001       6.416       7.864       7.863
20160402       0.001      10.249       6.823       6.727
20160403       0.001      15.801      10.850      10.227
20160404       0.001       9.596      12.982      11.925
20160405       0.001      11.466      10.324      10.181
20160406       0.001       6.560      10.630      10.305
20160407       0.001       7.813       8.110       8.040
20160408       0.001       5.632       7.624       7.490
20160409       0.001       4.519       5.536       5.610
20160410       0.001       3.648       4.519       4.519
20160411       0.001       3.506       3.650       3.648
20160412       0.001       2.764       3.075       3.093
20160413       0.001       2.159       2.516       2.510
20160414       0.001       1.716       2.609       2.615
20160415       0.001       2.259       2.406       2.401
20160416       0.001       1.753       2.018       1.990
20160417       0.001       1.500       1.668       1.706
20160418       0.001       2.826       1.643       1.644
20160419       0.001       7.866       4.101       4.210
20160420       0.001       5.125       5.986       5.509
20160421       0.001       4.409       4.878       4.938
20160422       0.001       4.273       4.368       0.002
20160423       0.001       3.242       3.932       0.002
20160424       0.001       2.646       3.246       0.002
20160425       0.001       2.137       2.615       0.002
20160426       0.001       1.839       2.196       0.001
20160427       0.001       1.491       1.767       0.001
20160428       0.001       1.422       1.466       0.002
20160429       0.001       1.881       1.522       0.001
20160430       0.001       2.904       1.792     173.765
20160501       0.001       5.862       2.880       0.002
20160502       0.001       5.110       4.938       0.003
20160503       0.001      31.858       7.066       0.004
20160504       0.001       7.738      19.709       0.366
20160505       0.001       6.305       7.763       0.001
20160506       0.001       5.132       6.306       0.003
20160507       0.001       4.170       5.133       0.003
20160508       0.001       3.376       4.170       0.002
20160509       0.001       2.722       3.377       0.002
20160510       0.001       2.213       2.722       0.002
20160511       0.001       1.758       2.184       0.001
20160512       0.001       1.511       1.724       0.001
20160513       0.001       1.457       1.512       0.001
20160514       0.001       1.406       1.477       0.001
20160515       0.001       1.360       1.407       0.001
20160516       0.001       1.318       1.360       0.001
20160517       0.001       1.279       1.318       0.001
20160518       0.001       1.243       1.279       0.001
20160519       0.001       1.276       1.338       0.001
20160520       0.001       1.295       1.283       0.001
20160521       0.001       1.641       1.367       0.001
20160522       0.001       3.649       1.979       0.002
20160523       3.308       5.737       3.716       0.003
20160524       5.012       3.364       4.586       0.003
20160525       4.139       2.688       3.364       4.244
20160526       3.356       2.131       2.688       4.073
20160527       2.711       1.724       2.130       3.402
20160528       2.265       1.479       1.785       2.881
20160529       1.916       1.362       1.624       2.550
20160530       1.720       1.295       1.386       2.116
20160531       2.147       4.376       2.102       3.096
20160601       2.065       2.255       3.194       1.982
20160602       1.875       1.749       3.280       2.558
20160603       1.679       1.951       2.824       2.580
20160604       1.475       1.504       1.785       1.611
20160605       1.264       1.345       1.503       1.474
20160606       1.071       1.281       1.344       1.379
20160607       0.913       1.229       1.282       1.244
20160608       0.795       1.181       1.228       1.071
20160609       0.732       1.136       1.181       0.932
20160610       0.666       1.095       1.136       0.794
20160611       0.621       1.058       1.096       0.734
20160612       0.584       1.144       1.114       0.704
20160613       0.548       1.050       1.093       0.603
20160614       0.515       1.012       1.048       0.582
20160615       0.489       0.992       1.015       0.540
20160616       0.477       1.112       1.030       0.513
20160617       0.509       1.834       1.448       0.667
20160618       0.530       1.798       3.133       1.141
20160619       0.516       1.255       1.551       0.490
20160620       0.575       1.102       1.256       0.454
20160621       0.840       6.048       1.911       0.833
20160622       1.058       2.858       4.217       0.718
20160623       1.127       2.245       2.857       0.682
20160624       1.204       1.693       2.243       0.852
20160625       1.410       2.754       2.333       1.232
20160626       2.117       2.125       2.863       1.416
20160627       4.403       3.768       2.415       1.486
20160628       5.294       3.067       3.136       2.861
20160629       5.294       2.261       2.841       3.220
20160630  -10000.000       8.342       3.494       6.300
20160701  -10000.000       4.830       5.840       8.913
20160702  -10000.000       6.870       5.165       5.058
20160703  -10000.000       9.577       6.395       6.037
20160704      10.153       5.496       7.193       6.675
20160705       7.141       4.457       5.617       5.584
20160706       5.298       3.654       4.436       4.425
20160707       4.031       2.904       3.618       5.876
20160708       3.324       3.025       3.418       4.676
20160709       2.735       2.138       2.798       3.548
20160710       2.414       1.771       2.140       2.691
20160711       3.125       3.421       2.094       2.616
20160712       4.826       4.397       3.213       2.846
20160713       4.877       3.123       3.721       2.702
20160714       4.262       2.360       3.026       3.670
20160715       3.434       1.859       2.354       3.797
20160716       2.776       1.642       1.908       3.598
20160717       2.494       2.384       1.876       3.609
20160718       2.400       1.841       2.088       2.659
20160719       2.155       1.499       1.784       2.163
20160720       1.876       1.334       1.496       2.159
20160721       1.710       1.250       1.326       1.925
20160722       1.491       1.318       1.251       1.826
20160723       1.248       1.197       1.269       1.684
20160724       1.066       1.143       1.196       1.294
20160725       0.911       1.154       1.144       1.261
20160726       0.878       1.235       1.145       1.118
20160727       4.374       1.928       1.228       0.858
20160728      12.988      23.559       3.020       1.742
20160729      10.796       7.842      12.180       3.760
20160730      10.485       7.718       7.548       8.886
20160731      10.438       7.113       6.948       3.197
