date          Qobs       Qsimobs        Qsim       Qusi
20150801      48.084      26.062      45.977      58.114
20150802      39.993      42.493      29.456      40.759
20150803      37.159      35.643      48.713      58.144
20150804      38.338      38.381      48.776      48.544
20150805     128.324      95.509      69.426      68.132
20150806      98.729      70.867      90.678     127.428
20150807     105.876      89.461      74.509     100.333
20150808      98.057      67.979      83.220      89.585
20150809      71.202      47.188      68.655      86.773
20150810      64.969      52.851      54.972      67.970
20150811      84.734      62.115      50.867      59.305
20150812      95.500      72.305      55.723      66.406
20150813      63.982      34.033      68.703      93.255
20150814      50.245      52.775      46.042      65.728
20150815      50.066      62.740      55.529      68.743
20150816      61.844      74.699      64.283      59.541
20150817      66.668      63.505      71.779      61.858
20150818      57.936      53.730      62.342      59.638
20150819      45.302      54.379      55.753      58.222
20150820      43.603      55.728      53.692      48.332
20150821      47.731      53.684      52.946      43.796
20150822      52.729      49.978      53.329      47.263
20150823      54.061      51.205      51.118      53.055
20150824      48.405      52.817      55.065      56.918
20150825      55.875      57.627      53.950      52.413
20150826     107.982      86.949      71.145      91.488
20150827     114.301      72.061      83.301      72.532
20150828      86.210      71.120      67.509      82.790
20150829      60.250      36.733      52.844      68.591
20150830      52.546      33.717      42.918      50.552
20150831      46.585      31.458      33.650      48.330
20150901      39.709      23.662      32.117      44.868
20150902      38.320      33.300      23.636      35.166
20150903      40.191      30.292      34.404      43.468
20150904      32.455      28.679      29.652      38.430
20150905      32.135      30.489      24.240      27.613
20150906      27.775      21.192      25.162      24.713
20150907      23.406      20.843      21.210      27.089
20150908      21.069      20.586      20.950      23.607
20150909      21.058      22.337      20.712      22.119
20150910      21.053      38.170      28.575      29.459
20150911      20.235      39.194      31.746      28.907
20150912      20.506      28.488      31.327      18.376
20150913      27.526      33.056      30.933      19.862
20150914      38.855      35.535      35.563      25.023
20150915      62.626      40.976      33.060      32.611
20150916      65.630      76.343      45.661      59.731
20150917      43.288      32.945      57.910      62.917
20150918      40.013      64.612      41.406      36.726
20150919      34.633      29.028      46.320      37.405
20150920      27.485      21.214      27.300      24.255
20150921      22.736      20.279      21.215      24.294
20150922      19.832      20.143      20.929      23.853
20150923      18.211      19.627      20.818      20.724
20150924      20.211      19.196      20.084      18.968
20150925      31.037      37.071      21.681      20.523
20150926      25.875      20.135      26.785      27.797
20150927      20.790      19.349      19.865      23.873
20150928      17.714      19.083      19.448      22.031
20150929      15.839      19.060      19.080      18.593
20150930      15.360      17.247      18.951      16.155
20151001      20.611      16.914      20.521      15.529
20151002      25.039      16.606      18.295      17.827
20151003      23.001      16.306      17.433      24.497
20151004      19.318      17.869      16.321      23.976
20151005      16.345      17.477      15.986      19.627
20151006      14.453      17.211      15.638      16.611
20151007      12.271      16.824      17.170      15.175
20151008      11.041      16.467      16.882      12.640
20151009       9.916      16.178      16.556      11.668
20151010       9.267      15.956      16.154      10.776
20151011       8.524      15.697      15.890       9.346
20151012       8.024      15.344      15.618       8.490
20151013       7.505      15.020      15.274       7.987
20151014       6.768      14.781      14.996       8.043
20151015       6.314      14.478      14.718       6.928
20151016       6.103      14.181      14.405       6.812
20151017       5.454      13.901      14.188       6.796
20151018       5.390      13.731      13.902       5.867
20151019       5.091      13.539      13.707       5.990
20151020       4.800      13.202      13.501       5.989
20151021       5.181      12.947      13.245       5.995
20151022       7.430      15.326      14.885       7.278
20151023      10.046      16.481      16.786       6.973
20151024       8.505      14.171      14.331      11.262
20151025       9.724      14.963      15.507       9.745
20151026       8.486      14.767      15.638      10.626
20151027       8.009      14.148      14.637       9.366
20151028       7.103      14.271      14.057       8.727
20151029       5.905      14.147      13.925       7.393
20151030       5.839      13.906      13.786       7.156
20151031      10.010      14.347      14.625       6.907
20151101      20.174      15.009      15.362       8.245
20151102      17.586      14.171   -9999.000   -9999.000
20151103      16.994      13.782      14.108      16.060
20151104      16.434      14.114      13.886      16.919
20151105      15.097      13.891      13.476      15.067
20151106      13.533      13.572      13.168      15.264
20151107      17.775      15.267      14.975      16.684
20151108      16.317      14.960      14.040      10.066
20151109      13.512      15.241      15.989      12.747
20151110      12.631      14.148      15.409      14.709
20151111      11.332      14.501      15.506      13.466
20151112      10.423      15.020      15.189      13.111
20151113       9.320      13.693      13.723       9.758
20151114       8.263      12.694      13.426       8.892
20151115       8.364      19.648      14.803       9.982
20151116       7.404      12.287      12.388       6.026
20151117       7.296      13.174      13.633       8.838
20151118       6.966      11.667      12.140       6.396
20151119       5.662      11.045      11.345       7.442
20151120       4.734      10.725      11.294       5.841
20151121       6.570      10.413      10.856       5.155
20151122      10.611      10.103      10.419       5.731
20151123      14.570       9.814      10.197       9.094
20151124      11.373      10.163      10.182      13.252
20151125       7.397       9.299      10.202      13.153
20151126       5.714       8.918       9.417       8.776
20151127       9.676      10.625      11.196      11.130
20151128      17.278       9.217      12.339      12.321
20151129      11.723       8.907       9.187       9.192
20151130       9.667       8.490       8.889       8.886
20151201       8.802       9.607       9.440       9.439
20151202       8.049       8.964       8.279       8.227
20151203       7.555       8.207       8.636       8.630
20151204       7.188       8.568       8.726       8.725
20151205       7.559      10.305       9.523       9.516
20151206       8.579       9.882      11.670      11.660
20151207       7.608      10.133       8.638       8.626
20151208       7.660       5.902       6.176       6.168
20151209       7.849       6.640       7.543       7.543
20151210       8.431       8.509       8.302       8.301
20151211       7.779      11.007      10.918      10.907
20151212       7.997       5.153       6.025       6.010
20151213       7.693       4.959       5.432       5.431
20151214       8.935       4.707       4.895       4.896
20151215      10.379       4.579       4.773       4.773
20151216      11.362       4.315       4.511       4.502
20151217      14.020       6.461       4.553       4.555
20151218      15.491       8.178       5.306       5.279
20151219      18.434       6.299       6.367       6.268
20151220      31.864       5.676       6.468       6.560
20151221      38.197       7.975   -9999.000   -9999.000
20151222      26.745       4.704   -9999.000   -9999.000
20151223      19.797       6.221       6.035       6.031
20151224      16.476       5.563       6.549       6.491
20151225      16.289       5.345       7.190       7.185
20151226      13.865       5.412       6.137       6.133
20151227      11.638       3.927       4.124       4.120
20151228      12.867       3.844       4.135       4.135
20151229      16.234       3.681       3.793       3.793
20151230      19.161       3.744       3.942       3.943
20151231      17.227       3.519       4.301       4.300
20160101      12.482       3.519       4.831       4.831
20160102      10.717       3.730       3.903       3.903
20160103      11.636       3.256       3.294       3.290
20160104      15.367       3.105       3.150       3.150
20160105      24.953       2.916       3.028       3.030
20160106      30.459       2.799       2.912       2.911
20160107      30.821       2.689       2.798       2.799
20160108      32.203       2.715       2.692       2.689
20160109      33.865       2.522       2.587       2.589
20160110      37.500       2.975       2.499       2.498
20160111      40.095       3.393       3.127       3.126
20160112      40.735       2.359       2.459       2.456
20160113      40.190       2.493       2.353       2.353
20160114      40.147       2.116       2.181       2.177
20160115      39.126       2.148       2.111       2.109
20160116      38.118       4.632       2.822       2.820
20160117      38.396       1.850       1.933       1.928
20160118      36.641       2.756       2.656       2.656
20160119      33.324       1.791       2.139       2.138
20160120      31.368       1.657       2.164       2.162
20160121      28.388       1.573       1.684       1.685
20160122      25.721       1.511       1.573       1.573
20160123      22.615       2.147       1.548       1.550
20160124      19.733       1.740       1.617       1.615
20160125      16.961       2.017       1.417       1.413
20160126      18.801       2.531       2.665       2.664
20160127      29.345       2.186       2.585       2.581
20160128      16.400       1.303       2.461       2.459
20160129      10.871       1.647       2.618       2.616
20160130       8.723       8.851       7.344       7.344
20160131       6.551       7.750       2.647       2.626
20160201       5.545       1.881       1.812       1.806
20160202       5.056       3.346       2.757       2.755
20160203       5.458       1.350       1.608       1.603
20160204      10.408       2.580       2.297       2.299
20160205       8.293       0.954       1.134       1.127
20160206       6.866       1.620       2.067       2.067
20160207       5.504       1.885       2.256       2.253
20160208       4.725       1.709       2.409       2.406
20160209       3.754       1.718       2.019       2.020
20160210       3.590       1.399       0.949       0.946
20160211       3.547       0.744       0.834       0.832
20160212       3.515       0.711       0.946       0.947
20160213       3.466       0.677       0.892       0.893
20160214       3.284       0.641       0.691       0.690
20160215       3.459       0.612       0.675       0.674
20160216       3.486       0.584       0.625       0.626
20160217       3.624       0.560       1.072       1.072
20160218       3.564       0.574       1.013       1.015
20160219       3.391       0.534       0.636       0.636
20160220       3.554       1.560       0.916       0.916
20160221       3.531       0.895       1.280       1.277
20160222       3.513       0.958       1.176       1.175
20160223       3.448       0.737       1.096       1.094
20160224       3.465       0.521       0.905       0.905
20160225       3.318       0.426       0.547       0.545
20160226       3.083       0.431       1.071       1.071
20160227       2.951       0.425       0.939       0.939
20160228       2.841       0.364       0.541       0.541
20160229       2.750       0.348       0.387       0.387
20160301       2.770       0.332       0.360       0.359
20160302       2.733       0.756       0.920       0.919
20160303       2.750       0.690       0.523       0.522
20160304       2.763       0.518       0.864       0.862
20160305       2.761       1.643       1.417       1.417
20160306       2.699       0.430       0.388       0.380
20160307       2.641       0.456       0.486       0.485
20160308       2.954       0.267       0.382       0.383
20160309       2.738       0.248       0.268       0.267
20160310       2.575       0.239       0.265       0.266
20160311       2.878       0.228       0.242       0.242
20160312       2.571       0.219       0.229       0.228
20160313       2.488       0.349       0.241       0.242
20160314       2.823       0.467       0.339       0.356
20160315       3.796       0.823       0.339       0.368
20160316       3.468       2.067       0.892       0.951
20160317       3.758       4.053       1.743       1.760
20160318       3.810       3.577       2.677       2.702
20160319       3.511       2.707       3.098       3.099
20160320       3.816       2.860       2.853       2.854
20160321       4.184       2.760       2.760       2.758
20160322       3.726       2.731       3.236       3.236
20160323   -9999.000   -9999.000       2.821       2.821
20160324       2.721       2.810   -9999.000   -9999.000
20160325       2.701       2.885   -9999.000   -9999.000
20160326       2.717       2.860   -9999.000   -9999.000
20160327       3.754       3.370       3.446       3.442
20160328       5.060       3.517       4.119       4.171
20160329       3.989       3.180       3.924       3.899
20160330       3.564       3.037       3.956       3.956
20160331       3.267       2.888       2.916       2.914
20160401       3.012       2.977       3.115       3.117
20160402       2.920       3.058       3.810       3.811
20160403       2.993       2.902       3.256       3.249
20160404       3.115       3.632       3.091       3.090
20160405       3.333       4.425       3.475       3.462
20160406       3.739       5.154       3.777       3.824
20160407       3.922       4.896       4.407       4.414
20160408       3.708       4.015       4.330       4.329
20160409       3.437       4.223       3.956       3.954
20160410       3.287       4.238       4.090       4.090
20160411       3.345       4.644       4.260       4.205
20160412       3.316       5.262       6.346       6.181
20160413       3.354      10.161       7.465       6.895
20160414       3.407       4.684       6.870       7.019
20160415       3.453       4.435       4.802       4.783
20160416       3.376       4.149       4.640       4.639
20160417       3.329       4.106       4.099       4.091
20160418       3.423       4.135       4.407       4.396
20160419       3.374       4.075       4.805       4.811
20160420       3.423       4.220       4.175       4.169
20160421       3.504       4.260       5.035       5.033
20160422       3.472       4.337       4.883       3.886
20160423       3.312       3.981       4.002       3.401
20160424       3.151       3.776       3.894       3.375
20160425       3.134       3.722       3.904       3.244
20160426       3.055       3.823       3.851       3.411
20160427       2.990       3.635       3.643       2.903
20160428       3.008       3.552       3.553       3.127
20160429       3.142       4.714       4.903       4.485
20160430       3.169       4.846       4.851       3.401
20160501       3.225       3.611       3.761       2.612
20160502       3.380       3.425       3.541       3.305
20160503       4.216       3.854       4.472       4.476
20160504       4.691       4.297       4.223       5.011
20160505       5.347       4.418       3.789       4.500
20160506       6.602       5.135       4.494       6.324
20160507       8.357       6.811       5.304       7.390
20160508      15.720      20.500       7.306      10.973
20160509      26.686      42.508      17.994      32.916
20160510      33.414      68.943      36.069      46.213
20160511      37.063      73.690      55.753      47.581
20160512      40.422      93.410      71.125      50.852
20160513      35.528      29.530      60.669      43.816
20160514      27.006      13.110      26.205      18.494
20160515      21.270      13.059      13.292      14.438
20160516      18.615      14.690      13.005      21.343
20160517      17.808      25.696      16.169      22.206
20160518      16.982      25.794      22.162      24.660
20160519      16.967      27.239      30.913      23.909
20160520      19.997      39.152      25.557      16.646
20160521      27.985      46.630      40.583      30.163
20160522      38.981      56.580      49.292      34.986
20160523      63.953      99.150      63.455      48.689
20160524      61.445      75.262      74.516      69.470
20160525      56.641      59.064      62.708      62.688
20160526      53.478      67.469      53.906      54.724
20160527      52.403      89.521      65.108      62.314
20160528      60.539     115.099      87.405      69.011
20160529      63.671      89.224      98.834      78.141
20160530      70.274      87.797      90.885      63.370
20160531     107.329     125.628      97.329      82.940
20160601     143.145     154.676     122.055     107.163
20160602     156.272     168.195     150.776     167.272
20160603     167.249     199.137     160.029     163.560
20160604     148.171     153.972     167.118     168.278
20160605     110.434     121.300     137.344     136.305
20160606     103.772     115.675     116.805     104.019
20160607     107.803     104.492     107.184      98.653
20160608     119.145      68.840      91.714      94.761
20160609      78.798      28.053      54.868      81.370
20160610      55.989      23.341      26.906      42.617
20160611      45.530      23.161      23.094      47.248
20160612      40.772      30.787      27.784      52.776
20160613      46.132      39.999      31.449      46.368
20160614      50.798      57.675      38.676      56.513
20160615      58.863      54.708      51.616      62.468
20160616      61.565      50.627      56.108      60.111
20160617      70.200      74.127      53.279      60.160
20160618      91.767      78.522      68.060      77.818
20160619      81.754      46.456      59.699      73.297
20160620      56.786      27.701      41.018      61.024
20160621      66.886      50.286      40.740      61.995
20160622      65.618      43.553      44.411      67.736
20160623      61.363      34.469      48.034      67.584
20160624      68.685      44.565      38.594      58.209
20160625      98.741     107.283      55.384      91.395
20160626     105.573      72.954      89.938      93.339
20160627     176.010     111.290      80.182      96.093
20160628     129.257      58.700      85.852     140.993
20160629      88.609      39.889      53.528      83.010
20160630      78.915      49.511      44.290      73.428
20160701      85.238      44.003      51.391      71.911
20160702      74.488      44.239      44.748      80.915
20160703      66.340      37.773      45.726      67.974
20160704      51.590      25.229      32.318      51.263
20160705      46.907      31.791      29.152      50.276
20160706      47.159      45.639      36.316      57.559
20160707      43.491      22.861      38.344      44.073
20160708      40.230      29.773      25.258      36.367
20160709      49.197      58.180      45.021      69.376
20160710      52.442      38.855      47.598      52.273
20160711      56.298      64.101      55.592      63.871
20160712      64.647      56.260      64.584      57.829
20160713      73.281     154.921      61.677      67.298
20160714      73.313      88.183     101.018      76.460
20160715      63.943      55.773      69.033      52.762
20160716      62.594      56.132      64.200      60.641
20160717      63.194      34.257      55.901      54.858
20160718      50.200      37.046      34.626      52.034
20160719      45.235      36.716      38.946      49.125
20160720      54.766      54.490      39.137      50.005
20160721      74.074      49.701      51.589      54.906
20160722      89.408      59.718      54.574      71.957
20160723     104.560      81.121      65.569      93.850
20160724      88.575      66.747      80.008      89.716
20160725      80.685      71.903      65.791      75.562
20160726      93.148      62.834      77.718      87.469
20160727      78.338      44.263      57.509      64.495
20160728     101.386      62.043      66.816      78.721
20160729      87.075      36.705      51.657      63.489
20160730      79.410      81.314      50.157      80.123
20160731      67.743      54.987      64.230      73.788
