date          Qobs       Qsimobs        Qsim       Qusi
20150801       3.745       4.224       4.767       5.197
20150802       7.891       9.226       5.417       4.518
20150803       8.028       5.755       8.747       8.680
20150804       7.846       5.209       6.018       8.406
20150805      13.321      16.989       6.793       7.819
20150806      11.499       9.155      11.770      14.727
20150807      10.039       7.307       9.516      10.147
20150808       8.440       6.482       7.269       7.965
20150809       7.074       5.832       6.477       7.613
20150810       6.182       5.156       5.842       6.216
20150811       6.160       5.027       5.327       5.755
20150812       5.977       5.556       4.909       5.254
20150813       5.329       4.594       5.104       5.716
20150814       4.786       4.149       4.591       4.914
20150815       4.506       4.108       4.158       4.191
20150816      24.089      45.282       5.714       5.921
20150817      20.265      32.146      31.734      31.440
20150818      15.639      16.025      26.269      21.158
20150819      12.296      11.399      16.073      11.602
20150820      10.091       9.344      11.409       9.090
20150821       8.655       8.425       9.356       8.220
20150822       7.570       7.586       8.424       7.860
20150823       6.655       6.816       7.587       6.892
20150824       6.951       6.220       6.827       6.367
20150825      34.846      19.989       8.392       8.081
20150826      39.651      35.514      16.577      26.631
20150827      52.090      46.161      32.157      37.005
20150828      43.064      30.491      42.376      43.255
20150829      32.877      19.265      27.667      29.480
20150830      26.540      15.706      18.937      21.486
20150831      21.640      11.381      15.054      16.129
20150901      19.546      10.056      11.787      14.936
20150902      66.395      42.784      28.193      34.842
20150903      83.222      66.343      44.865      56.141
20150904      58.726      42.882      52.963      57.918
20150905      42.433      24.121      38.623      40.636
20150906      32.523      16.561      24.116      26.482
20150907      25.012      12.477      16.549      21.091
20150908      19.444      11.089      12.330      17.527
20150909      15.445      10.050      10.957      17.733
20150910      12.531       9.108      10.055      14.293
20150911      10.377       8.250       9.113      11.680
20150912       9.099       7.652       8.278       9.646
20150913      17.606      28.349       9.676       9.755
20150914      51.517      52.945      28.963      28.096
20150915      96.687     100.327      56.720      58.339
20150916      63.615      73.817      86.212      88.550
20150917      64.133      55.793      79.267      71.456
20150918      53.932      52.058      55.146      51.442
20150919      38.553      27.978      49.589      43.371
20150920      29.122      18.692      27.949      27.279
20150921      22.695      14.073      18.691      19.892
20150922      22.384      13.529      14.504      15.370
20150923      22.822      27.675      15.904      18.669
20150924      20.396      14.058      21.497      19.994
20150925      21.388      25.927      17.602      17.129
20150926      18.434      16.225      21.837      20.921
20150927      15.007      12.393      15.206      13.976
20150928      12.615      11.288      12.396      12.194
20150929      10.847      10.261      11.265      11.810
20150930       9.459       7.642      10.238      10.099
20151001       8.311       6.935       9.328       8.814
20151002       7.314       6.290       8.474       7.635
20151003       6.339       5.701       6.291       6.799
20151004       5.570       6.355       5.702       5.883
20151005       4.934       5.775       5.176       5.083
20151006       4.461       5.254       4.709       4.364
20151007       4.172       4.800       5.269       4.240
20151008       4.525       5.628       5.253       4.508
20151009      10.183      10.571       6.171       4.803
20151010      12.261      10.233       9.330      10.476
20151011      10.680       8.775       9.512      12.427
20151012      10.064       9.802       8.753      10.332
20151013       9.535       9.307       8.915       9.724
20151014       8.389       8.042       8.564       9.131
20151015       7.447       7.271       8.098       7.774
20151016       6.688       6.579       7.327       6.883
20151017       6.015       5.946       6.583       6.069
20151018       5.438       5.374       5.953       5.583
20151019       4.915       4.769       5.379       5.011
20151020       4.469       4.172       4.852       4.511
20151021       4.111       4.001       4.401       4.124
20151022       3.959       4.348       3.997       3.905
20151023       3.921       4.482       3.920       3.848
20151024       3.503       3.899       4.146       3.941
20151025       3.963       5.388       4.166       3.359
20151026       3.875       4.314       4.862       3.890
20151027       3.622       3.881       4.296       3.671
20151028       3.396       3.411       3.883       3.408
20151029       3.148       3.076       3.508       3.146
20151030       2.924       2.909       3.179       2.835
20151031       3.126       3.963       2.854       2.772
20151101       3.287       3.285       3.555       3.128
20151102       3.079       2.938   -9999.000   -9999.000
20151103       2.804       2.661       2.938       2.870
20151104       2.641       2.442       2.661       2.612
20151105       2.578       2.281       2.439       2.476
20151106       2.818       3.246       2.920       2.856
20151107       7.598       4.658       3.602       3.881
20151108      13.197      15.356       4.907       7.614
20151109      21.266      26.267       8.846      18.309
20151110      19.664      22.376      21.108      22.524
20151111      15.544      12.652      19.178      18.034
20151112      13.641      14.500      12.817      11.395
20151113      21.692      29.306      12.876      13.157
20151114      21.347      18.827      24.683      22.376
20151115      17.871      15.905      18.359      17.331
20151116      18.757      13.168      24.476      19.331
20151117      18.031      12.158      13.848      14.884
20151118      15.874      12.351      13.704      17.955
20151119      15.021      12.231      11.612      14.692
20151120      13.206       9.828      11.114      13.442
20151121      11.162       8.890       9.806      11.832
20151122       9.612       8.060       8.891      10.273
20151123       9.241       7.161       8.060       8.832
20151124       7.465       6.530       7.388       9.167
20151125       6.890       6.074       6.704       6.858
20151126       6.153       5.448       6.336       6.677
20151127       6.260       5.765       6.733       6.673
20151128      10.992      15.369       5.629       5.971
20151129      12.225      10.035      10.642      13.318
20151130      11.013       9.366       9.982      11.209
20151201       9.669       9.431       9.204      10.511
20151202       8.731       8.453      10.180      11.863
20151203       9.412       8.482       8.441       8.005
20151204      28.926       8.695      10.450      10.981
20151205      47.172      43.437      14.936      35.790
20151206      67.049     104.488      28.486      60.496
20151207      49.472      72.754      82.202      81.953
20151208      39.893      40.922      64.796      45.938
20151209      45.335      52.916      44.227      32.296
20151210      41.870      48.517      45.913      40.925
20151211      37.060      39.239      41.669      35.921
20151212      29.274      21.845      35.311      29.048
20151213      23.285      15.067      21.848      20.081
20151214      18.881      12.372      15.067      16.570
20151215      15.487      11.267      12.380      15.239
20151216      13.032      10.331      11.269      13.831
20151217      11.588       9.636      11.396      12.880
20151218      12.642       9.376      11.353      12.443
20151219      13.605      10.731      10.695      13.358
20151220      18.323      28.662      14.987      18.138
20151221      21.494      33.815   -9999.000   -9999.000
20151222      21.180      25.985   -9999.000   -9999.000
20151223      24.270      27.315      23.851      19.025
20151224      30.207      33.690      26.644      22.769
20151225      44.517      63.108      28.248      24.601
20151226      32.524      32.858      50.088      43.526
20151227      25.549      20.876      31.802      24.074
20151228      21.067      14.373      20.802      17.994
20151229      17.671      12.472      14.378      15.076
20151230      16.574      12.740      13.006      16.151
20151231      19.182      24.268      12.464      16.142
20160101      18.200      17.456      17.982      21.752
20160102      16.236      14.805      16.207      14.005
20160103      12.831      11.574      14.504      13.023
20160104      11.334      10.563      11.544      11.159
20160105       9.948       9.676      10.554      10.575
20160106       9.847       8.848       9.669       9.037
20160107       9.814       8.112       8.844       8.711
20160108       9.166       7.461       8.120       8.762
20160109       8.287       6.830       7.463       8.282
20160110       7.426       6.669       6.901       8.002
20160111       7.754       6.399       6.710       6.947
20160112       6.459       5.713       6.338       7.255
20160113       5.644       5.341       5.724       6.109
20160114       5.546       5.103       5.373       5.354
20160115       5.895       4.653       5.073       5.030
20160116       6.585       4.330       4.700       5.403
20160117       8.593       4.063       4.338       5.953
20160118      10.416       3.833       4.064       7.615
20160119      11.912       3.713       3.836       3.834
20160120      12.822       3.566       3.702       3.687
20160121      11.101       3.472       3.567       3.566
20160122       9.685       3.393       3.458       3.459
20160123       8.018       3.482       3.419       3.416
20160124       5.815       3.325       3.552       3.543
20160125       4.625       3.307       4.224       3.736
20160126       6.864       4.420       3.596       3.414
20160127       9.850      11.794       4.334       4.020
20160128      10.425      17.541       9.926       8.922
20160129      12.100      16.470      14.665      13.852
20160130      15.655      45.354      13.594      13.634
20160131      12.343      20.927      32.906      29.252
20160201      10.354      13.910      20.870      21.681
20160202      10.846      15.983      14.417      16.279
20160203      10.613      16.944      14.802      13.138
20160204       9.239      11.136      14.471      13.879
20160205       8.311       9.524      10.932      12.880
20160206       8.832       9.209      10.458      13.404
20160207      18.150      13.144      10.370      10.280
20160208      21.582      23.683      12.559      12.236
20160209      17.510      16.575      19.406      16.892
20160210      13.573      12.336      15.566      14.713
20160211      11.160       9.683      11.963      11.944
20160212      11.236       8.749       9.671       9.670
20160213      10.724       8.023       8.749       8.749
20160214       9.508       7.371       8.023       8.023
20160215       9.703       6.780       7.371       7.371
20160216       9.569       6.245       6.780       6.780
20160217       6.125       5.720       6.253       6.253
20160218       5.225       5.303       5.776       5.772
20160219       4.847       4.993       5.364       5.366
20160220       4.846       5.209       5.083       5.117
20160221       5.131       5.059       5.126       5.111
20160222       6.109       4.916       5.016       5.074
20160223       6.764       4.595       4.851       4.831
20160224       6.441       4.440       4.573       4.575
20160225       6.324       4.109       4.356       4.354
20160226       5.952       3.886       4.091       4.091
20160227       4.513       3.693       3.887       3.887
20160228       3.925       3.517       3.693       3.693
20160229       3.440       3.373       3.518       3.517
20160301       2.538       3.232       3.371       3.373
20160302       2.572       3.495       3.326       3.326
20160303       2.864       3.709       3.542       3.469
20160304       3.006       3.655       3.548       3.458
20160305       3.825       3.444       3.590       3.541
20160306       2.810       3.509       3.483       3.475
20160307       2.886       3.409       3.551       3.496
20160308       2.979       3.248       3.397       3.370
20160309       2.609       3.183       3.267       3.266
20160310       2.638       3.124       3.190       3.181
20160311       3.841       3.030       3.113       3.103
20160312       2.528       2.954       3.029       3.030
20160313       2.332       2.920       2.957       2.957
20160314       4.524       4.156       3.995       4.068
20160315       7.746       4.769       5.333       5.884
20160316       8.916       4.901       5.887      10.039
20160317      10.787       6.073       6.966      11.469
20160318      11.797      16.419       7.303      13.357
20160319       9.991      10.563      11.576      18.765
20160320       9.131       9.111      10.301      10.608
20160321       8.428       8.714       9.289       8.940
20160322       7.744       9.747       8.696       8.328
20160323   -9999.000   -9999.000       9.351       8.165
20160324       7.523      10.348   -9999.000   -9999.000
20160325       6.109       8.799   -9999.000   -9999.000
20160326       5.921       8.172   -9999.000   -9999.000
20160327      21.311      15.214       9.459       7.914
20160328      34.852      22.945      13.453      21.225
20160329      46.323      31.554      19.171      35.721
20160330      27.385      18.040      27.029      39.087
20160331      18.749      12.184      16.667      22.093
20160401      14.244       9.933      12.133      14.040
20160402      12.230       9.396      10.051      13.405
20160403      11.624      10.273       9.949      13.019
20160404      12.921      10.971      10.175      11.714
20160405      21.417      19.009      13.147      15.739
20160406      25.933      21.956      18.325      23.726
20160407      25.698      19.051      18.129      24.947
20160408      22.930      16.784      17.050      22.790
20160409      19.943      11.798      14.727      18.881
20160410      17.709       9.795      12.362      17.039
20160411      16.357      11.691       9.827      15.754
20160412      16.163      10.958      11.233      17.542
20160413      16.562      17.694      11.969      17.561
20160414      16.208      19.136      15.452      20.211
20160415      17.756      23.504      18.203      17.311
20160416      17.955      17.372      18.678      17.194
20160417      18.141      19.850      16.820      16.601
20160418      17.144      20.941      18.218      18.586
20160419      17.556      17.983      18.068      16.535
20160420      16.975      21.316      17.090      15.692
20160421      16.717      21.599      19.635      18.428
20160422      17.158      19.922      18.325      15.901
20160423      14.958      12.104      16.763      14.569
20160424      13.273       8.950      11.887      10.664
20160425      12.106       7.943       9.003      10.293
20160426      11.024       7.442       8.044      10.991
20160427       9.869       7.152       7.465      10.387
20160428       9.072       6.771       7.105       9.857
20160429       8.596       6.307       6.813       8.567
20160430       9.907       6.843       6.472       8.021
20160501      11.221       7.466       6.911       9.674
20160502      11.583      11.076       7.710      12.177
20160503      20.784      22.138      11.085      19.348
20160504      23.015      18.781      18.670      22.036
20160505      21.519      23.429      18.654      24.580
20160506      22.145      23.827      21.989      24.547
20160507      25.016      30.115      24.296      23.713
20160508      31.227      35.232      30.324      27.494
20160509      35.519      38.099      35.170      34.225
20160510      36.507      39.079      38.081      37.649
20160511      38.151      37.696      38.478      36.434
20160512      38.547      32.685      36.099      35.516
20160513      36.652      29.446      31.997      34.011
20160514      32.800      22.076      27.640      31.639
20160515      27.815      16.619      20.929      24.875
20160516      23.400      14.837      16.735      21.846
20160517      20.042      15.054      14.855      21.131
20160518      17.749      14.342      14.660      19.197
20160519      16.257      13.382      14.119      15.720
20160520      15.951      13.664      13.349      14.471
20160521      16.482      13.463      12.965      13.854
20160522      20.647      20.936      14.146      16.695
20160523      25.009      30.473      22.796      23.297
20160524      22.584      20.054      26.067      25.167
20160525      20.189      17.004      19.680      18.132
20160526      17.839      14.028      16.561      17.291
20160527      15.440      12.697      14.161      15.534
20160528      13.384      11.864      13.580      15.061
20160529      11.634      10.482      11.596      11.573
20160530      15.654      11.356      10.387      10.733
20160531      20.841      34.439      16.199      17.730
20160601      16.878      16.377      27.090      25.986
20160602      13.786      13.361      18.163      15.624
20160603      11.640      11.308      13.494      12.689
20160604       9.961       9.457      11.263      10.238
20160605       8.526       7.972       9.452       8.598
20160606       7.306       6.761       7.981       7.138
20160607       6.305       5.971       6.761       6.356
20160608       5.454       5.314       5.968       5.710
20160609       4.722       4.777       5.291       5.048
20160610       4.065       4.322       4.775       4.421
20160611       3.471       3.962       4.589       4.100
20160612       3.059       3.593       4.072       3.421
20160613       2.629       3.271       3.599       2.870
20160614       2.382       2.961       3.266       2.490
20160615       2.259       2.726       2.982       2.177
20160616       2.469       3.324       3.281       2.570
20160617       2.678       4.346       3.595       2.683
20160618       2.507       4.605       4.038       2.811
20160619       2.338       3.722       3.936       2.560
20160620       2.689       3.363       3.710       2.181
20160621       3.803       6.050       4.339       2.844
20160622       2.811       4.270       5.126       4.069
20160623       2.464       3.888       4.281       2.753
20160624       2.432       3.567       3.890       2.442
20160625       2.616       4.569       3.731       2.252
20160626       5.112       4.852       5.410       3.526
20160627       8.925       7.322       4.888       4.024
20160628       7.659       5.407       6.352       9.502
20160629       6.475       4.862       5.410       7.078
20160630      11.034       6.583       5.699       6.566
20160701      13.044       6.742       6.134       9.928
20160702      15.511      12.369       7.068      11.916
20160703      15.531      11.417      10.542      16.278
20160704      12.019       7.889      10.177      14.290
20160705       9.509       6.939       7.894       9.841
20160706       7.784       6.278       7.088       8.397
20160707       6.489       5.651       6.274       7.255
20160708       5.586       5.131       5.678       6.181
20160709       4.876       4.651       5.127       5.216
20160710       4.424       4.214       4.648       4.423
20160711       4.836       6.575       4.393       3.981
20160712       6.058       5.730       5.983       4.797
20160713       5.299       4.875       5.506       5.870
20160714       5.252       5.452       5.941       5.674
20160715       5.019       4.638       5.838       5.876
20160716       4.931       4.353       4.627       4.415
20160717       4.477       3.988       4.277       4.565
20160718       3.897       3.579       4.012       4.202
20160719       3.363       3.231       3.577       3.570
20160720       2.931       2.915       3.236       3.140
20160721       2.624       2.624       2.915       2.716
20160722       2.495       2.451       2.719       2.435
20160723       2.477       2.457       2.488       2.377
20160724       2.315       2.365       2.538       2.478
20160725       2.373       4.320       2.273       2.204
20160726       3.643       4.332       2.730       2.423
20160727       5.130       3.571       3.973       3.420
20160728       9.489       7.178       4.468       5.516
20160729      11.759       4.862       5.890      10.066
20160730      19.960      15.068       5.051       8.557
20160731      15.215       9.415      10.627      23.994
