date          Qobs       Qsimobs        Qsim       Qusi
20150801      48.303      65.716      67.542      49.151
20150802      41.771      65.259      66.497      49.835
20150803      52.449      63.809      64.888      44.072
20150804      56.409      62.070      63.123      47.972
20150805      65.589     120.236      67.064      59.508
20150806      70.953      85.903      90.325      84.088
20150807      70.225      84.761      86.996      67.624
20150808      69.889      76.742      81.988      68.006
20150809      67.850      71.894      76.669      65.770
20150810      73.145      67.095      71.873      64.025
20150811      81.405      65.324      67.876      66.347
20150812      75.644      66.927      65.838      73.957
20150813      74.716      63.658      65.341      76.268
20150814      64.726      62.257      63.657      73.665
20150815      48.172      61.736      62.257      65.310
20150816      36.057      61.244      61.740      50.714
20150817      33.919      60.706      61.280      37.589
20150818      27.319      60.166      60.722      32.124
20150819      22.225      59.653      60.178      27.432
20150820      25.336      59.156      59.655      22.637
20150821      26.273      58.668      59.155      24.508
20150822      19.013      58.193      58.667      25.425
20150823      22.418      57.738      58.194      19.284
20150824      24.841      57.244      57.742      20.423
20150825      30.299      58.217      57.391      25.730
20150826      44.630     116.367      59.230      30.196
20150827      62.616     118.008      81.049      61.007
20150828      79.420     109.564     105.028      72.974
20150829      94.049      97.698     103.886      76.254
20150830      93.905      90.450      97.645      85.760
20150831      93.583      80.115      90.051      87.660
20150901      93.530      73.622      83.103      86.552
20150902     111.288     104.295      81.555      88.147
20150903     144.186     173.371     108.219     130.290
20150904     159.504     133.536     123.798     149.545
20150905     169.891     148.838     131.271     142.445
20150906     154.156     123.349     135.039     167.284
20150907     112.208     110.771     122.925     141.889
20150908     100.888      99.628     110.145     106.058
20150909      99.892      91.967      99.226      90.204
20150910      99.322      84.247      91.258      92.742
20150911      99.396      77.589      83.614      91.582
20150912      99.744      72.164      77.661      91.058
20150913      98.062     104.159      74.182      91.049
20150914      88.177     107.845      85.593     109.140
20150915     123.729     154.934     104.509      91.504
20150916     212.177     282.805     170.306     159.102
20150917     253.284     219.859     235.834     270.026
20150918     301.203     305.927     222.998     231.165
20150919     287.093     238.394     261.622     310.474
20150920     258.876     211.663     238.378     258.379
20150921     207.182     186.391     212.539     235.988
20150922     172.111     165.538     188.428     191.702
20150923     144.661     173.264     177.039     170.453
20150924     111.976     145.706     164.825     143.826
20150925     110.561     171.125     157.640     110.306
20150926     111.706     140.011     155.628     113.450
20150927     104.578     122.557     139.254     101.981
20150928     103.358     106.888     122.453      93.642
20150929     103.195      93.730     107.330      90.862
20150930      88.214      68.666      94.148      91.409
20151001      85.577      68.110      83.406      78.978
20151002      75.236      67.556      76.718      75.602
20151003      65.999      67.065      67.591      76.110
20151004      64.967      69.684      67.052      65.976
20151005      65.035      69.110      66.539      62.204
20151006      65.657      68.826      66.062      65.563
20151007      61.763      68.530      68.752      64.987
20151008      61.362      67.919      68.390      62.934
20151009      62.070      67.503      68.147      60.719
20151010      52.220      67.344      67.614      63.274
20151011      58.263      67.068      67.344      53.136
20151012      64.730      66.447      66.865      56.910
20151013      65.358      66.135      66.503      65.788
20151014      65.457      65.653      66.136      64.697
20151015      46.493      65.228      65.607      64.916
20151016      44.947      64.812      65.221      50.671
20151017      34.557      64.413      64.815      46.189
20151018      36.138      64.024      64.410      34.603
20151019      47.446      63.642      64.026      35.972
20151020      61.388      63.250      63.665      47.802
20151021      67.592      62.875      63.261      63.210
20151022      47.807      63.125      62.973      67.333
20151023      34.918      63.069      63.313      49.965
20151024      37.051      62.545      62.713      36.475
20151025      37.653      62.504      62.701      39.480
20151026      41.227      62.059      62.423      39.636
20151027      52.587      61.684      62.085      43.559
20151028      58.892      61.292      61.678      54.325
20151029      69.884      60.946      61.317      58.258
20151030      53.504      60.613      60.981      61.033
20151031      36.029      60.785      60.697      52.830
20151101      29.829      61.064      60.833      39.879
20151102      37.677      60.466   -9999.000   -9999.000
20151103      47.376      60.126      60.394      30.153
20151104      47.393      59.853      60.127      44.185
20151105      55.947      59.537      59.807      45.457
20151106      65.396      59.260      59.487      45.046
20151107      48.472      61.046      59.812      59.124
20151108      37.491      61.564      60.362      49.284
20151109      45.969      62.147      61.121      39.431
20151110      63.050      61.468      62.447      42.482
20151111      76.179      61.232      61.687      64.938
20151112      68.804      61.065      61.319      73.987
20151113      65.876      61.105      61.223      68.966
20151114      60.041      60.559      61.330      64.988
20151115      53.470      62.299      60.755      58.141
20151116      57.623      60.993      61.720      54.433
20151117      60.413      62.444      61.411      54.820
20151118      59.798      61.082      63.016      58.843
20151119      56.160      60.721      61.187      58.360
20151120      52.903      60.372      60.711      56.403
20151121      46.564      60.057      60.380      52.540
20151122      55.343      59.744      60.056      47.390
20151123      72.864      59.458      59.770      53.532
20151124      56.506      59.341      59.529      68.093
20151125      56.338      58.982      59.291      56.728
20151126      55.313      58.708      59.070      53.567
20151127      33.732      58.684      59.163      54.446
20151128      27.961      59.813      58.865      36.154
20151129      29.172      60.323      59.849      31.913
20151130      33.858      59.605      60.447      31.122
20151201      47.835      59.326      59.627      35.471
20151202      59.755      59.372      59.442      46.141
20151203      47.584      59.312      59.448      61.650
20151204      45.748      60.831      59.760      48.941
20151205      44.089      60.445      61.561      47.255
20151206      45.017      62.712      61.285      44.264
20151207      44.690      62.056      61.747      45.415
20151208      55.206      61.389      62.051      43.570
20151209      61.692      61.555      61.607      54.924
20151210      54.475      61.760      61.531      58.736
20151211      51.048      62.270      61.910      54.754
20151212      47.367      61.299      62.261      50.114
20151213      50.682      60.976      61.362      47.066
20151214      66.072      60.640      60.978      47.286
20151215      87.579      60.328      60.642      64.020
20151216      85.030      59.957      60.318      79.293
20151217      80.011      60.144      60.082      79.881
20151218      66.870      60.397      60.372      77.704
20151219      46.335      60.393      60.990      66.334
20151220      46.867      60.826      60.658      47.897
20151221      47.850      62.795   -9999.000   -9999.000
20151222      50.134      62.033   -9999.000   -9999.000
20151223      53.830      62.490      62.183      51.528
20151224      27.534      62.049      62.435      51.414
20151225       0.000      62.605      62.587      40.929
20151226      21.635      62.017      62.470      31.456
20151227      44.491      61.591      62.186       0.000
20151228      57.921      61.497      61.713      44.957
20151229      59.876      61.083      61.520      57.072
20151230      60.218      60.914      61.142      59.461
20151231      60.129      60.737      60.924      59.490
20160101      55.840      60.578      60.825      59.719
20160102      46.178      60.838      60.686      56.453
20160103      47.849      60.290      60.874      48.766
20160104      59.268      59.890      60.315      46.257
20160105      70.253      59.745      59.907      56.233
20160106      58.953      59.454      59.758      63.394
20160107      74.898      59.200      59.460      59.474
20160108      64.877      59.042      59.194      71.103
20160109      64.754      59.043      59.001      64.286
20160110      64.332      59.523      59.441      61.960
20160111      64.498      60.181      59.909      64.572
20160112      63.556      59.116      60.322      62.215
20160113      67.031      59.109      59.217      64.119
20160114      68.013      58.766      59.255      63.424
20160115      69.073      58.356      58.794      66.660
20160116      70.775      59.119      58.689      66.223
20160117      70.712      58.186      59.084      68.046
20160118      70.681      57.892      58.213      70.023
20160119      66.826      57.584      57.916      68.951
20160120      71.218      57.264      57.588      63.014
20160121      71.976      56.954      57.264      66.690
20160122      71.992      56.655      56.959      69.974
20160123      72.374      56.829      56.684      67.966
20160124      72.182      56.336      56.882      68.025
20160125      72.310      56.084      56.498      69.566
20160126      72.325      55.918      56.161      68.270
20160127      63.847      56.117      56.092      70.907
20160128      60.527      56.135      56.190      61.618
20160129      58.669      55.664      56.271      59.062
20160130      41.276      57.811      56.153      59.968
20160131      44.611      56.782      57.837      42.065
20160201      59.118      56.049      56.527      41.814
20160202      71.458      56.703      56.481      57.352
20160203      63.995      56.271      56.888      68.262
20160204      63.616      55.788      56.394      63.997
20160205      64.197      55.466      55.812      62.358
20160206      58.461      55.722      55.639      64.401
20160207      51.897      56.673      55.920      56.907
20160208      51.391      56.432      56.837      55.044
20160209      71.388      57.745      56.429      49.014
20160210      68.367      56.292      57.910      68.689
20160211      67.444      55.933      56.279      66.675
20160212      65.826      55.582      55.942      63.064
20160213      59.720      55.256      55.610      64.905
20160214      59.311      54.943      55.259      59.485
20160215      68.588      54.616      54.941      58.744
20160216      74.279      54.307      54.618      63.642
20160217      75.035      53.982      54.311      71.552
20160218      75.019      53.697      54.020      72.226
20160219      74.890      53.411      53.735      72.637
20160220      59.942      54.187      53.629      72.218
20160221      45.516      53.657      53.759      60.384
20160222      47.656      53.154      53.683      47.295
20160223      52.313      52.875      53.238      46.370
20160224      59.662      52.577      52.949      49.633
20160225      60.016      52.296      52.579      56.184
20160226      68.078      52.020      52.308      58.525
20160227      62.652      51.761      52.036      63.750
20160228      48.020      51.537      51.756      61.041
20160229      56.823      51.321      51.516      50.639
20160301      71.916      51.061      51.254      55.374
20160302      60.893      51.941      51.333      69.598
20160303      55.454      51.609      52.333      60.401
20160304      36.880      51.420      51.801      57.878
20160305      45.651      51.751      51.693      38.698
20160306      39.719      51.268      52.000      41.459
20160307      39.601      51.171      51.345      41.327
20160308      48.393      50.734      51.246      40.213
20160309      59.793      50.491      50.750      46.189
20160310      61.236      50.228      50.460      57.151
20160311      60.726      49.974      50.201      59.782
20160312      61.219      49.720      49.974      58.470
20160313      44.595      49.488      49.754      60.972
20160314      53.311      49.863      49.762      46.800
20160315      67.232      50.256      50.028      48.779
20160316      67.592      50.271      50.421      62.017
20160317      60.312      50.933      50.495      66.125
20160318      46.790      51.284      50.669      57.192
20160319      43.261      50.635      50.942      48.391
20160320      32.912      50.456      50.666      43.967
20160321      38.838      50.258      50.454      35.476
20160322      45.620      50.284      50.303      39.438
20160323   -9999.000   -9999.000      50.114      44.795
20160324      39.871      49.982   -9999.000   -9999.000
20160325      28.765      49.796   -9999.000   -9999.000
20160326      20.910      49.638   -9999.000   -9999.000
20160327      15.261      50.033      49.854      22.664
20160328      26.404      50.368      50.102      16.572
20160329      39.838      50.808      50.768      24.258
20160330      50.805      50.346      51.031      40.785
20160331      63.315      50.050      50.349      48.807
20160401      61.904      49.968      50.094      62.216
20160402      48.955      50.248      50.221      61.079
20160403      36.993      49.830      50.321      51.409
20160404      46.591      50.157      50.060      38.660
20160405      53.258      50.820      50.659      47.916
20160406      62.132      50.338      51.023      47.775
20160407      64.816      50.262      50.572      61.456
20160408      56.075      50.242      50.559      63.266
20160409      55.160      50.028      50.431      54.980
20160410      47.590      49.749      50.025      54.914
20160411      56.376      49.765      49.754      46.720
20160412      58.610      49.560      49.566      54.017
20160413      67.388      49.143      49.369      57.805
20160414      69.938      49.158      49.744      61.834
20160415      70.159      49.211      49.494      68.087
20160416      59.957      48.987      49.356      66.472
20160417      41.384      48.708      48.974      59.062
20160418      40.219      48.766      48.727      43.462
20160419      41.066      48.735      48.753      41.307
20160420      45.216      48.797      48.641      40.050
20160421      42.906      48.758      48.738      44.771
20160422      44.185      48.638      48.692      42.947
20160423      37.959      48.378      48.598      45.422
20160424      37.953      48.170      48.430      39.910
20160425      35.234      48.098      48.268      37.785
20160426      25.944      48.486      48.377      35.468
20160427      15.231      47.988      48.311      30.611
20160428      17.537      47.846      47.926      16.999
20160429      21.369      48.690      48.589      19.593
20160430      21.980      48.958      49.510      22.705
20160501      18.737      48.765      49.192      24.065
20160502      22.228      48.668      48.829      20.566
20160503      23.222      49.013      48.988      23.114
20160504      26.093      49.646      49.242      23.727
20160505      24.655      49.250      49.833      26.197
20160506      22.520      49.485      49.257      29.038
20160507      29.766      49.693      49.393      21.234
20160508      28.591      50.072      49.741      28.700
20160509      36.798      52.106      50.072      28.048
20160510      44.536      60.898      51.950      38.192
20160511      50.354      66.206      60.392      52.349
20160512      58.532      70.576      65.550      52.835
20160513      53.596      76.160      69.289      62.585
20160514      56.958      66.199      71.256      56.154
20160515      66.786      62.928      66.197      53.276
20160516      85.287      59.658      61.723      62.871
20160517      87.469      61.865      60.053      80.103
20160518      87.091      60.457      61.561      88.333
20160519      90.630      66.400      62.691      90.252
20160520      98.876      70.208      65.551      92.350
20160521     102.692      83.421      69.862      98.947
20160522     102.146      85.420      79.339     105.241
20160523      99.382     110.321      87.600     106.824
20160524     103.360     102.398      99.758     110.107
20160525     102.624     100.995      99.310     102.881
20160526     105.334      92.229      97.544      98.409
20160527     102.817      91.108      92.509      98.179
20160528      99.507     100.832      94.379     100.824
20160529      77.570     106.357     100.070     104.821
20160530      86.021     105.398     103.458      86.055
20160531      86.524     104.484     104.689      88.740
20160601      94.831     107.492     105.998      89.954
20160602     101.092     108.499     111.341      98.686
20160603     100.283     109.445     110.531     102.453
20160604     101.387     103.750     107.566      97.205
20160605     100.777      97.568     102.559      95.581
20160606      98.852      92.568      97.546      97.020
20160607      82.688      87.866      92.776      92.334
20160608      68.738      82.464      87.765      77.953
20160609      62.452      77.030      82.339      67.114
20160610      67.312      73.386      77.089      60.376
20160611      67.029      68.504      73.019      64.317
20160612      55.945      65.124      68.722      60.960
20160613      63.122      62.784      65.408      55.459
20160614      51.056      60.667      62.919      58.297
20160615      32.438      58.258      60.490      53.002
20160616      27.922      59.962      58.730      34.506
20160617      36.017      57.509      58.895      27.327
20160618      36.522      59.946      57.969      36.531
20160619      30.725      56.676      58.727      38.766
20160620      45.047      54.706      56.536      30.391
20160621      61.338      63.174      56.848      43.247
20160622      54.080      57.532      57.712      62.069
20160623      45.309      55.582      57.529      53.159
20160624      44.415      53.777      55.586      41.862
20160625      38.756      59.514      57.179      47.076
20160626      52.473      55.229      56.400      41.169
20160627      56.994      92.342      59.113      52.292
20160628      66.317      76.877      71.769      64.624
20160629      79.436      70.913      74.953      63.302
20160630      87.323      72.481      71.640      75.981
20160701      86.053      75.637      73.450      84.957
20160702      77.403      74.367      74.419      86.668
20160703      65.982      75.126      74.843      79.106
20160704      70.693      70.193      73.979      65.465
20160705      70.387      67.960      70.911      66.452
20160706      70.976      66.942      69.199      69.593
20160707      67.084      62.967      65.636      64.980
20160708      66.269      60.397      62.884      61.044
20160709      47.162      59.741      61.258      62.233
20160710      45.332      57.985      59.649      50.118
20160711      56.753      59.027      59.248      44.367
20160712      59.889      60.034      59.939      57.365
20160713      51.081      62.004      60.498      62.258
20160714      48.254      66.229      62.914      54.310
20160715      61.681      63.059      65.545      50.308
20160716      54.761      61.955      62.583      59.697
20160717      37.900      59.763      61.738      60.680
20160718      28.462      58.625      59.914      39.088
20160719      33.665      57.006      58.437      30.353
20160720      29.032      56.803      57.029      33.961
20160721      30.300      56.190      56.765      30.663
20160722      36.802      55.909      56.278      30.874
20160723      36.857      55.996      56.307      38.311
20160724      33.105      56.122      56.363      38.687
20160725      33.833      56.806      56.098      34.650
20160726      41.382      60.885      57.351      35.388
20160727      46.732      57.535      58.801      41.417
20160728      62.889      63.684      58.597      45.526
20160729      71.399      59.209      59.999      62.809
20160730      73.920      65.027      60.673      68.715
20160731      64.665      62.682      62.607      71.275
