date          Qobs       Qsimobs        Qsim       Qusi
20150801      41.087      39.615      53.356      49.445
20150802      34.928      38.553      38.771      34.540
20150803      37.971      51.229      37.849      34.975
20150804      33.697      37.978      44.123      39.334
20150805      46.790      49.363      38.091      33.769
20150806      62.542      52.169      45.134      43.310
20150807      48.911      42.535      43.909      47.966
20150808      47.215      86.431      38.255      40.763
20150809      47.374     125.052      62.010      47.066
20150810      45.343      47.752      89.631      53.860
20150811      51.669      45.476      44.023      31.371
20150812      89.029      94.345      50.173      51.178
20150813      68.123      54.938      72.125      73.332
20150814      54.494      47.339      47.370      48.689
20150815      49.109      39.424      42.182      49.209
20150816      63.570      53.167      38.766      43.378
20150817      56.655      41.067      43.888      57.144
20150818      47.298      40.210      39.378      53.883
20150819      42.036      40.797      38.143      46.182
20150820      39.567      43.623      37.564      42.335
20150821      39.757      45.089      38.436      36.600
20150822      39.344      45.611      38.299      36.451
20150823      39.728      39.996      41.733      37.276
20150824      39.747      46.686      38.132      36.757
20150825      40.126      45.593      40.476      37.379
20150826      41.732      46.409      39.989      35.617
20150827      57.699      50.048      42.139      39.025
20150828     103.526      53.699      47.240      45.413
20150829     127.161      54.479      53.888      79.957
20150830     118.419      54.124      73.847      96.656
20150831      88.132      66.098      66.856      90.595
20150901      50.331      42.869      51.777      68.842
20150902      31.878      31.338      34.639      40.653
20150903      23.360      28.472      31.088      33.293
20150904      18.425      26.509      26.829      22.529
20150905      15.956      27.776      26.258      20.823
20150906      15.188      35.852      26.402      16.945
20150907      14.643      28.190      31.958      16.753
20150908      13.971      24.995      28.579      16.337
20150909      12.532      25.122      25.728      14.841
20150910      12.382      23.842      25.274      13.316
20150911      12.892      21.567      23.404      13.364
20150912      14.921      21.359      21.696      11.729
20150913      19.724      23.789      21.107      14.665
20150914      25.791      27.698      21.514      17.264
20150915      30.707      29.171      22.445      25.136
20150916      34.294      34.893      26.044      28.520
20150917      31.944      31.672      30.285      35.092
20150918      40.164      35.431      33.736      34.799
20150919      60.243      55.032      33.802      37.295
20150920      71.549     102.665      65.451      58.088
20150921      39.376      34.399      78.963      73.862
20150922      28.582      31.049      32.526      27.574
20150923      22.062      28.593      30.514      29.530
20150924      18.950      26.837      29.284      25.800
20150925      23.116      26.851      26.044      20.218
20150926      49.252      52.449      31.458      23.197
20150927      48.490      53.573      39.227      38.194
20150928      29.175      31.690      40.900      40.966
20150929      32.464      34.083      32.003      31.343
20150930      59.731      82.425      52.565      44.888
20151001      84.804      92.698      81.526      72.849
20151002     130.438      67.489      73.669      84.161
20151003      58.238      53.205      42.575      56.656
20151004      40.359      43.806      39.086      49.325
20151005      23.924      30.428      35.584      30.540
20151006      15.292      24.915      29.697      26.958
20151007      11.280      21.208      24.894      14.791
20151008       8.975      17.723      20.742      11.759
20151009       7.531      14.783      17.298       8.410
20151010       6.587      12.415      14.785       7.446
20151011       9.523      16.431      14.663       8.524
20151012      11.099      16.434      16.170       9.350
20151013      18.961      17.395      17.367      12.154
20151014      23.677      32.061      19.472      13.559
20151015      50.806      34.851      29.052      32.876
20151016      51.556     130.063      36.547      29.352
20151017      60.614      54.028      94.344      79.651
20151018      38.895      51.285      45.190      37.094
20151019      27.481      35.540      39.805      39.996
20151020      23.698      29.609      35.068      29.453
20151021      30.413      31.761      31.755      25.460
20151022      38.566      31.108      34.143      27.745
20151023      33.542      43.028      31.209      36.954
20151024      25.381      30.174      33.956      37.287
20151025      31.882      42.592      29.967      25.935
20151026      23.764      31.956      35.622      27.372
20151027      15.198      24.776      29.838      25.745
20151028      10.454      20.476      24.511      15.081
20151029       8.613      16.922      20.553       9.837
20151030       7.737      14.425      17.283       8.547
20151031      10.450      11.768      16.257       8.797
20151101      40.730      31.971      21.222      12.475
20151102      58.646      40.846   -9999.000   -9999.000
20151103      58.816      66.413      43.300      51.238
20151104      60.393      90.010      58.411      73.906
20151105      35.554      40.010      44.853      48.964
20151106      22.825      31.347      38.032      31.853
20151107      16.155      27.325      31.912      22.053
20151108      16.350      27.693      29.324      27.922
20151109      13.411      23.640      24.210      29.810
20151110      11.784      24.646      23.476      13.544
20151111      11.670      21.624      22.089      11.872
20151112       9.052      18.258      20.184      10.844
20151113       7.313      15.011      17.056       8.787
20151114       6.188      14.839      14.878       7.401
20151115       5.018      12.140      13.600       6.667
20151116       4.176       9.866      11.568       5.060
20151117       3.769       8.819       9.866       4.333
20151118       3.572       7.355       8.249       3.676
20151119       3.352       5.999       6.855       3.337
20151120       2.948       4.978       5.999       2.915
20151121       2.557       4.065       4.978       2.724
20151122       2.272       3.386       4.065       2.505
20151123       2.395       2.804       3.386       1.866
20151124       2.260       2.335       2.803       2.036
20151125       2.232       2.620       2.334       2.240
20151126       2.623       1.912       2.199       3.591
20151127       4.977       6.415       1.911       4.441
20151128       4.346       6.709       6.093       6.402
20151129       3.669       4.835       5.492       4.785
20151130       3.563       4.146       4.836       3.506
20151201       3.937       3.424       4.051       3.077
20151202       3.931       2.845       3.366       3.200
20151203       3.791       5.087       2.845       4.800
20151204       5.275      17.160       3.842       4.441
20151205       3.658       9.792      12.034       7.859
20151206       3.604      20.328       9.322       4.857
20151207       3.816      12.936      11.457       4.543
20151208       3.618      12.128      11.361       3.307
20151209       4.141      14.656      11.385       4.941
20151210       4.809      29.550      11.553       4.342
20151211       4.204      17.728      12.819       5.725
20151212       4.366      23.925      15.174       3.455
20151213       3.615      13.382      16.132       4.338
20151214       3.582      11.063      13.382       3.720
20151215       3.557       9.146      11.063       3.560
20151216       3.556       7.636       9.146       3.594
20151217       3.556       6.313       7.561       3.367
20151218       3.495       8.308       7.216       4.193
20151219       6.317       6.909       6.673       5.045
20151220       9.000      21.528      10.577       8.917
20151221      20.663      31.784   -9999.000   -9999.000
20151222      14.621      27.983   -9999.000   -9999.000
20151223       9.539      16.631      19.865      14.447
20151224       9.396      34.116      17.677      11.883
20151225       9.754      38.288      18.501       8.971
20151226       5.577      17.277      20.040       6.914
20151227       6.048      14.268      17.277       7.162
20151228       5.644      11.783      14.268       4.377
20151229       4.627       9.702      11.783       5.790
20151230       4.141       9.227       9.789       4.582
20151231       3.829       9.921       8.826       4.063
20160101       3.481      11.398       8.024       4.069
20160102       3.134      10.448       9.285       3.872
20160103       2.055       8.722       9.395       3.559
20160104       2.282       6.995       8.458       2.463
20160105       3.908       5.759       6.995       1.886
20160106       7.434       4.774       5.759       2.743
20160107       9.403       3.929       4.774       4.687
20160108      10.850       3.235       3.958       6.765
20160109      21.086       2.693       3.258       6.803
20160110      28.590       2.218       2.693      11.512
20160111      27.048       1.833       2.218      17.139
20160112      21.368       1.508       1.833       1.833
20160113      15.526       1.263       1.526       1.526
20160114      14.050       1.086       1.278       1.278
20160115      11.760       0.934       1.086       1.086
20160116       9.443       0.803       0.934       0.934
20160117       6.571       0.691       0.803       0.803
20160118       4.172       0.594       0.691       0.691
20160119       2.672       0.511       0.594       0.594
20160120       1.657       0.439       0.511       0.511
20160121       0.996       0.378       0.439       0.439
20160122       0.686       0.325       0.378       0.378
20160123       0.421       0.037       0.325       0.325
20160124       0.205       0.032       0.279       0.279
20160125       0.127       0.027       0.240       0.240
20160126       0.420       0.177       0.027       0.027
20160127       0.794       1.388       0.023       0.023
20160128       0.213       0.546       0.458       0.583
20160129       0.122       0.414       0.517       0.509
20160130       0.217       3.705       0.414       0.414
20160131       0.202       3.688       1.399       1.562
20160201       0.130       2.529       3.826       4.032
20160202       0.096       2.086       2.529       2.529
20160203       0.066       1.720       2.163       2.163
20160204       0.062       1.418       1.720       1.720
20160205       0.062       1.170       1.418       1.418
20160206       0.056       0.939       1.170       1.170
20160207       0.045       0.784       0.939       0.939
20160208       0.082       0.658       0.784       0.784
20160209       0.093       1.219       0.655       0.655
20160210       0.071       0.826       0.850       0.953
20160211       0.045       0.684       0.826       0.823
20160212       0.024       0.569       0.669       0.669
20160213       0.003       0.474       0.569       0.569
20160214       0.006       0.375       0.474       0.474
20160215       0.014       0.323       0.375       0.375
20160216       0.458       0.278       0.323       0.323
20160217       0.944       0.237       0.278       0.278
20160218       0.932       0.455       0.239       0.239
20160219       0.896       0.235       0.234       0.285
20160220       0.833       0.203       0.236       0.235
20160221       0.733       0.253       0.203       0.203
20160222       0.661       0.179       0.208       0.206
20160223       0.667       0.154       0.177       0.177
20160224       0.854       0.132       0.154       0.154
20160225       0.764       0.114       0.132       0.132
20160226       0.714       0.098       0.114       0.114
20160227       0.796       0.084       0.098       0.098
20160228      21.643       0.072       0.084       0.084
20160229      25.643       0.062       0.072       0.072
20160301       1.777       0.054       0.062       0.062
20160302       1.134       0.046       0.054       0.054
20160303       0.945       0.040       0.046       0.046
20160304       0.714       0.326       0.040       0.040
20160305       0.605       0.199       0.105       0.105
20160306       0.566       0.118       0.138       0.138
20160307       0.535       0.022       0.117       0.118
20160308       0.510       0.019       0.102       0.101
20160309       0.481       0.016       0.087       0.087
20160310       0.460       0.014       0.016       0.016
20160311       0.465       0.012       0.014       0.014
20160312       0.496       0.014       0.012       0.012
20160313       0.515       0.016       0.011       0.012
20160314       0.589       0.012       0.207       0.288
20160315       2.898       1.578       0.330       7.424
20160316      46.050      10.583       1.509       3.814
20160317      56.848       9.317       2.956      35.776
20160318      31.394       5.912       8.467      14.017
20160319      15.852       4.825       5.912      27.136
20160320       7.605       3.945       4.825      13.689
20160321       5.529       3.255       3.945       6.851
20160322       4.401       3.255       3.255       4.492
20160323   -9999.000   -9999.000       2.686       3.594
20160324       2.740       1.823   -9999.000   -9999.000
20160325       2.340       1.484   -9999.000   -9999.000
20160326       2.310       1.247   -9999.000   -9999.000
20160327       2.687       2.549       1.243       2.819
20160328       4.728      11.354       2.294       3.697
20160329       6.101       9.946       5.767       5.447
20160330       7.249      11.457       8.768       7.376
20160331       5.303       7.843       9.404       7.134
20160401       3.357       6.481       8.550       5.778
20160402       2.346       5.298       6.471       3.684
20160403       3.152       7.217       5.298       2.486
20160404       4.445       5.079       6.052       2.908
20160405       3.530       4.175       5.750       4.597
20160406       3.210       6.254       4.860       3.404
20160407       3.117       6.019       4.984       4.097
20160408       4.691       4.531       4.989       3.021
20160409       4.611       3.724       4.540       3.766
20160410       3.480       3.130       3.732       4.575
20160411       2.759       2.874       3.105       2.939
20160412       2.563       2.827       2.717       2.724
20160413       2.270       2.230       2.573       2.388
20160414       1.951       1.913       2.222       2.101
20160415       1.949       1.555       1.865       1.512
20160416       1.940       1.643       1.555       1.613
20160417       1.845       1.374       1.453       1.888
20160418       1.850       1.698       1.336       1.646
20160419       2.152       1.957       1.406       1.961
20160420       2.284       1.662       1.639       1.832
20160421       2.916       3.173       1.539       2.162
20160422       3.492       5.828       2.351       2.846
20160423       3.036       3.802       3.292       3.594
20160424       2.870       3.114       3.802       2.917
20160425       2.510       2.586       3.114       2.301
20160426       2.303       1.522       2.798       2.447
20160427       2.480       1.730       2.364       2.175
20160428       3.904       2.816       2.311       3.011
20160429      11.441       5.500       2.886       4.761
20160430      14.305       9.139       4.380       6.386
20160501      10.140      10.877       7.624      20.571
20160502       9.734      13.223       9.533      12.834
20160503      12.835      16.324      12.014       9.963
20160504      18.179      19.585      15.349      14.402
20160505      15.136      18.297      16.649      17.778
20160506      13.875      20.347      18.115      18.165
20160507      14.472      19.779      19.932      17.456
20160508      18.177      20.895      19.760      15.452
20160509      16.697      19.666      18.720      15.538
20160510      14.906      18.674      18.445      19.096
20160511      12.288      16.522      17.475      15.263
20160512      11.407      16.966      16.488      13.902
20160513      11.468      15.481      15.593      11.230
20160514      10.146      15.283      14.288      11.852
20160515      10.788      13.944      13.966      11.944
20160516      10.168      13.273      12.702       9.719
20160517       9.731      14.785      12.124      11.503
20160518       7.747      10.802      13.403      10.354
20160519       6.446       9.089      10.785       6.755
20160520       6.678       8.076       9.033       6.206
20160521      12.747      15.052      10.454       7.777
20160522      15.326      15.397      13.395      12.558
20160523      27.625      24.520      16.090      17.399
20160524      26.971      23.141      21.391      27.122
20160525      27.898      25.626      21.681      25.383
20160526      25.751      22.845      22.613      27.303
20160527      26.785      25.804      22.853      25.656
20160528      33.019      30.549      25.085      26.010
20160529      41.613      38.994      29.001      31.541
20160530      51.758      46.006      34.281      40.761
20160531      55.815      47.417      39.723      48.512
20160601      62.608      45.690      41.070      48.768
20160602      58.704      43.536      40.580      53.092
20160603      45.348      41.321      38.484      50.765
20160604      33.376      36.279      37.128      44.911
20160605      24.092      31.659      34.481      34.974
20160606      19.592      29.489      31.065      25.316
20160607      30.044      32.324      29.427      22.060
20160608      33.456      50.390      31.534      24.288
20160609      23.026      34.214      37.448      39.898
20160610      18.744      30.097      32.748      26.007
20160611      18.889      30.477      29.658      19.365
20160612      19.512      29.979      28.856      18.431
20160613      17.928      27.978      28.433      20.302
20160614      17.976      28.154      26.596      19.693
20160615      17.513      27.550      26.496      18.157
20160616      19.667      29.807      27.214      20.711
20160617      30.715      31.666      29.617      21.819
20160618      40.912      34.581      30.855      25.346
20160619      40.773      50.589      33.163      40.644
20160620      34.935      54.569      44.373      43.937
20160621      32.645      36.791      39.867      34.795
20160622      40.960      43.411      38.346      30.832
20160623      38.867      37.633      36.885      38.242
20160624      43.569      63.918      37.344      37.100
20160625      41.328      37.430      44.225      38.848
20160626      39.129      37.562      36.481      34.348
20160627      62.792      58.741      38.598      43.449
20160628      71.662      58.651      49.632      53.207
20160629      52.023      37.516      42.997      52.683
20160630      51.278      44.255      36.255      46.371
20160701      63.341      59.583      46.018      53.730
20160702      62.467      49.483      47.441      55.009
20160703      67.030      61.706      63.962      69.563
20160704      53.857      42.716      48.515      52.553
20160705      40.530      38.151      35.829      39.806
20160706      35.622      35.650      35.019      39.923
20160707      36.406      33.473      34.114      34.383
20160708      30.326      32.471      32.559      33.651
20160709      26.748      31.727      31.599      32.524
20160710      26.602      30.886      30.425      26.335
20160711      28.686      29.338      29.789      26.301
20160712      34.574      37.952      30.278      28.745
20160713      38.473      42.602      34.343      36.333
20160714      36.491      31.410      33.611      35.628
20160715      30.978      30.275      30.389      30.062
20160716      25.730      29.749      28.860      32.126
20160717      24.062      31.238      29.664      28.623
20160718      27.674      50.075      32.193      26.810
20160719      27.899      31.341      33.306      23.537
20160720      24.495      31.688      30.345      25.758
20160721      29.798      34.553      30.394      26.729
20160722      41.023      48.854      35.128      27.620
20160723      43.768      45.854      42.039      39.322
20160724      42.829      49.734      43.130      43.709
20160725      41.601      39.465      40.395      40.261
20160726      44.764      40.863      36.558      36.475
20160727      55.324      67.534      53.869      54.436
20160728      48.193      37.299      48.592      45.672
20160729      48.274      56.324      41.109      36.228
20160730      40.187      40.648      44.170      44.706
20160731      41.382      48.603      49.273      44.510
