date          Qobs       Qsimobs        Qsim       Qusi
20150801      60.646     102.290     103.367      53.139
20150802      54.119     103.712     103.078      57.664
20150803      45.786     101.318     103.116      62.769
20150804      47.828     100.663     101.816      39.489
20150805      77.227     149.060     109.712      54.550
20150806     112.126     112.260     129.601      67.490
20150807      94.166     111.633     113.401     102.651
20150808      87.623     106.620     110.698      98.997
20150809      79.850     105.475     106.410      81.779
20150810      79.021     104.630     105.666      81.172
20150811      74.988     104.564     104.722      76.922
20150812      65.986     105.928     104.636      73.608
20150813      77.317     103.630     105.388      64.680
20150814      84.636     103.139     103.703      63.300
20150815      84.904     102.717     103.119      81.803
20150816      89.000     103.464     102.855      77.303
20150817      80.280     103.000     103.114      88.221
20150818      74.753     102.055     102.728      79.546
20150819      73.020     100.778     101.980      72.785
20150820      69.992     100.379     101.232      72.868
20150821      70.094      99.816     100.233      67.453
20150822      68.918      99.222      99.678      66.575
20150823      66.431      98.558      99.108      67.691
20150824      62.353      98.225      98.456      65.186
20150825      71.249     101.347      98.677      64.965
20150826     129.303     220.833     111.046      75.987
20150827     176.524     184.655     200.429     168.016
20150828     226.368     153.047     181.057     159.069
20150829     173.170     126.125     146.260     194.381
20150830     135.103     118.557     127.702     157.213
20150831     110.514     115.364     118.592     130.135
20150901     104.700     110.645     114.695     109.421
20150902     157.667     173.049     115.627     109.368
20150903     397.095     185.046     181.806     155.633
20150904     306.995     139.120     166.543     343.540
20150905     229.379     132.135     134.387     251.012
20150906     173.748     121.431     127.112     191.983
20150907     142.377     116.190     121.079     171.650
20150908     127.935     111.717     116.798     140.524
20150909     111.495     107.914     112.882     128.916
20150910     102.958     106.926     107.845     110.675
20150911      97.427     105.840     106.400     103.962
20150912      98.980     105.181     105.417      99.328
20150913     117.076     120.661     105.704      98.893
20150914     153.774     121.802     117.483     107.105
20150915     271.315     156.843     122.214     153.850
20150916     550.245     233.607     176.954     265.570
20150917     446.558     167.089     218.019     488.812
20150918     443.495     193.813     174.748     362.392
20150919     317.020     146.782     174.600     361.201
20150920     233.417     137.379     144.929     264.219
20150921     195.288     128.826     137.309     211.411
20150922     168.988     122.481     129.412     183.832
20150923     170.412     130.487     127.177     169.205
20150924     165.228     120.354     126.415     157.562
20150925     165.031     126.341     124.432     168.766
20150926     156.087     118.827     123.893     156.202
20150927     139.376     113.477     118.483     151.906
20150928     128.420     111.247     113.381     139.453
20150929     127.337     109.598     111.272     126.005
20150930     123.405     103.551     109.643     123.673
20151001     118.046     102.726     108.670     124.834
20151002     106.258     101.900     107.682     120.040
20151003     109.566     101.007     101.892     109.978
20151004     108.972     104.194     100.753     103.472
20151005     107.982     102.812      99.602     109.572
20151006     108.793     101.954      98.405     106.142
20151007     106.985     100.987     101.806     104.618
20151008     112.682      99.552     100.941     106.288
20151009     136.233      99.209     100.056     109.611
20151010     132.931      98.056      98.990     125.397
20151011     132.663      97.256      97.842     134.988
20151012     132.007      96.391      97.025     129.175
20151013     121.376      95.337      96.447     130.444
20151014     117.282      94.776      95.197     121.245
20151015     119.863      94.309      94.735     116.988
20151016     120.333      93.868      94.316     116.430
20151017     121.297      93.421      93.864     115.242
20151018     119.657      93.002      93.429     121.553
20151019     116.831      92.559      92.997     113.151
20151020     117.653      92.159      92.590     113.133
20151021     110.843      91.887      92.199     116.475
20151022     100.853      92.265      92.101     106.846
20151023     111.406      94.844      92.658     100.673
20151024     116.125      92.313      92.862     102.889
20151025     105.925      92.727      92.672     116.590
20151026     115.728      92.556      92.757     101.078
20151027     119.567      91.956      92.410     114.045
20151028     117.379      91.232      91.983     114.972
20151029     123.908      90.862      91.559     114.597
20151030     126.863      90.536      91.204     119.457
20151031     123.374      91.736      90.910     120.576
20151101     122.330      92.289      91.754     120.585
20151102     115.201      90.940   -9999.000   -9999.000
20151103     119.270      90.576      90.935     123.119
20151104     121.160      90.257      90.555     109.056
20151105     124.912      89.899      90.248     126.772
20151106     123.008      89.665      89.910     120.805
20151107     116.189      96.092      91.616     126.114
20151108     102.649      93.017      92.652     118.766
20151109     108.383      94.913      95.480     114.523
20151110     114.888      92.524      94.846      99.624
20151111     122.323      92.239      92.662     104.029
20151112     120.437      92.402      92.511     116.274
20151113     125.309      93.785      92.873     117.915
20151114      99.846      92.398      93.665     121.377
20151115     102.634     101.438      92.911     100.470
20151116     115.155      95.583      99.368     100.587
20151117     118.456      96.224      96.639     111.501
20151118     121.136      93.729      98.653     121.329
20151119     118.245      93.299      95.005     114.334
20151120     125.605      92.844      93.302     121.528
20151121     120.244      92.452      92.847     117.139
20151122     119.553      92.053      92.453     117.288
20151123     123.428      91.751      92.047     115.264
20151124     127.510      91.537      91.806     115.646
20151125     127.310      91.114      91.515     123.555
20151126     118.088      90.768      93.233     124.475
20151127     113.285      95.907      96.787     125.401
20151128     104.809     108.372      93.668     109.835
20151129      89.320     100.058     105.377     104.875
20151130     113.320      93.692      99.773      89.514
20151201     112.868      92.658      94.455      99.489
20151202     104.531      93.076      95.194     113.851
20151203     108.184      94.447      92.988     101.129
20151204     108.046      95.659      96.142     104.998
20151205      87.064     101.775     104.762     120.997
20151206      70.067     147.168     104.439      96.217
20151207     106.800     142.871     137.965      74.818
20151208     128.201     128.952     138.528     106.432
20151209     117.558     131.988     131.272     126.943
20151210     105.316     137.383     129.346     115.585
20151211     105.693     147.039     133.624     105.331
20151212     115.847     132.517     143.088     102.951
20151213     124.386     126.525     132.560     110.512
20151214     128.242     120.721     126.499     120.333
20151215     125.012     114.810     120.725     121.452
20151216     121.263     107.974     114.820     122.302
20151217     122.245     104.463     110.816     117.090
20151218     128.720     105.325     110.589     116.089
20151219     100.444     109.547     110.295     127.261
20151220      75.818     128.800     114.003     107.435
20151221     107.084     139.497   -9999.000   -9999.000
20151222     122.842     127.708   -9999.000   -9999.000
20151223     121.590     129.354     127.801     113.761
20151224     113.639     122.788     130.144     116.454
20151225      73.404     130.742     122.258     109.149
20151226      99.746     121.172     125.968      76.958
20151227     129.680     114.530     120.987      84.569
20151228     135.385     110.223     114.632     120.346
20151229     129.913     107.335     110.125     127.500
20151230     120.122     105.050     107.468     126.167
20151231     115.178     105.900     105.165     116.673
20160101     123.718     102.564     104.707     108.933
20160102     121.749     102.344     102.683     116.368
20160103     122.377     101.481     101.983     119.633
20160104     124.987     100.921     101.480     119.763
20160105     125.470     100.384     100.925     120.576
20160106     126.408      99.869     100.383     122.063
20160107     128.490      99.246      99.858     123.384
20160108     126.164      98.795      99.331     125.892
20160109     128.231      98.382      98.873     121.319
20160110     131.096      99.050      98.476     121.895
20160111     134.627      99.481      98.925     127.767
20160112     125.818      98.400      99.335      98.917
20160113     129.362      98.181      98.542      98.485
20160114     138.086      98.006      98.340      98.226
20160115     136.643      97.331      97.943      97.789
20160116     141.339      98.741      97.805      97.779
20160117     146.625      97.364      98.468      97.900
20160118     161.840      96.943      97.388      97.380
20160119     181.375      96.510      97.003      96.970
20160120     198.306      95.970      96.504      96.476
20160121     214.047      95.487      95.969      95.967
20160122     224.092      95.003      95.485      95.484
20160123     210.970      95.611      95.089      95.082
20160124     177.901      94.756      95.803      95.294
20160125     173.511      95.023     101.301     100.233
20160126     145.738     107.887      96.162      95.966
20160127     128.485     117.619     102.227     102.405
20160128     136.342     114.426     111.694     111.730
20160129     141.926     109.066     112.258     112.367
20160130     114.894     141.859     109.632     109.739
20160131     142.963     124.650     124.273     122.267
20160201     161.617     118.981     124.355     124.192
20160202     140.195     116.630     119.876     120.043
20160203     142.834     112.387     116.360     115.773
20160204     146.421     107.995     112.026     111.882
20160205     152.728     104.065     107.810     107.879
20160206     140.467     102.207     104.670     106.922
20160207     122.236     106.934     104.081     105.124
20160208     113.634     113.000     104.382     104.070
20160209     124.063     118.139     108.171     109.126
20160210     132.650     109.352     115.284     112.582
20160211     136.754     106.335     109.233     109.278
20160212     124.807     103.545     106.327     106.314
20160213     122.952     100.853     103.582     103.580
20160214     118.418      98.599     100.854     100.856
20160215     117.500      97.635      98.600      98.596
20160216     124.352      97.111      97.635      97.635
20160217     117.585      94.967      97.181      97.184
20160218     121.432      94.521      96.685      96.671
20160219     123.233      94.079      96.222      96.203
20160220     107.606      94.121      94.338      94.320
20160221      97.508      93.930      94.337      94.198
20160222     111.131      93.369      93.956      93.855
20160223     109.576      93.031      93.428      93.380
20160224     106.375      92.591      93.099      93.045
20160225     115.305      92.178      92.605      92.605
20160226     111.107      91.767      92.191      92.184
20160227     104.334      91.366      91.781      91.777
20160228     101.340      90.982      91.372      91.371
20160229     111.488      90.618      90.973      90.975
20160301     111.130      90.309      90.588      90.588
20160302     108.087      92.086      90.785      90.759
20160303     113.828      91.844      92.169      91.520
20160304     113.476      91.768      91.870      91.537
20160305     117.718      92.108      91.952      91.730
20160306     114.423      91.514      92.201      91.812
20160307     107.153      91.487      91.569      91.508
20160308     110.522      90.776      91.561      91.339
20160309     105.276      90.283      90.858      90.848
20160310      99.831      89.853      90.333      90.325
20160311     107.640      89.439      90.274      90.423
20160312     108.853      89.019      90.072      89.856
20160313      96.678      89.792      89.287      89.073
20160314     102.377     109.661      97.635      99.742
20160315     112.261     117.421     112.538     114.243
20160316     114.704     118.600     121.050     114.311
20160317     100.589     121.175     120.610     118.764
20160318     112.652     119.576     118.516     104.547
20160319     120.977     111.814     119.493     104.706
20160320     103.965     106.402     111.827     114.867
20160321     107.572     102.056     106.368     100.513
20160322     100.735     102.434     102.213     101.585
20160323   -9999.000   -9999.000      98.919      96.073
20160324     106.111      95.297   -9999.000   -9999.000
20160325      98.183      92.874   -9999.000   -9999.000
20160326      93.918      90.933   -9999.000   -9999.000
20160327      90.407      95.370      91.824      96.380
20160328      92.667      95.078      93.205      91.514
20160329      97.947      97.920      96.538      91.114
20160330     104.795      93.416      96.128      95.438
20160331     105.361      91.338      93.209      98.850
20160401      97.462      89.747      91.483     104.249
20160402      85.237      89.747      90.171      98.305
20160403      76.215      89.277      89.748      87.523
20160404      86.155      90.217      89.645      82.306
20160405      94.898     101.167      92.793      82.310
20160406      96.563      95.342      97.024      93.703
20160407      92.454      93.606      94.574      93.343
20160408     103.670      94.895      94.045      85.169
20160409     102.657      91.902      93.384      97.049
20160410      87.432      91.215      91.754     103.584
20160411      91.142      91.228      91.238      93.996
20160412     103.030      90.880      90.888      82.386
20160413      97.574      89.884      90.543     100.459
20160414      91.315      91.433      91.545      97.657
20160415      91.413      91.283      91.389      93.618
20160416      74.949      90.572      91.171      93.607
20160417      55.240      90.125      90.520      78.465
20160418      57.935      89.945      90.163      64.849
20160419      54.573      90.061      90.239      54.490
20160420      53.628      90.074      89.912      56.354
20160421      59.728      89.769      89.775      51.117
20160422      53.253      89.333      89.655      63.913
20160423      56.378      88.945      89.266      53.460
20160424      50.600      88.746      89.146      59.825
20160425      69.413      88.842      88.826      54.760
20160426      73.213      89.012      88.894      58.963
20160427      78.406      88.477      88.892      73.627
20160428      84.047      88.130      88.319      76.370
20160429      63.953      90.133      90.584      91.296
20160430      55.773      94.603      91.297      72.772
20160501      53.049      90.109      93.053      53.269
20160502      54.090      91.162      89.850      60.888
20160503      51.443      95.999      93.240      51.923
20160504      67.065      96.856      94.776      52.773
20160505      75.223      95.587      95.073      52.835
20160506      81.395      98.044      94.552      76.043
20160507      91.343      98.320      97.248      74.646
20160508     109.880     106.571      99.324      90.358
20160509     158.537     108.412     105.119     102.388
20160510     212.556     112.180     108.899     150.851
20160511     253.282     169.008     112.145     215.950
20160512     291.041     158.418     151.646     317.742
20160513     316.645     175.688     159.695     275.909
20160514     266.044     122.447     151.284     283.469
20160515     195.888     111.685     119.298     225.163
20160516     151.345     108.564     111.251     191.679
20160517     156.006     106.983     108.693     159.575
20160518     164.592     108.112     107.541     148.371
20160519     175.385     121.368     109.346     156.390
20160520     197.699     132.175     120.736     186.433
20160521     232.297     151.449     135.081     209.006
20160522     243.018     161.342     141.341     229.649
20160523     357.143     229.986     159.349     245.202
20160524     358.431     216.957     218.656     332.844
20160525     292.607     204.276     197.561     338.403
20160526     234.626     192.699     173.589     244.373
20160527     197.196     212.196     175.769     215.799
20160528     178.772     231.994     218.348     221.381
20160529     180.758     200.267     218.289     174.500
20160530     191.956     191.315     200.483     153.918
20160531     212.726     194.470     198.549     176.027
20160601     225.329     191.808     198.678     200.892
20160602     230.036     182.605     201.930     222.816
20160603     208.475     160.787     193.447     220.244
20160604     179.527     143.092     161.364     186.089
20160605     160.717     125.595     136.721     149.431
20160606     142.652     116.538     125.829     143.195
20160607     133.309     111.341     116.574     129.567
20160608     147.748     108.644     107.557     123.399
20160609     147.309     104.316     105.793     132.263
20160610     111.568     102.914     104.246     149.883
20160611      89.830     100.962     102.824     113.148
20160612      80.146      99.677     101.093      94.865
20160613      61.500      98.944      99.869      88.714
20160614      55.859      98.340      99.026      66.958
20160615      60.992      97.835      98.179      51.072
20160616      66.551      98.635      98.055      59.062
20160617      78.829      97.919      98.595      66.559
20160618      87.377     100.329      99.045      74.275
20160619      79.855      98.332      99.432      85.972
20160620      81.292      97.143      98.004      78.927
20160621      91.170     112.899      99.983      83.238
20160622      95.819     100.175     106.157      89.060
20160623      86.937      99.646     100.288      94.423
20160624      81.689      98.713      99.734      93.930
20160625      99.389     106.057     105.610      83.689
20160626      91.761     101.289     101.922      93.713
20160627     138.316     163.446     105.051      93.407
20160628     158.088     115.746     138.769     137.025
20160629     110.932     104.996     112.225     146.318
20160630      97.153     105.474     106.192     110.427
20160701      95.143     106.117     108.144      95.221
20160702      74.745     105.905     106.186      91.036
20160703      67.233     106.271     106.363      86.788
20160704      82.712     104.317     105.642      67.764
20160705      75.874     103.506     104.834      79.451
20160706      63.426     104.223     103.997      75.444
20160707      56.621     102.495     103.788      67.927
20160708      56.316     101.826     102.582      58.382
20160709      55.527     101.676     102.160      55.761
20160710      41.010     100.703     101.514      61.019
20160711      55.152     101.883     101.748      47.178
20160712      66.104     102.366     102.232      51.267
20160713      64.854     102.245     102.458      63.975
20160714      73.222     104.146     104.486      68.439
20160715      75.977     103.757     105.995      74.112
20160716      66.964     103.092     103.709      74.359
20160717      39.256     102.306     103.156      78.072
20160718      36.570     101.322     102.221      47.964
20160719      41.626     100.415     101.405      35.014
20160720      37.896     101.245     100.634      42.861
20160721      31.042     100.711     101.053      42.817
20160722      35.342     100.977     101.063      36.479
20160723      54.138     101.167     101.221      31.255
20160724      53.368     101.554     101.766      54.981
20160725      63.391     119.650     101.674      60.999
20160726      76.752     137.614     133.230      73.968
20160727      79.115     108.193     125.248      78.382
20160728      80.732     135.417     116.799      81.095
20160729      80.469     105.875     126.737      77.795
20160730      69.520     125.199     114.233      84.204
20160731      61.514     112.785     115.119      71.797
