date          Qobs       Qsimobs        Qsim       Qusi
20150801      51.357      36.048      36.418      75.600
20150802      42.088      26.871      34.472      39.223
20150803      43.385      29.220      26.349      33.005
20150804      39.850      19.133      27.945      37.040
20150805      59.460      28.066      20.786      28.858
20150806      62.429      30.818      26.980      50.827
20150807      60.377      24.303      26.035      57.318
20150808      60.449      30.707      26.705      51.193
20150809      60.693      21.965      23.124      51.531
20150810      57.125      21.692      22.538      47.285
20150811      57.551      20.443      20.432      48.438
20150812      73.871      24.090      26.434      55.871
20150813      71.192      19.596      20.512      66.644
20150814      65.170      15.046      19.743      56.427
20150815      57.281      17.490      17.110      47.285
20150816      62.428      21.945      17.302      41.666
20150817      53.541      20.285      20.368      49.537
20150818      45.516      18.767      20.080      39.786
20150819      37.212      16.900      18.664      35.442
20150820      30.745      14.814      16.390      27.306
20150821      25.468      12.719      14.591      24.915
20150822      24.579      12.692      12.647      20.262
20150823      22.694      12.554      12.723      22.271
20150824      21.348      12.557      12.521      19.720
20150825      18.675      14.186      14.007      20.108
20150826      18.931      14.923      12.287      15.320
20150827      27.213      15.482      16.173      20.669
20150828      58.429      51.759      19.963      34.579
20150829      94.732      53.778      38.498      68.953
20150830      92.100      58.701      44.355      67.948
20150831      76.966      40.106      42.706      85.203
20150901      60.080      29.974      37.444      55.734
20150902      42.802      20.541      28.487      40.200
20150903      28.301      14.853      20.487      30.956
20150904      11.645      10.309      14.558      22.151
20150905      12.302      12.021      11.085       9.344
20150906      13.618      10.795       9.675      11.247
20150907      13.670       9.802       9.943      12.863
20150908      11.896       6.893       8.970      10.628
20150909      13.063       7.171       7.979      10.788
20150910      13.008       6.458       7.129      11.026
20150911      12.778       6.380       6.458      12.479
20150912      12.778       6.487       6.415      12.917
20150913      13.041       6.201       6.468      11.867
20150914      13.412       5.856       6.203      10.723
20150915      13.445       5.571       5.885      11.079
20150916      12.461       5.402       5.538      11.101
20150917      12.971       8.130       5.443      11.807
20150918      18.717      24.093       9.884      19.285
20150919      41.297      41.562      16.201      29.906
20150920      33.521      32.388      30.453      55.249
20150921      20.779      21.927      28.584      28.937
20150922      13.237      16.601      21.305      16.684
20150923      13.847      18.717      16.025      12.135
20150924      13.551      13.884      14.933      12.215
20150925      18.425      11.835      12.234      11.652
20150926      37.849      25.970      14.872      14.711
20150927      29.097      19.568      19.156      44.883
20150928      18.515      13.379      16.892      23.843
20150929      13.489       9.093      13.195      15.120
20150930      41.376      19.983      16.039      16.279
20151001      73.666      25.379      20.305      52.319
20151002     180.752     201.396      49.147      94.481
20151003      79.472      94.843      98.502     269.241
20151004      76.440      70.363      82.035      67.581
20151005      52.705      50.006      58.853      58.981
20151006      37.672      34.905      46.407      41.450
20151007      27.688      22.963      34.796      30.354
20151008      22.467      16.030      24.682      19.940
20151009      15.436      11.115      17.335      18.337
20151010      14.435       7.539      11.182      10.752
20151011      13.212       7.675       7.585       9.918
20151012      13.197       6.494       6.803      10.302
20151013      13.297       6.365       6.488      12.665
20151014      15.680      13.431       6.933      12.566
20151015      16.113       9.215       8.140      18.489
20151016      31.616      19.605      16.130      23.605
20151017      34.048      22.859      15.684      38.753
20151018      24.239      14.366      17.047      34.326
20151019      16.455      10.077      13.927      16.504
20151020      12.491       7.880       9.966      11.309
20151021      14.086       7.912       8.830      10.848
20151022      52.224      31.080      15.558      23.105
20151023      44.563      36.280      23.964      62.441
20151024      25.733      23.052      25.446      38.715
20151025      26.400      25.242      24.611      23.522
20151026      45.997      30.786      21.884      25.604
20151027      57.576      53.281      22.964      31.624
20151028      25.292      30.044      35.384      71.839
20151029      16.525      21.273      30.476      22.069
20151030      11.184      14.988      21.560      14.603
20151031      18.600      15.569      16.458      10.152
20151101      65.511      49.715      24.585      25.803
20151102     135.898     117.211   -9999.000   -9999.000
20151103      80.516      83.618      80.245     144.837
20151104      86.090      75.294      78.585      72.197
20151105      46.785      49.716      62.849      85.076
20151106      28.731      34.360      47.317      44.208
20151107      22.413      24.319      34.362      25.769
20151108      24.270      28.854      28.464      21.133
20151109      24.392      27.144      27.337      27.841
20151110      18.401      27.022      24.523      25.569
20151111      19.960      29.058      23.995      20.855
20151112      19.122      26.471      23.284      20.373
20151113      17.301      21.822      22.482      18.677
20151114      15.484      20.435      20.069      16.288
20151115      12.016      13.782      17.910      14.456
20151116       9.695      10.262      13.779       9.604
20151117       8.935       8.440      10.345       7.352
20151118       8.134       7.538       8.400       7.625
20151119       7.939       7.351       7.477       6.970
20151120       7.777       7.201       7.357       8.137
20151121       7.156       7.056       7.196       7.651
20151122       7.635       6.909       7.053       6.947
20151123       9.108       6.876       6.927       7.572
20151124       7.734       6.805       6.870       9.064
20151125       7.028       6.689       6.734       7.884
20151126       7.005       7.010       7.770       7.929
20151127      10.052      35.130      15.760      15.985
20151128      20.445      53.549      17.918      17.188
20151129      14.662      29.830      34.861      28.956
20151130      12.004      23.260      29.753      14.819
20151201      10.463      17.106      22.529      11.049
20151202       9.298      12.838      16.986       9.223
20151203       8.959      12.247      12.985       7.864
20151204       8.699      13.796      11.001       8.142
20151205       8.399      10.406      12.557       9.465
20151206       7.846      15.630      13.694       9.423
20151207       8.984      21.682      13.027      10.445
20151208       9.021      17.758      16.237      11.041
20151209       6.003      17.230      19.716      10.625
20151210       1.298      21.440      16.538       8.797
20151211       7.752      24.556      18.315       2.187
20151212      11.408      26.548      19.032       8.597
20151213      12.133      18.093      21.917      12.515
20151214      12.130      14.455      18.121      10.665
20151215      12.666      11.960      14.784      11.498
20151216      13.647      13.087      11.985      10.777
20151217      10.505      11.668      11.797      13.318
20151218      10.126      11.668      13.530      11.918
20151219      10.937      15.472      15.329      12.809
20151220      10.937      49.281      25.113      21.727
20151221      27.572      46.558   -9999.000   -9999.000
20151222      48.788      63.188   -9999.000   -9999.000
20151223      35.345      43.226      43.253      53.228
20151224      28.255      42.814      41.050      35.128
20151225      25.161      60.909      36.218      28.507
20151226      19.528      34.849      41.172      29.176
20151227      17.891      25.841      34.578      17.729
20151228      18.231      19.131      25.751      14.923
20151229      20.419      14.634      19.120      15.445
20151230      23.378      11.408      14.634      15.514
20151231      25.242       9.668      11.406      16.277
20160101      29.145       9.233       9.377      20.171
20160102      30.846       9.086       8.917      24.689
20160103      36.400       8.326       8.778      27.102
20160104      46.543       8.077       8.310      28.046
20160105      47.047       7.906       8.082      38.166
20160106      45.289       7.700       7.892       7.896
20160107      43.614       7.514       7.699       7.700
20160108      41.045       7.337       7.514       7.513
20160109      39.120       7.164       7.335       7.336
20160110      37.317       7.007       7.165       7.164
20160111      37.804       7.173       7.049       7.050
20160112      34.941       7.155       7.070       7.103
20160113      31.885       6.959       7.060       7.084
20160114      27.445       6.789       6.884       6.888
20160115      23.597       6.640       6.774       6.775
20160116      20.934       6.551       6.661       6.662
20160117      20.886       6.398       6.567       6.573
20160118      19.956       6.726       6.476       6.477
20160119      19.126       6.593       6.555       6.601
20160120      17.449       6.435       6.509       6.527
20160121      15.696       6.314       6.422       6.425
20160122      15.678       6.336       6.333       6.336
20160123      16.077       6.191       6.291       6.309
20160124      15.108       6.192       6.206       6.210
20160125      14.187       6.105       6.172       6.190
20160126      13.791       6.240       6.118       6.126
20160127      13.646       6.165       6.202       6.230
20160128      13.395       6.129       6.132       6.145
20160129      12.982       6.076       6.141       6.157
20160130      14.610       8.283       6.228       6.243
20160131      15.491       6.643       6.411       6.697
20160201      15.353       6.397       6.643       6.678
20160202      14.438       6.430       6.365       6.383
20160203      13.711       6.230       6.361       6.386
20160204      12.868       6.439       6.288       6.289
20160205      13.589       6.685       6.414       6.450
20160206      13.200       6.383       6.496       6.544
20160207      12.778       6.560       6.454       6.457
20160208      13.139       7.126       6.484       6.519
20160209      13.051       8.493       6.409       6.633
20160210      12.626       7.326       7.328       7.535
20160211      12.492       6.515       7.070       7.128
20160212      11.523       5.963       6.464       6.464
20160213      11.346       5.841       5.964       5.965
20160214      10.451       5.740       5.841       5.845
20160215       9.796       5.611       5.729       5.733
20160216       9.923       5.585       5.634       5.635
20160217       9.923       5.565       5.567       5.576
20160218      10.164       5.479       5.629       5.656
20160219       9.735       5.344       5.566       5.578
20160220       9.189       5.235       5.342       5.344
20160221       8.927       5.283       5.314       5.313
20160222       9.541       5.172       5.234       5.248
20160223      10.480       5.054       5.170       5.176
20160224      11.290       5.042       5.111       5.111
20160225      11.290       4.985       5.073       5.088
20160226      10.707       4.882       5.012       5.020
20160227      10.312       4.898       4.901       4.904
20160228      10.373       4.905       4.904       4.914
20160229       9.930       4.836       4.891       4.906
20160301      10.109       4.823       4.841       4.847
20160302      10.043       4.752       4.791       4.800
20160303       9.665       4.720       4.733       4.735
20160304      10.254       4.642       4.706       4.711
20160305      10.205       4.589       4.660       4.663
20160306       9.829       4.502       4.591       4.592
20160307       9.923       4.483       4.518       4.519
20160308       9.923       4.521       4.482       4.488
20160309       9.714       4.409       4.464       4.476
20160310       9.389       4.333       4.408       4.409
20160311      10.370       4.795       4.405       4.404
20160312      10.714       4.333       4.389       4.412
20160313      10.500       4.306       4.344       4.343
20160314      12.624       6.133       5.243       4.994
20160315      20.771      10.463       7.066      18.963
20160316      33.576      13.634       9.023      25.528
20160317      68.717      19.945      11.270      32.777
20160318      85.077      11.565      14.322      33.848
20160319      67.155       8.777      11.464      53.508
20160320      56.257       6.920       8.758      46.974
20160321      49.317       5.717       6.937      39.762
20160322      43.049       5.712       5.728      41.283
20160323   -9999.000   -9999.000       4.977      38.180
20160324      33.997       3.676   -9999.000   -9999.000
20160325      31.265       3.799   -9999.000   -9999.000
20160326      29.320       5.356   -9999.000   -9999.000
20160327      27.296       9.991       4.758      39.411
20160328      32.518      20.792       9.006      39.552
20160329      35.093      28.846      17.200      40.379
20160330      41.328      25.826      23.796      38.774
20160331      33.242      15.145      22.030      33.088
20160401      25.924      11.330      15.723      22.976
20160402      21.737       9.387      11.355      19.742
20160403      20.428      16.252      10.708      20.417
20160404      22.649      18.161      15.534      25.383
20160405      23.957      16.998      16.904      26.358
20160406      25.014      22.285      18.277      25.114
20160407      20.497      26.878      19.930      28.643
20160408      13.162      24.096      21.740      23.826
20160409      10.414      20.939      21.175      15.091
20160410      10.083      20.762      19.745      11.357
20160411      11.304      14.654      17.988      11.264
20160412      10.328      12.472      14.255       8.981
20160413       9.134       9.808      11.526       8.364
20160414       8.797       7.028       9.177       7.570
20160415       7.356       6.228       7.135       7.352
20160416       7.011      10.560       7.230       8.504
20160417       6.920       9.737       7.392       8.610
20160418       7.033       9.855       8.831       7.512
20160419       7.537      13.920       9.786       8.089
20160420       8.828      11.091      10.770       8.159
20160421       9.360      18.876      11.305       9.239
20160422       9.893      22.716      14.585      14.042
20160423       9.114      14.220      16.501      12.581
20160424       8.135      10.289      13.860       7.633
20160425       7.370       7.595      10.289       6.794
20160426       6.928       6.124       7.608       5.848
20160427  -10000.000       5.307       5.937       5.451
20160428  -10000.000      10.984       6.415       7.871
20160429  -10000.000      26.549      11.046      13.255
20160430  -10000.000      29.928      20.214      22.871
20160501  -10000.000      41.724      25.857      26.847
20160502      27.661      39.672      30.043      36.591
20160503      39.017      54.527      37.330      37.318
20160504      49.320      69.022      46.102      49.631
20160505  -10000.000      49.038      51.372      47.108
20160506  -10000.000      52.251      47.881      41.847
20160507      41.410      56.290      52.530      52.779
20160508      44.601      66.845      56.337      55.840
20160509      42.903      52.132      50.691      51.850
20160510      48.068      64.280      58.294      47.815
20160511      20.913      36.734      43.696      39.251
20160512      15.400      40.711      36.896      24.220
20160513      27.858      30.207      35.465      17.980
20160514      23.994      26.460      28.853      24.535
20160515      23.638      24.716      23.708      24.462
20160516      23.689      20.660      21.711      19.095
20160517      23.370      27.179      19.932      20.765
20160518      19.439      18.415      20.850      22.626
20160519      16.736      14.800      17.340      17.389
20160520      14.819      11.432      12.726      13.041
20160521      39.040      45.055      19.899      22.438
20160522      49.666      40.272      31.400      50.583
20160523      75.505      87.783      46.506      48.498
20160524      67.546      59.417      50.781      80.337
20160525      61.136      43.401      55.214      60.364
20160526      53.610      37.700      39.880      43.198
20160527      54.012      58.693      39.283      49.665
20160528      64.910      71.366      54.533      57.613
20160529      81.930      71.576      65.620      61.201
20160530      83.848      81.939      63.205      72.703
20160531      85.145      82.014      66.947      75.821
20160601      84.237      80.904      75.473      73.691
20160602      85.851      81.694      74.374      71.374
20160603      72.627      63.053      69.568      71.109
20160604      46.781      34.373      50.228      53.275
20160605      33.593      24.599      31.164      29.690
20160606      27.435      23.923      24.590      24.738
20160607      34.100      31.010      23.023      25.535
20160608      44.729      33.893      28.925      30.646
20160609      30.471      21.347      24.961      40.281
20160610      20.506      17.399      20.672      21.972
20160611      20.521      18.862      17.294      17.931
20160612      22.435      20.860      17.543      18.203
20160613      25.519      19.567      18.220      20.542
20160614      24.056      18.288      17.690      22.029
20160615      24.253      18.026      16.786      20.055
20160616      35.116      33.787      22.365      27.254
20160617      41.769      35.790      30.200      41.403
20160618      50.460      49.926      37.008      44.707
20160619      43.118      28.932      33.073      46.504
20160620      37.580      24.008      25.663      29.755
20160621      38.638      28.964      22.986      31.788
20160622      35.934      25.283      25.219      35.919
20160623      31.300      24.989      23.472      31.427
20160624      32.837      33.517      27.296      29.653
20160625      32.461      33.240      27.934      37.132
20160626      33.142      27.473      29.436      29.433
20160627      58.542      33.877      29.093      29.045
20160628      45.215      34.417      31.041      48.019
20160629      27.967      21.498      26.842      43.035
20160630      28.550      24.187      22.734      21.328
20160701      39.290      25.864      25.737      26.857
20160702      31.829      24.012      24.127      36.132
20160703      41.913      28.982      25.697      30.907
20160704      30.595      25.798      25.728      40.439
20160705      20.089      17.346      21.608      27.113
20160706      16.944      14.130      16.186      15.602
20160707      17.854      12.726      13.661      12.066
20160708      15.198      10.875      11.869      15.290
20160709      12.615      10.855      10.972      14.088
20160710      15.825      10.910      10.770      12.258
20160711      14.241      10.253      10.812      14.585
20160712      16.639      12.076      10.925      13.380
20160713      13.268      15.096      11.269      16.682
20160714      15.012      11.571      12.314      15.372
20160715      12.984      10.316      11.005      13.049
20160716      12.060       9.434      10.072      11.411
20160717      14.550       9.670       9.583      10.599
20160718      17.227      10.780      11.147      15.182
20160719      10.862       9.048       9.035      14.852
20160720      11.883       8.930       9.074      10.348
20160721      12.889       8.770       9.151      11.681
20160722      13.506       8.829       8.928      12.398
20160723      12.094       8.634       8.691      12.587
20160724      14.414      10.272       8.743      10.907
20160725      12.854      10.139       8.444      12.253
20160726      12.540       7.392       8.059      11.614
20160727      22.731      34.644      10.499      14.130
20160728      11.953      17.741      15.234      31.090
20160729      20.316      30.068      21.447      13.838
20160730      11.316      18.862      19.479      22.108
20160731      19.971      24.109      23.604      14.714
