date          Qobs       Qsimobs        Qsim       Qusi
20150801      11.906      11.971      13.890      13.550
20150802      11.665      14.925      12.800      11.862
20150803       9.294      11.128      14.693      12.281
20150804      11.152      10.510      11.552       9.377
20150805      16.709      15.604      14.116      11.409
20150806      13.952      11.292      14.504      17.793
20150807      14.564      12.342      12.046      13.009
20150808      11.912      11.015      11.825      12.754
20150809      10.431      10.105      10.809      10.830
20150810       9.337       8.699      10.003       9.453
20150811       9.873       7.999       8.823       8.146
20150812       8.081       9.838       8.658       9.430
20150813       7.695       7.206       9.182       8.219
20150814       7.039       6.620       7.242       6.475
20150815       6.159       6.208       6.658       6.731
20150816       8.306       9.035       6.663       6.565
20150817      11.627      11.560       8.511       6.522
20150818       9.328       7.293      10.319       9.226
20150819       7.866       6.088       7.292       7.617
20150820       6.606       5.466       6.100       6.878
20150821       5.652       5.053       5.467       6.212
20150822       4.787       4.738       5.056       5.560
20150823       4.232       4.460       4.737       5.056
20150824       4.006       4.194       4.461       4.232
20150825       5.177       5.442       5.113       4.811
20150826       6.371       9.058       7.906       6.141
20150827       6.186       7.406      12.252       9.704
20150828       5.517       6.266       7.643       6.184
20150829       5.083       7.410       7.054       5.697
20150830       4.536       5.655       7.389       5.082
20150831       4.089       4.681       5.705       4.155
20150901       3.772       4.128       4.683       3.691
20150902       7.188      11.880       6.101       5.351
20150903       0.000       8.106      11.230       5.929
20150904       0.000       6.118       7.843       4.760
20150905       0.000       9.864       7.075       0.000
20150906       0.000       6.103       8.744       0.000
20150907       0.000       5.100       6.064       0.000
20150908       0.000       4.358       4.962       0.000
20150909       0.000       4.017       4.275       0.000
20150910       0.000       3.866       4.084       0.000
20150911       0.000       3.718       3.892       0.000
20150912       0.000       3.622       3.741       0.000
20150913       0.000       4.923       3.721       0.000
20150914       0.000       4.293       5.215       0.000
20150915       0.000       5.087       5.055       0.000
20150916       0.000      15.872       8.055       0.000
20150917       0.000       8.327      14.560       0.000
20150918       0.000       9.161       9.287       0.000
20150919       0.000       8.237       8.942       0.000
20150920       0.000       8.046       8.145       0.000
20150921       0.000       5.926       7.589       0.000
20150922       0.000       4.863       5.931       0.000
20150923       0.000       6.287       5.849       0.000
20150924       0.000       4.224       5.790       0.000
20150925       0.000       5.454       5.038       0.000
20150926       0.000      13.316       5.675       0.000
20150927       0.000       8.386      11.825       0.000
20150928       0.000       6.299       8.051       0.000
20150929       0.000       5.135       6.191       0.000
20150930       0.000       3.939       5.047       0.000
20151001       0.000       4.127       4.290       0.000
20151002       0.000       3.781       4.294       0.000
20151003       0.000       4.900       3.779       0.000
20151004       0.000       4.049       4.175       0.000
20151005       0.000       3.869       3.728       0.000
20151006       0.000       3.758       3.594       0.000
20151007       0.000       3.706       3.746       0.000
20151008       0.000       3.628       3.970       0.000
20151009       0.000       4.302       4.037       0.000
20151010       0.000       3.609       4.108       0.000
20151011       0.000       3.425       3.541       0.000
20151012       0.000       3.253       3.413       0.000
20151013       0.000       3.184       3.304       0.000
20151014       0.000       3.044       3.213       0.000
20151015       0.000       2.933       3.041       0.000
20151016       0.000       2.836       2.960       0.000
20151017       0.000       2.737       2.846       0.000
20151018       1.715       2.635       2.740       0.000
20151019       1.649       2.566       2.635       0.000
20151020       1.563       2.474       2.538       0.000
20151021       1.631       2.586       2.492       1.308
20151022       2.268       2.872       2.689       1.279
20151023       4.809      12.833       4.850       2.550
20151024       3.408       5.862      10.364       3.668
20151025       3.341      10.187       6.173       2.492
20151026       3.393       7.816       9.479       3.194
20151027       3.141       5.842       6.906       1.759
20151028       2.762       4.509       5.427       2.245
20151029       2.614       3.464       4.462       1.460
20151030       2.979       3.198       4.537       0.460
20151031       4.160       6.663       5.470       3.781
20151101       5.351       6.881       6.517       3.722
20151102       4.239       5.629   -9999.000   -9999.000
20151103       4.047       4.593       5.533       2.876
20151104       3.819       3.565       4.537       2.687
20151105       3.658       3.215       3.785       2.705
20151106       3.656       3.200       3.298       2.687
20151107       6.432       3.858       3.627       3.048
20151108       4.973       9.006       4.353       4.114
20151109       5.066      12.103       5.630       5.280
20151110       4.448      18.753      11.541       5.516
20151111       4.331      16.455      16.916       3.621
20151112       4.251      15.990      15.789       3.474
20151113       4.082      18.586      15.229       2.867
20151114       3.602      12.180      14.767       2.636
20151115       4.103      17.545      12.986       2.625
20151116       3.895      10.163      11.806       2.344
20151117       3.998       8.926      10.410       2.814
20151118       3.836       7.267       8.567       3.025
20151119       3.812       5.548       7.240       2.558
20151120       4.171       4.786       5.464       2.502
20151121       4.292       4.316       4.774       2.940
20151122       3.966       3.865       4.291       3.250
20151123       5.150       3.601       3.864       2.970
20151124       5.020       3.554       3.686       3.864
20151125       4.181       3.302       3.521       3.895
20151126       3.627       3.190       3.431       3.509
20151127       5.759       4.462       3.455       3.099
20151128       7.834      11.241       3.975       2.988
20151129       7.529       6.404       4.994       5.459
20151130       6.986       5.862       6.581       5.331
20151201       7.072       5.716       6.133       5.112
20151202       7.729       4.590       5.384       4.844
20151203       7.883      10.686       4.477       4.893
20151204       7.380       6.772       5.907       5.461
20151205      11.146      10.651       6.897       5.961
20151206      16.701      57.979      10.272       6.798
20151207      16.822      22.126      37.494      12.732
20151208      15.364      16.134      21.028      10.783
20151209      12.257      23.172      16.400      10.241
20151210      12.880      23.439      19.863       9.122
20151211      13.357      18.102      21.194       7.986
20151212      13.654      13.255      17.289       8.280
20151213      11.606      10.793      13.199       8.919
20151214      11.065       9.496      10.770       7.965
20151215      10.131       7.410       9.182       6.207
20151216       9.108       6.065       7.390       6.890
20151217       8.400       5.890       7.660       7.480
20151218       6.518      13.864       7.106       7.315
20151219       9.328      14.741      15.828      11.592
20151220      20.585      47.999      18.197      11.856
20151221      24.318      60.597   -9999.000   -9999.000
20151222      23.558      32.596   -9999.000   -9999.000
20151223      22.521      29.942      31.284      13.402
20151224      21.353      22.001      28.406      15.011
20151225      21.835      25.048      21.999      13.165
20151226      28.386      18.684      23.437      12.842
20151227      29.113      15.424      18.435      16.184
20151228      28.237      12.767      15.293      19.624
20151229      27.870      10.369      12.604      18.611
20151230      24.238       8.682      10.406      18.061
20151231      19.720       8.448       8.889      15.896
20160101      20.871       6.703       7.989      14.572
20160102      18.388       5.842       6.715      13.674
20160103      14.844       4.939       5.715      11.308
20160104      26.223       4.393       4.884      10.214
20160105      30.036       4.016       4.391      10.973
20160106      22.411       3.864       4.022      19.040
20160107      16.831       3.709       3.806      15.925
20160108      11.795       3.627       3.677      11.966
20160109       8.659       3.373       3.568       9.044
20160110       5.789       3.578       3.504       7.156
20160111       4.980       3.762       3.586       5.409
20160112       5.856       3.209       3.423       3.362
20160113       4.776       3.159       3.258       4.473
20160114       4.396       3.100       3.468       4.088
20160115       3.884       2.963       2.980       2.979
20160116       3.307       3.015       3.088       3.245
20160117       3.112       2.641       2.850       2.663
20160118       2.820       2.786       2.658       2.357
20160119       2.633       2.893       2.812       2.740
20160120       2.435       2.392       2.685       2.578
20160121       2.235       2.227       2.375       2.369
20160122       2.056       2.117       2.217       2.216
20160123       1.858       2.880       2.149       2.151
20160124       1.813       2.403       2.556       2.372
20160125       1.853       2.780       2.422       2.366
20160126       2.867      10.218       2.490       2.401
20160127       2.541       7.119       6.888       5.592
20160128       2.589       5.875       6.556       6.145
20160129       3.119       4.640       5.489       5.195
20160130       1.865       7.416       5.694       5.527
20160131       6.949       4.900       6.299       5.415
20160201      10.706       3.531       4.849       4.555
20160202       6.200       4.323       5.025       4.931
20160203       6.059       3.748       3.748       3.384
20160204       4.339       3.349       3.528       3.268
20160205       3.041       2.397       3.034       2.835
20160206       3.144       2.753       2.567       2.550
20160207       3.535       3.002       2.930       2.779
20160208       3.003       2.230       2.808       2.634
20160209       2.899       2.467       2.409       2.349
20160210       4.123       1.815       2.277       2.137
20160211       3.658       1.692       1.801       1.796
20160212       2.756       1.579       1.668       1.652
20160213       2.110       1.462       1.563       1.557
20160214       1.907       1.470       1.461       1.460
20160215       1.663       1.342       1.426       1.410
20160216       1.433       1.423       1.340       1.342
20160217       1.267       1.444       1.440       1.408
20160218       1.113       1.241       1.408       1.363
20160219       1.075       1.265       1.284       1.279
20160220       1.007       1.713       1.435       1.412
20160221       1.059       1.699       1.951       1.827
20160222       1.080       1.772       2.396       2.285
20160223       1.037       2.403       1.606       1.501
20160224       0.982       1.399       2.007       1.716
20160225       0.987       1.535       1.471       1.435
20160226       0.988       1.103       1.384       1.293
20160227       0.954       0.995       1.119       1.106
20160228       0.914       0.959       1.013       1.004
20160229       0.875       1.044       0.923       0.909
20160301       0.836       0.936       0.956       0.907
20160302       0.773       1.858       1.062       1.044
20160303       0.829       1.204       1.683       1.456
20160304       0.811       1.044       1.178       1.118
20160305       0.791       1.053       1.129       1.082
20160306       0.778       0.871       1.016       0.962
20160307       0.761       1.007       1.015       1.001
20160308       0.749       0.774       0.865       0.796
20160309       0.710       0.733       0.737       0.716
20160310       0.659       0.731       0.683       0.672
20160311       0.623       1.000       0.670       0.641
20160312       0.593       0.647       0.810       0.716
20160313       0.567       0.604       0.654       0.646
20160314       0.568       0.768       0.594       0.592
20160315       0.601       1.427       0.734       0.733
20160316       0.579       3.259       1.521       1.153
20160317       0.562       4.017       2.542       1.640
20160318       0.565       3.624       2.834       2.766
20160319       0.522       2.299       3.022       3.023
20160320       0.524       1.865       2.368       2.366
20160321       0.532       1.629       1.924       1.897
20160322       0.406       1.736       1.692       1.662
20160323   -9999.000   -9999.000       1.551       1.478
20160324       0.498       1.230   -9999.000   -9999.000
20160325       0.480       1.218   -9999.000   -9999.000
20160326       0.465       1.467   -9999.000   -9999.000
20160327       0.457       2.709       1.459       1.490
20160328       0.467       1.684       2.140       1.875
20160329       0.435       1.845       1.863       1.820
20160330       0.469       1.674       1.705       1.629
20160331       0.444       1.302       1.491       1.399
20160401       0.420       1.213       1.293       1.262
20160402       0.416       1.325       1.409       1.375
20160403       0.496       1.169       1.248       1.184
20160404       0.452       1.337       1.192       1.198
20160405       0.936       6.112       2.740       2.828
20160406       0.693       8.537       5.130       5.267
20160407       0.582       4.867       6.870       6.307
20160408       0.465       4.041       4.859       4.861
20160409       0.403       3.291       3.977       3.906
20160410       0.458       2.318       3.113       2.976
20160411       0.336       1.934       2.258       2.229
20160412       0.322       1.749       1.890       1.870
20160413       0.292       1.570       1.703       1.675
20160414       0.272       1.716       1.898       1.895
20160415       0.271       2.127       1.861       1.814
20160416       0.265       2.157       1.956       1.816
20160417       0.339       1.514       1.852       1.712
20160418       0.232       1.684       1.542       1.538
20160419       0.230       2.777       2.006       1.940
20160420       0.241       2.642       2.309       1.998
20160421       0.226       1.787       2.176       1.921
20160422       0.220       2.079       2.116       0.220
20160423       0.234       1.491       1.835       0.160
20160424       0.412       1.246       1.504       0.178
20160425       0.433       1.310       1.224       0.084
20160426       0.198       1.237       1.368       0.044
20160427       0.186       1.002       1.157       0.144
20160428       0.209       1.307       0.999       0.134
20160429       0.162       0.952       1.420       0.108
20160430       0.156       1.374       1.044       0.127
20160501       0.141       1.115       1.223       0.111
20160502       0.134       1.228       1.047       0.107
20160503       0.128       1.755       1.395       0.142
20160504       0.141       1.660       1.430       0.115
20160505       0.179       2.526       1.354       0.087
20160506       0.359       4.002       1.947       0.224
20160507       1.846       7.506       3.900       0.678
20160508      15.285      13.864       7.945       1.453
20160509      25.194      15.613      13.014       6.357
20160510      26.540      17.041      15.744      21.842
20160511      26.113      23.517      18.404      19.669
20160512      30.679      25.383      21.943      23.848
20160513      35.929      27.631      25.027      22.831
20160514      31.269      19.221      23.753      26.414
20160515      23.418      15.972      19.224      15.027
20160516      20.599      13.333      16.015      17.801
20160517      18.194      13.402      13.660      14.485
20160518      16.400      13.004      13.506      14.603
20160519      23.442      18.021      15.078      15.751
20160520      29.905      22.503      18.219      16.902
20160521      32.503      22.293      22.505      24.468
20160522      35.854      30.638      23.296      25.660
20160523      38.029      35.413      32.081      28.878
20160524      35.992      37.340      37.923      32.615
20160525      36.206      38.122      37.450      31.315
20160526      37.308      38.810      38.060      26.908
20160527      39.684      40.791      41.076      27.148
20160528      41.286      48.073      44.926      33.794
20160529      44.063      44.570      47.771      35.070
20160530      59.652      43.404      46.392      31.111
20160531      91.098      65.585      51.717      41.978
20160601     102.589      63.830      65.941      65.823
20160602     103.261      65.352      64.945      60.653
20160603     100.592      62.328      67.675      91.271
20160604      93.957      61.316      64.472      89.451
20160605      87.027      57.394      61.128      82.500
20160606      84.425      54.803      57.880      72.891
20160607      80.499      50.117      54.453      72.016
20160608      81.928      45.675      50.014      66.468
20160609      63.745      34.604      42.940      65.050
20160610      48.851      29.836      33.902      47.599
20160611      37.580      25.485      29.475      39.079
20160612      31.956      25.510      26.616      32.979
20160613      30.228      25.206      25.902      29.730
20160614      31.591      24.578      25.193      27.804
20160615      35.681      24.734      24.478      27.432
20160616      41.536      22.319      25.062      31.045
20160617      39.315      21.868      23.361      33.269
20160618      41.229      23.950      23.586      36.579
20160619      41.840      20.355      22.776      33.424
20160620      36.700      16.894      19.698      35.391
20160621      34.789      19.568      18.838      31.981
20160622      30.502      16.895      19.350      30.504
20160623      27.860      16.252      16.863      26.773
20160624      33.350      14.663      16.397      24.341
20160625      35.758      19.731      21.274      34.840
20160626      36.603      15.802      18.787      28.926
20160627      35.980      15.738      16.651      26.649
20160628      30.649      12.435      15.213      28.401
20160629      24.096      10.456      13.165      25.282
20160630      19.626      10.623      11.332      14.892
20160701      17.133      11.306      10.587      15.269
20160702      16.563       9.374      11.877      15.757
20160703      14.026       8.940       9.460      14.578
20160704      11.435       7.419       9.873      13.739
20160705       9.378       7.285       8.587      11.529
20160706       7.612       6.959       7.115       8.784
20160707       6.567       6.586       6.710       6.777
20160708       5.861       5.754       6.499       6.067
20160709       5.119       5.653       6.343       5.649
20160710       4.912       5.124       5.548       4.838
20160711       5.570       8.349       6.493       5.764
20160712       5.520       6.408       8.472       5.957
20160713       5.828       7.183       6.254       4.580
20160714       7.310      10.185       6.658       4.928
20160715       5.986       8.933       9.031       6.728
20160716       5.589       6.334       8.965       5.769
20160717       5.160       6.817       8.714       5.917
20160718       4.386       5.709       7.584       5.537
20160719       4.084       4.829       5.499       3.824
20160720       4.292       7.950       4.963       3.522
20160721       3.895       6.457       7.021       3.550
20160722       3.696       4.808       6.256       3.486
20160723       3.682       6.220       5.809       3.656
20160724       3.248       4.518       5.763       3.181
20160725       3.721       4.625       5.900       3.768
20160726       3.617       7.999       5.302       3.742
20160727       3.180       5.067       7.946       4.146
20160728       3.658       5.123       5.985       3.268
20160729       2.993       5.445       4.816       3.346
20160730       3.468       7.647       6.059       3.081
20160731       3.077       6.112       8.057       3.990
