date          Qobs       Qsimobs        Qsim       Qusi
20150801       5.161       1.160       1.813       1.652
20150802      20.670      43.993      10.067      11.846
20150803       8.040       7.179      27.891      18.888
20150804      21.847       3.445       8.041       5.972
20150805      28.820      49.255       7.788       6.428
20150806      12.093       9.710      28.197      19.297
20150807       8.011       4.971       9.852       7.702
20150808       5.557       2.286       4.829       3.953
20150809       4.229       1.401       2.234       2.581
20150810       3.500       1.320       1.437       2.304
20150811       4.215       4.376       1.447       2.841
20150812       3.979       4.966       3.497       2.721
20150813       2.989       1.719       3.984       2.862
20150814       2.424       1.005       1.681       1.683
20150815      17.753      16.006       1.942       2.586
20150816      45.669      70.545      14.867       5.477
20150817      17.494      14.566      54.760      33.916
20150818       9.222       5.663      13.051       9.290
20150819       5.838       2.701       5.659       4.534
20150820       4.223       1.476       2.700       2.933
20150821       3.273       0.964       1.475       2.176
20150822       2.647       0.821       0.968       1.896
20150823       2.177       0.787       0.821       2.391
20150824       1.845       0.772       0.795       2.152
20150825       1.753       1.097       2.118       4.271
20150826      11.118      21.609       6.021       8.324
20150827      18.126      23.237      32.486      22.373
20150828      18.503      22.260      20.431      13.944
20150829      22.419      17.416      19.282      13.986
20150830      25.954      19.544      15.164      14.200
20150831      11.547       6.531      11.458      11.264
20150901       7.939       2.969       5.857       7.039
20150902      17.410      25.021       9.568      10.201
20150903      15.185      11.041      22.857      15.983
20150904       8.454       4.325      10.672       8.788
20150905       6.458       3.713       4.616       4.838
20150906       4.898       2.286       3.089       3.543
20150907       3.778       1.365       1.588       2.681
20150908       3.043       0.924       1.013       2.566
20150909       2.536       0.827       0.903       2.303
20150910       2.160       0.810       0.848       2.080
20150911       1.856       0.794       0.810       2.199
20150912       1.610       0.778       0.794       1.867
20150913      10.493       3.376       1.101       1.969
20150914      15.575      29.825       6.222      11.006
20150915      37.638      32.979      18.943      17.186
20150916      18.905      23.546      42.436      30.532
20150917      14.440       9.862      24.942      19.768
20150918      12.262       8.726      11.147       9.326
20150919       9.741       5.819       8.040       6.544
20150920       6.752       3.086       5.175       5.630
20150921       5.006       1.421       3.217       3.713
20150922       7.015       2.860       2.960       4.206
20150923       7.868       6.524       4.260       6.174
20150924      10.348       2.587       5.565       5.575
20150925      28.170      29.211      14.819      15.462
20150926      17.482      19.302      28.888      24.798
20150927      10.302       6.547      16.335      11.378
20150928       6.696       2.883       5.874       4.880
20150929       4.955       1.568       2.698       3.044
20150930       3.953       0.759       1.745       2.648
20151001       3.216       0.818       1.053       2.543
20151002       2.731       0.705       0.922       2.278
20151003       2.349       0.808       0.705       2.672
20151004       2.053       0.793       0.725       2.207
20151005       1.789       0.733       0.679       1.921
20151006       1.577       0.718       0.665       1.611
20151007       1.404       0.705       0.719       1.540
20151008       1.424       0.750       5.040       8.785
20151009       1.558       3.853       4.915       6.901
20151010       1.621       2.354       2.901       1.464
20151011       1.463       1.157       2.053       1.208
20151012       1.416       1.666       1.110       0.923
20151013       1.413       1.225       1.578       1.174
20151014       1.260       0.642       1.099       1.032
20151015       1.157       0.622       0.642       0.835
20151016       1.109       0.611       0.622       1.160
20151017       1.053       0.599       0.611       1.054
20151018       0.981       0.588       0.599       1.101
20151019       0.917       0.576       0.587       1.039
20151020       0.879       0.565       0.577       0.924
20151021       1.142       2.982       0.909       1.372
20151022      10.416      12.100       4.967       2.740
20151023      28.319      50.490      20.087      13.369
20151024      12.915       9.336      29.534      22.915
20151025      26.647      33.866      12.800      11.752
20151026      14.653      11.589      26.222      19.668
20151027       8.742       4.649       9.954       8.958
20151028       6.038       2.045       4.501       4.542
20151029       4.517       1.072       2.045       2.776
20151030       3.716       1.047       1.189       2.341
20151031       4.964       2.665       1.275       3.100
20151101       4.311       1.023       2.055       3.091
20151102       3.502       0.775   -9999.000   -9999.000
20151103       2.951       0.779       0.836       2.357
20151104       2.610       0.673       0.755       2.434
20151105       2.316       0.730       0.778       2.522
20151106       2.407       1.127       1.558       3.764
20151107      10.190      10.136       4.090       5.501
20151108      19.492      25.623       9.019       6.147
20151109      40.456      34.349      27.520      30.715
20151110      25.480      42.233      45.765      31.340
20151111      15.618      13.014      30.198      23.246
20151112      18.646      19.439      15.505      11.131
20151113      30.767      34.490      20.608      21.801
20151114      21.957      27.578      30.397      26.653
20151115      24.096      33.787      26.543      17.959
20151116      31.173      18.759      36.123      32.041
20151117      29.027      42.122      21.455      20.953
20151118      24.099      30.640      36.136      28.050
20151119      21.728      33.641      25.756      19.708
20151120      12.018       9.230      28.379      17.747
20151121       7.628       4.102       9.059       6.815
20151122       4.996       2.070       4.101       3.824
20151123       4.260       1.216       2.078       2.633
20151124       4.887       2.035       2.895       6.521
20151125       5.458       6.283       1.897       3.814
20151126       4.132       2.348       6.960       8.912
20151127      24.615      15.923       8.665       8.556
20151128      26.412      41.052      12.185      17.851
20151129      18.214      21.207      24.039      22.980
20151130      11.693       9.933      16.686      14.108
20151201       8.993      19.475       8.641       8.672
20151202      10.598       8.313      22.017      16.535
20151203      21.810      36.339       8.127       7.030
20151204      69.149      71.331      52.304      50.219
20151205     234.050     108.881      79.005      63.620
20151206     187.171     151.500      95.705     101.861
20151207      41.180      79.974     126.777     116.784
20151208      32.989      35.052      81.890      60.195
20151209      45.531      58.184      45.285      35.219
20151210      75.148      72.706      48.527      39.313
20151211      26.581      47.453      61.166      54.587
20151212      14.275      10.940      27.891      18.998
20151213       8.900       5.267      10.540       7.602
20151214       6.427       2.991       5.193       4.920
20151215       4.972       2.173       2.995       3.601
20151216       4.381       1.815       2.269       5.094
20151217       5.685      10.261       7.871      13.293
20151218      27.088      18.065      12.270       9.365
20151219      33.865      13.304      16.263      16.066
20151220      68.508      69.417      20.178      33.733
20151221      45.964      36.432   -9999.000   -9999.000
20151222      43.953      30.955   -9999.000   -9999.000
20151223      35.533      42.774      30.564      31.459
20151224      42.405      34.456      48.069      32.469
20151225      40.088      65.489      25.860      28.627
20151226      17.566      21.147      50.371      25.864
20151227       9.446       8.006      17.530      11.106
20151228       6.667       4.219       7.856       6.070
20151229       5.567       4.725       4.598       5.825
20151230       7.786      19.067       6.378      12.037
20151231      24.436      34.273      11.967      15.264
20160101      16.931      37.696      25.880      26.319
20160102      10.496      14.326      27.560      12.186
20160103       6.246       6.247      12.566       7.589
20160104       5.973       3.397       6.096       3.990
20160105       5.970       2.268       3.401       3.406
20160106       5.971       1.783       2.275       3.780
20160107       5.971       1.677       1.784       4.052
20160108       5.971       1.651       1.681       5.240
20160109       5.966       1.624       1.655       5.198
20160110       5.961       1.610       1.634       5.825
20160111       5.953       2.655       1.616       5.904
20160112       5.954       2.822       2.201       2.250
20160113       5.955       2.086       2.430       2.430
20160114       5.960       1.670       2.024       2.006
20160115       5.961       1.525       1.665       1.661
20160116       5.965       1.504       1.528       1.528
20160117       5.971       1.475       1.500       1.498
20160118       5.963       1.453       1.476       1.476
20160119       5.969       1.445       1.464       1.464
20160120       5.971       1.417       1.442       1.439
20160121       5.966       1.396       1.417       1.417
20160122       5.951       1.375       1.396       1.396
20160123       5.946       2.184       1.922       2.274
20160124       5.940       2.792       4.454       7.266
20160125       3.901      10.332       6.036       6.873
20160126      20.345      28.778      11.206      11.514
20160127      48.701      85.511      23.024      21.712
20160128      20.265      47.972      71.487      59.241
20160129      46.750      46.483      41.877      39.140
20160130      26.503      56.059      30.681      25.373
20160131      12.886      21.118      33.107      26.845
20160201       9.360       8.139      17.876      20.358
20160202      21.452      57.003      10.042      16.452
20160203      18.952      72.786      41.706      26.922
20160204       9.406      14.392      61.711      41.589
20160205       6.494       6.432      14.569      16.261
20160206      18.729      17.671      10.330      17.159
20160207      62.914      75.992      17.964      23.166
20160208      32.740      79.722      59.643      64.407
20160209      18.319      64.257      67.751      52.100
20160210      10.927      16.048      53.392      43.260
20160211       7.100       6.611      14.215      13.708
20160212       4.586       3.682       6.616       6.621
20160213       4.892       2.464       3.682       3.682
20160214       4.815       1.952       2.464       2.464
20160215       4.776       1.812       1.952       1.952
20160216       4.718       1.783       1.812       1.812
20160217       3.468       1.870       1.787       1.787
20160218       2.593       2.041       1.777       1.832
20160219       2.577       1.802       1.918       2.009
20160220       1.958       8.100       1.829       3.462
20160221       2.051       5.378       5.488       5.742
20160222       2.230       5.624       4.823       5.700
20160223       2.355       6.946       5.041       2.697
20160224       2.170       5.100       5.360       2.857
20160225       2.120       2.818       4.225       2.180
20160226       2.159       2.106       2.760       1.426
20160227       2.157       1.827       2.107       1.714
20160228       2.159       1.730       1.827       1.908
20160229       2.156       1.703       1.731       2.054
20160301       2.154       1.678       1.704       2.023
20160302       2.154       1.714       1.699       2.333
20160303       2.151       1.705       1.716       2.264
20160304       2.149       2.655       1.700       2.295
20160305       2.150       1.886       2.171       2.495
20160306       2.147       1.962       1.869       1.813
20160307       2.148       2.102       1.855       2.122
20160308       2.152       1.689       1.923       2.080
20160309       2.146       1.579       1.691       2.062
20160310       2.140       2.612       1.583       2.350
20160311       2.131       1.981       2.205       2.506
20160312       2.128       1.707       1.915       1.860
20160313       1.709       1.940       1.716       2.213
20160314       2.032       3.037       4.542       5.782
20160315       4.989       4.260       8.354       4.820
20160316       6.120       4.315       8.664      10.165
20160317       7.108       3.131       9.907      12.343
20160318       8.793       9.716       7.131      10.012
20160319       6.306       5.158       6.995      11.333
20160320       5.456       2.895       4.543       5.772
20160321       5.527       2.990       3.221       4.310
20160322       7.306       9.930       3.127       6.148
20160323   -9999.000   -9999.000      12.293      10.591
20160324       4.937       4.709   -9999.000   -9999.000
20160325       4.709       3.907   -9999.000   -9999.000
20160326       5.005       5.988   -9999.000   -9999.000
20160327      51.637      63.400      18.023      25.270
20160328      40.328      27.471      52.550      50.866
20160329      36.372      86.910      26.512      35.752
20160330      17.420      14.734      71.095      43.053
20160331       9.819       7.459      14.587       8.518
20160401       6.609       3.548       7.207       6.201
20160402       7.610       5.469       4.024       7.274
20160403       8.895      14.671       7.167      10.811
20160404      12.715      13.284      13.742      13.219
20160405      24.982      22.922      15.497      14.258
20160406      23.812      14.895      20.549      23.171
20160407      18.986      11.627      14.494      16.916
20160408      13.652       6.576      11.027      13.414
20160409       9.818       3.047       5.627       8.441
20160410       7.983       2.200       3.173       7.062
20160411       7.703       9.306       2.730       8.325
20160412       8.062       7.120       7.000      11.259
20160413       8.241      10.440       7.089       8.901
20160414       8.046       7.459      10.435      10.586
20160415      10.673      10.211       8.667       7.367
20160416       8.711       4.271       8.328       9.887
20160417       6.498       4.294       3.981       5.745
20160418      12.308      12.271       5.304       9.649
20160419      14.319      20.044      12.455      15.506
20160420      11.299      13.493      16.573      14.075
20160421      10.903      10.457      12.305      11.364
20160422      11.015      10.210       9.240       8.610
20160423       6.996       3.636       8.256       8.162
20160424       5.227       1.996       3.570       3.838
20160425       4.340       1.435       1.993       3.232
20160426       3.669       1.850       1.519       4.028
20160427       3.233       2.576       1.803       4.408
20160428       3.153       2.326       2.027       3.182
20160429       3.325       3.095       2.246       3.224
20160430       4.491       4.999       2.910       3.926
20160501       5.233       9.902       4.469       5.734
20160502      12.764      14.915       9.956       7.918
20160503      34.619      60.013      20.938      16.040
20160504      18.848      14.819      44.974      32.542
20160505      15.911      10.385      14.160      11.799
20160506      17.346       8.406      10.098      11.003
20160507      23.327      10.204       8.734      13.872
20160508      32.392      12.500      10.417      18.270
20160509      29.972      11.487      12.177      22.811
20160510      23.983      10.012      11.208      22.562
20160511      22.062       7.261       8.186      16.753
20160512      20.299       6.487       6.845      12.253
20160513      16.422       5.181       5.975      16.286
20160514      12.232       3.321       4.558      11.378
20160515       8.848       2.341       3.216       8.451
20160516       7.982       2.372       2.397       7.178
20160517       8.103       2.454       2.210       7.779
20160518       8.164       2.511       2.268       7.993
20160519       9.470       4.426       3.618       9.457
20160520      13.925       4.182       5.076       7.981
20160521      16.637       6.214       4.882       8.684
20160522      36.000      13.721       8.910      18.047
20160523      25.970      23.447      13.988      20.162
20160524      17.320       6.624      17.354      18.518
20160525      12.948       4.097       6.590       8.442
20160526       9.974       2.696       4.049       7.101
20160527       8.148       1.893       2.675       5.551
20160528       7.228       1.700       2.260       5.783
20160529       6.713       2.552       2.866       7.043
20160530       7.865       1.601       2.253       4.909
20160531      15.421      13.700       8.315      15.186
20160601      10.856       3.221       9.937      10.877
20160602       8.165       1.830      11.114      13.659
20160603       8.078       8.276       9.281      16.091
20160604       5.805       2.342       6.248       6.169
20160605       4.528       1.327       2.317       3.178
20160606       3.652       0.934       1.330       2.514
20160607       3.065       0.854       0.934       2.656
20160608       2.598       0.820       0.851       2.868
20160609       2.174       0.782       0.815       2.582
20160610       1.843       0.758       0.779       2.190
20160611       1.596       0.741       0.762       1.836
20160612       1.507       3.384       0.981       2.057
20160613       1.285       1.069       2.358       1.346
20160614       1.105       0.773       1.045       0.880
20160615       0.993       0.821       0.868       0.906
20160616       1.027       1.153       1.756       1.969
20160617       1.166       3.383       3.587       2.733
20160618       1.015       9.125       5.656       2.854
20160619       0.880       2.105       6.759       1.402
20160620       1.865       1.147       2.105       0.576
20160621       5.039      20.139       4.997       2.915
20160622       2.688       3.989      14.595       6.266
20160623       2.094       2.052       3.984       1.853
20160624       3.900       1.147       2.027       1.305
20160625       6.007       7.742       4.674       3.980
20160626       7.716       3.793      10.109      10.813
20160627      10.597      14.047       5.510       3.962
20160628       8.437      10.640      11.199       9.040
20160629       6.842       5.450      10.961       8.532
20160630      17.698      16.784      11.886       9.462
20160701      16.931       7.695      15.892      11.973
20160702      19.962      16.591       9.928      11.229
20160703      21.737      24.847      17.013      16.395
20160704      10.444       7.235      21.241      15.613
20160705       7.277       4.143       7.464       5.696
20160706       4.918       1.829       3.921       4.024
20160707       3.656       1.115       1.788       2.622
20160708       3.212       2.021       1.750       3.034
20160709       2.587       0.958       1.673       2.264
20160710       2.639       0.868       1.006       1.908
20160711       9.062      11.358       1.407       2.604
20160712      10.602      14.389      11.716       8.176
20160713       7.619       7.772      11.842       8.852
20160714       5.369       3.005       6.809       4.896
20160715       3.869       1.537       2.920       2.681
20160716       3.145       1.304       1.962       2.732
20160717       3.783       5.665       2.709       3.820
20160718       4.524       3.764       8.018       6.230
20160719       3.525       1.540       3.365       3.042
20160720       2.991       1.718       1.371       1.908
20160721       2.367       0.782       1.507       1.944
20160722       2.019       1.204       0.816       1.634
20160723       1.728       0.679       1.034       1.578
20160724       1.462       0.616       0.678       1.397
20160725       1.261       3.520       0.617       1.400
20160726       1.273       2.442       1.459       1.769
20160727      13.037       6.375       3.962       1.516
20160728      18.774      27.406      14.702       7.989
20160729      13.657      11.515      20.573      17.981
20160730      11.697      12.405      11.395       8.220
20160731       9.831      10.620      12.011      10.383
