date          Qobs       Qsimobs        Qsim       Qusi
20150801       1.368       1.375       1.538       1.892
20150802       1.288       1.521       1.448       1.488
20150803       1.058       1.323       1.463       1.143
20150804       1.110       1.249       1.328       1.061
20150805       2.561       2.352       1.756       1.347
20150806       2.155       1.686       2.032       2.340
20150807       1.576       1.478       1.743       2.257
20150808       1.209       1.449       1.495       1.593
20150809       0.964       1.337       1.426       1.232
20150810       0.873       1.255       1.331       0.962
20150811       0.973       1.202       1.260       0.914
20150812       1.016       1.323       1.218       0.806
20150813       0.818       1.180       1.258       1.098
20150814       0.696       1.145       1.178       0.834
20150815       0.601       1.127       1.139       0.720
20150816       0.533       1.118       1.129       0.669
20150817       0.502       1.112       1.116       0.546
20150818       0.450       1.098       1.105       0.490
20150819       0.407       1.085       1.093       0.458
20150820       0.369       1.072       1.086       0.399
20150821       0.336       1.062       1.072       0.370
20150822       0.304       1.050       1.061       0.344
20150823       0.277       1.038       1.050       0.304
20150824       0.264       1.028       1.038       0.269
20150825       2.626       2.067       1.160       0.331
20150826       6.284      13.264       2.381       0.700
20150827       6.441       9.409       9.706      11.395
20150828       4.440       3.980       8.146       5.364
20150829       2.686       2.731       3.650       3.104
20150830       1.953       2.493       2.776       2.439
20150831       1.526       2.364       2.482       2.204
20150901       1.425       2.111       2.287       1.744
20150902      16.271      13.213       2.675       1.785
20150903      17.969      22.674      15.233      10.532
20150904       7.987       5.720      16.002      15.288
20150905       5.875       4.040       5.892       5.360
20150906       4.923       3.107       4.550       4.095
20150907       3.157       2.558       2.963       4.194
20150908       2.305       2.304       2.660       3.165
20150909       1.787       2.081       2.410       2.244
20150910       1.461       1.916       2.097       1.840
20150911       1.232       1.742       1.879       1.478
20150912       1.289       1.655       1.717       1.137
20150913       3.790       6.199       1.730       1.190
20150914       4.739       4.898       4.614       3.346
20150915      15.857      13.132       5.814       5.498
20150916      18.755      26.555      14.654      10.489
20150917       9.807      10.523      21.322      20.601
20150918       6.755      11.086      11.392       8.769
20150919       3.978       3.513       8.435       5.608
20150920       2.871       3.000       3.525       2.697
20150921       2.292       2.617       3.008       2.928
20150922       2.168       2.437       2.733       2.550
20150923       2.544       3.249       2.731       2.109
20150924       2.290       2.391       2.792       2.418
20150925       3.461       4.210       2.720       2.538
20150926       2.764       2.455       3.314       3.204
20150927       2.074       2.229       2.452       2.740
20150928       1.685       2.090       2.228       2.024
20150929       1.467       1.899       2.026       1.730
20150930       1.281       1.302       1.836       1.459
20151001       1.171       1.248       1.730       1.156
20151002       1.060       1.234       1.578       1.104
20151003       0.947       1.222       1.234       1.099
20151004       0.890       1.330       1.222       0.974
20151005       0.843       1.265       1.208       0.900
20151006       0.810       1.259       1.196       0.897
20151007       0.795       1.269       1.255       0.835
20151008       0.771       1.250       1.249       0.801
20151009       0.829       1.361       1.285       0.811
20151010       0.894       1.381       1.334       0.817
20151011       0.892       1.260       1.331       0.951
20151012       0.912       1.241       1.262       0.907
20151013       0.895       1.245       1.247       0.894
20151014       0.803       1.194       1.233       0.909
20151015       0.730       1.181       1.220       0.804
20151016       0.670       1.169       1.208       0.766
20151017       0.622       1.156       1.171       0.687
20151018       0.584       1.144       1.159       0.606
20151019       0.565       1.132       1.147       0.599
20151020       0.549       1.125       1.134       0.564
20151021       0.548       1.121       1.125       0.528
20151022       0.595       1.199       1.131       0.578
20151023       0.667       1.142       1.181       0.584
20151024       0.619       1.113       1.130       0.651
20151025       0.632       1.117       1.122       0.637
20151026       0.575       1.081       1.108       0.652
20151027       0.539       1.069       1.091       0.578
20151028       0.520       1.058       1.080       0.561
20151029       0.506       1.047       1.058       0.506
20151030       0.499       1.037       1.049       0.518
20151031       0.542       1.083       1.042       0.532
20151101       0.588       1.039       1.055       0.512
20151102       0.575       1.028   -9999.000   -9999.000
20151103       0.538       1.016       1.025       0.569
20151104       0.511       1.008       1.015       0.528
20151105       0.487       0.997       1.006       0.520
20151106       0.501       1.001       0.997       0.502
20151107       0.774       1.165       1.082       0.571
20151108       1.043       2.045       1.106       0.635
20151109       1.505       2.085       1.431       0.663
20151110       1.272       1.735       1.984       1.384
20151111       0.999       1.540       1.711       1.225
20151112       0.852       1.389       1.542       1.012
20151113       0.873       1.399       1.421       0.836
20151114       0.818       1.250       1.398       0.740
20151115       0.737       1.176       1.245       0.800
20151116       1.170       1.165       1.171       0.721
20151117       2.039       1.308       1.189       0.881
20151118       2.780       1.164       1.263       1.751
20151119       2.065       1.158       1.174       2.112
20151120       2.587       1.099       1.149       2.880
20151121       4.694       1.067       1.100       1.099
20151122       5.649       1.040       1.067       1.067
20151123       5.057       1.017       1.040       1.040
20151124       2.891       0.999       1.027       1.027
20151125       2.043       0.979       1.000       1.000
20151126       1.615       0.963       0.993       0.986
20151127       1.628       0.948       1.110       1.021
20151128       4.249       1.614       0.980       0.980
20151129       2.621       1.230       1.380       1.360
20151130       0.996       1.083       1.221       1.209
20151201       0.756       1.000       1.074       1.073
20151202       0.656       1.010       1.019       1.051
20151203       0.581       0.991       1.009       1.000
20151204       0.610       1.196       1.046       1.043
20151205       0.607       1.151       1.415       1.341
20151206       0.925       4.074       1.157       1.147
20151207       0.939       3.534       2.508       2.300
20151208       0.810       2.363       2.837       3.702
20151209       0.828       2.417       2.373       2.379
20151210       0.836       2.486       2.334       2.356
20151211       0.760       3.243       2.308       2.319
20151212       0.683       2.208       2.665       2.609
20151213       0.713       2.003       2.215       2.215
20151214       1.352       1.814       2.003       2.003
20151215       1.184       1.650       1.814       1.814
20151216       0.994       1.533       1.651       1.650
20151217       0.775       1.423       1.519       1.514
20151218       0.542       1.317       1.482       1.414
20151219       0.560       1.428       1.431       1.344
20151220       3.463       1.394       1.504       1.511
20151221       7.389       1.806   -9999.000   -9999.000
20151222       4.255       1.652   -9999.000   -9999.000
20151223       1.532       1.587       1.613       1.615
20151224       0.998       1.459       1.561       1.548
20151225       1.192       1.743       1.502       1.493
20151226       1.488       1.549       1.743       1.727
20151227       2.780       1.442       1.554       1.558
20151228       3.349       1.423       1.452       1.451
20151229       2.843       1.350       1.407       1.386
20151230       2.950       1.315       1.349       1.335
20151231       1.920       2.089       1.325       1.306
20160101       1.358       1.688       1.858       1.732
20160102       0.980       1.828       1.687       1.653
20160103       0.957       1.617       1.752       1.689
20160104       0.949       1.489       1.605       1.585
20160105       0.929       1.364       1.485       1.476
20160106       0.857       1.283       1.362       1.357
20160107       0.786       1.213       1.281       1.279
20160108       0.738       1.166       1.217       1.217
20160109       0.677       1.133       1.168       1.165
20160110       0.636       1.143       1.148       1.146
20160111       0.578       1.167       1.163       1.152
20160112       0.508       1.229       1.159       1.139
20160113       0.480       1.187       1.217       1.178
20160114       0.453       1.168       1.199       1.181
20160115       0.424       1.130       1.155       1.140
20160116       0.438       1.219       1.156       1.147
20160117       0.411       1.108       1.186       1.148
20160118       0.390       1.184       1.107       1.105
20160119       0.368       1.091       1.158       0.390
20160120       0.348       1.056       1.089       0.368
20160121       0.328       1.020       1.053       0.354
20160122       0.316       0.990       1.019       0.330
20160123       0.328       1.016       0.997       0.317
20160124       0.327       0.963       1.005       0.312
20160125       0.325       0.940       0.989       0.322
20160126       0.363       0.927       0.941       0.320
20160127       0.391       1.015       0.937       0.329
20160128       0.405       1.343       0.955       0.396
20160129       0.399       1.091       1.205       0.424
20160130       0.389       4.195       1.128       0.373
20160131       0.375       1.908       2.343       0.518
20160201       0.385       1.713       1.905       0.366
20160202       0.395       1.637       1.773       0.384
20160203       0.384       1.462       1.626       0.390
20160204       0.360       1.294       1.455       0.370
20160205       0.344       1.168       1.294       0.342
20160206       0.351       1.136       1.179       0.338
20160207       0.379       1.297       1.150       0.345
20160208       0.412       1.956       1.281       0.393
20160209       0.437       2.572       1.699       0.450
20160210       0.422       1.555       2.117       0.451
20160211       0.394       1.390       1.551       0.380
20160212       0.361       1.287       1.390       0.382
20160213       0.336       1.207       1.292       0.369
20160214       0.311       1.147       1.208       0.317
20160215       0.295       1.093       1.147       0.315
20160216       0.284       1.044       1.093       0.292
20160217       0.288       0.942       1.045       0.284
20160218       0.288       0.945       1.002       0.271
20160219       0.283       0.952       0.987       0.287
20160220       0.303       1.023       0.984       0.301
20160221       0.305       0.994       1.023       0.280
20160222       0.298       0.945       0.989       0.296
20160223       0.285       0.922       0.955       0.299
20160224       0.267       0.893       0.921       0.285
20160225       0.253       0.875       0.899       0.281
20160226       0.248       0.860       0.881       0.245
20160227       0.238       0.846       0.859       0.249
20160228       0.228       0.835       0.846       0.235
20160229       0.219       0.824       0.834       0.230
20160301       0.215       0.812       0.823       0.216
20160302       0.241       0.996       0.853       0.219
20160303       0.253       1.031       0.991       0.244
20160304       0.260       0.988       1.013       0.242
20160305       0.271       1.030       1.007       0.258
20160306       0.269       0.987       1.014       0.268
20160307       0.269       1.027       0.997       0.262
20160308       0.260       0.923       1.007       0.257
20160309       0.245       0.865       0.920       0.258
20160310       0.238       0.830       0.874       0.237
20160311       0.225       0.801       0.836       0.233
20160312       0.217       0.776       0.801       0.222
20160313       0.217       0.762       0.777       0.214
20160314       0.282       0.908       0.834       0.226
20160315       0.409       1.222       1.150       0.308
20160316       0.451       1.366       1.367       0.546
20160317       0.525       1.682       1.541       0.534
20160318       0.597       2.800       1.536       0.464
20160319       0.559       1.690       1.946       0.731
20160320       0.496       1.528       1.690       0.548
20160321       0.461       1.388       1.528       0.486
20160322       0.442       1.392       1.400       0.441
20160323   -9999.000   -9999.000       1.261       0.402
20160324       0.390       1.394   -9999.000   -9999.000
20160325       0.367       1.267   -9999.000   -9999.000
20160326       0.353       1.203   -9999.000   -9999.000
20160327       0.370       1.847       1.255       0.366
20160328       0.403       3.402       1.609       0.422
20160329       0.483       9.015       2.483       0.799
20160330       0.473       3.628       6.856       0.761
20160331       0.489       2.128       3.180       0.296
20160401       0.471       1.939       2.136       0.364
20160402       0.390       1.786       1.966       0.461
20160403       0.385       1.697       1.779       0.380
20160404       0.398       1.657       1.719       0.366
20160405       0.617       1.834       1.900       0.418
20160406       0.941       1.725       1.933       0.464
20160407       1.191       1.720       1.748       0.852
20160408       1.248       1.784       1.851       1.361
20160409       1.118       1.602       1.777       1.286
20160410       1.112       1.404       1.576       1.087
20160411       0.885       1.389       1.442       1.091
20160412       0.958       1.247       1.342       0.899
20160413       0.891       1.205       1.315       0.899
20160414       0.912       1.690       1.378       0.979
20160415       0.926       1.637       1.621       0.956
20160416       0.877       1.472       1.568       0.934
20160417       0.858       1.542       1.472       0.847
20160418       0.875       1.537       1.483       0.849
20160419       0.899       1.589       1.485       0.826
20160420       0.973       1.691       1.491       0.830
20160421       1.041       1.760       1.604       0.996
20160422       1.163       1.631       1.583       0.930
20160423       1.154       1.462       1.580       1.084
20160424       1.083       1.376       1.477       1.048
20160425       0.979       1.329       1.381       0.984
20160426       1.041       1.269       1.332       0.898
20160427       0.867       1.163       1.267       0.970
20160428       0.776       1.108       1.164       0.773
20160429       0.761       1.206       1.197       0.840
20160430       0.768       1.528       1.231       0.821
20160501       0.735       1.359       1.451       0.825
20160502       0.725       1.723       1.346       0.718
20160503       0.898       2.092       1.656       0.878
20160504       1.394       2.048       1.954       0.804
20160505       1.860       2.285       2.054       1.158
20160506       2.697       3.685       2.267       1.828
20160507       4.104       6.501       3.804       3.769
20160508       8.719       9.165       7.051       6.062
20160509      14.398      10.601       9.209       7.088
20160510      17.888       9.831      10.190      12.427
20160511      18.607       8.349       9.563      13.432
20160512      17.530       6.650       7.676      14.287
20160513      14.520       6.118       6.442      13.195
20160514       9.224       3.099       4.939      12.365
20160515       6.144       1.853       2.861       5.849
20160516       5.440       1.851       1.897       4.989
20160517       5.573       2.491       1.951       5.699
20160518       5.345       2.471       2.489       6.995
20160519       7.627       2.838       2.802       6.491
20160520      10.772       3.063       2.800       6.466
20160521      11.243       3.539       3.086       9.756
20160522      12.953       3.980       3.604      12.319
20160523      18.967       5.563       4.789      12.673
20160524      11.794       3.221       4.556      17.473
20160525       7.928       2.551       3.038      10.225
20160526       5.439       2.087       2.493       6.444
20160527       4.321       1.850       2.076       4.617
20160528       4.250       1.917       1.874       3.127
20160529       4.279       2.301       1.963       3.345
20160530       4.285       2.889       2.078       2.933
20160531       3.962       2.313       2.614       3.263
20160601       3.364       1.754       2.175       3.010
20160602       2.889       1.622       2.275       3.529
20160603       2.589       1.686       1.678       2.776
20160604       2.111       1.528       1.649       2.546
20160605       1.679       1.452       1.521       2.207
20160606       1.417       1.389       1.445       1.737
20160607       1.255       1.328       1.379       1.458
20160608       1.073       1.286       1.320       1.285
20160609       0.904       1.198       1.275       1.095
20160610       0.787       1.181       1.203       0.884
20160611       0.705       1.127       1.173       0.812
20160612       0.670       1.103       1.127       0.680
20160613       0.620       1.084       1.118       0.670
20160614       0.564       1.071       1.083       0.620
20160615       0.541       1.060       1.071       0.580
20160616       0.686       1.472       1.082       0.544
20160617       0.796       1.153       1.382       0.604
20160618       1.092       1.474       1.543       0.996
20160619       0.953       1.240       1.656       1.295
20160620       0.800       1.154       1.215       0.946
20160621       1.151       1.578       1.266       0.934
20160622       0.937       1.186       1.447       1.062
20160623       0.770       1.140       1.186       0.933
20160624       0.721       1.102       1.139       0.762
20160625       0.846       1.566       1.451       0.974
20160626       1.846       1.206       1.432       0.890
20160627       3.463       2.573       1.517       0.948
20160628       2.527       1.830       2.505       3.533
20160629       1.651       1.566       1.801       2.589
20160630       2.256       1.740       1.665       1.796
20160701       2.732       1.776       1.881       1.675
20160702       3.081       1.727       1.874       2.865
20160703       3.251       1.735       1.780       2.741
20160704       2.457       1.468       1.697       3.111
20160705       1.922       1.374       1.585       2.412
20160706       1.969       1.514       1.730       2.466
20160707       1.533       1.340       1.446       1.625
20160708       1.211       1.238       1.330       1.551
20160709       1.028       1.175       1.242       1.247
20160710       0.946       1.137       1.175       1.063
20160711       1.381       1.434       1.251       1.034
20160712       1.395       1.493       1.740       1.746
20160713       2.276       1.317       1.598       1.428
20160714       2.970       1.954       1.423       1.902
20160715       2.422       1.591       1.938       2.845
20160716       1.731       1.461       1.799       2.939
20160717       1.351       1.320       1.453       1.599
20160718       1.099       1.229       1.324       1.372
20160719       0.992       1.170       1.230       1.135
20160720       0.994       1.230       1.184       0.920
20160721       0.875       1.139       1.196       1.011
20160722       0.910       1.139       1.141       0.908
20160723       0.825       1.111       1.142       0.870
20160724       1.260       1.143       1.157       0.834
20160725       2.428       1.164       1.125       0.992
20160726       2.279       1.662       1.403       2.450
20160727       1.725       1.213       1.517       2.235
20160728       1.842       1.524       1.452       1.888
20160729       1.500       1.254       1.417       1.761
20160730       1.887       1.672       1.336       1.605
20160731       1.622       1.398       1.535       1.719
