date          Qobs       Qsimobs        Qsim       Qusi
20150801       7.151       8.975      10.340       9.624
20150802       6.464       9.128       8.617       7.030
20150803       6.486       8.670       9.812       7.511
20150804       8.249       8.883       9.598       7.425
20150805      11.921      13.010       9.736       8.104
20150806      10.981      12.147      12.345      12.666
20150807      13.964      14.411      11.643      10.636
20150808      11.643      13.730      12.924      13.018
20150809      10.093      11.887      13.227      12.417
20150810      12.118      10.958      12.048      10.450
20150811      15.738      11.741      10.673      10.401
20150812      14.179      13.554      10.858      12.880
20150813      11.656      10.301      13.044      13.679
20150814      12.134       8.957      11.401      10.971
20150815      13.760      11.381      10.324      11.072
20150816      19.201      15.149      11.571      13.764
20150817      17.571      15.014      15.055      18.171
20150818      16.144      14.099      15.081      16.312
20150819      15.211      14.563      14.677      15.589
20150820      15.185      16.047      14.425      14.348
20150821      14.775      13.993      15.109      15.143
20150822      14.689      15.543      14.272      13.211
20150823      14.657      14.146      15.386      15.288
20150824      15.564      13.308      13.887      13.193
20150825      18.948      15.704      13.440      14.036
20150826      20.601      19.696      15.789      18.383
20150827      19.563      16.510      18.291      19.535
20150828      15.717      15.224      16.100      16.460
20150829      14.745      14.385      14.654      14.646
20150830      13.501      13.530      15.297      14.476
20150831      11.687      12.216      14.504      13.242
20150901       9.738       8.532      12.172      11.417
20150902       8.846       7.592       9.595       8.309
20150903       8.973       8.863       8.229       7.917
20150904       8.346       9.111       7.666       8.549
20150905       8.968      10.068       7.708       7.766
20150906       6.822       8.598       8.602       8.553
20150907       6.494       7.998       8.219       6.860
20150908       6.873       6.948       8.285       7.029
20150909       7.272       6.494       7.795       6.473
20150910       6.840       5.540       7.408       6.695
20150911       6.745       5.828       5.990       5.809
20150912       7.393       6.201       5.712       5.553
20150913      10.300       9.540       6.306       7.505
20150914      13.427      13.062       8.415      11.610
20150915      13.616      12.880      10.318      14.126
20150916      13.973      14.437      13.128      14.738
20150917      10.625      10.836      12.979      13.963
20150918      12.682       9.697      10.602       9.202
20150919      11.930       9.651       8.985      10.082
20150920       8.544       7.816       8.541       9.828
20150921       6.449       5.879       7.237       6.793
20150922       5.632       5.311       5.770       5.758
20150923       5.356       5.617       5.601       5.185
20150924       7.234       6.220       5.415       5.937
20150925       8.192       8.360       5.620       6.092
20150926       6.676       6.740       6.901       7.819
20150927       4.896       5.333       6.466       6.425
20150928       4.113       4.599       5.333       5.034
20150929       3.833       4.079       4.741       3.917
20150930       5.120       4.482       4.454       3.540
20151001       6.396       5.985       4.797       4.610
20151002       8.859       7.616       5.582       6.537
20151003       6.408       7.347       6.596      10.130
20151004       5.430       6.695       6.414       6.821
20151005       4.644       4.796       6.130       5.434
20151006       4.111       4.770       4.697       4.409
20151007       3.209       5.605       4.518       3.780
20151008       2.731       5.481       4.904       3.546
20151009       2.433       5.103       5.042       3.083
20151010       2.281       4.532       4.687       2.487
20151011       2.094       3.768       4.303       2.170
20151012       1.958       3.679       3.692       1.852
20151013       1.775       3.008       3.322       1.762
20151014       1.677       2.446       2.886       1.556
20151015       1.583       1.967       2.438       1.538
20151016       1.508       1.604       1.994       1.320
20151017       1.485       1.358       1.644       1.413
20151018       1.479       1.141       1.373       1.270
20151019       1.407       0.968       1.153       1.157
20151020       1.340       0.796       0.989       1.236
20151021       1.622       0.835       0.960       1.247
20151022       9.154       2.168       1.485       2.308
20151023       8.724       9.307       2.559       9.674
20151024       4.765       5.368       6.610       9.425
20151025       5.956       6.981       5.077       4.309
20151026       4.383       4.893       6.460       5.632
20151027       3.070       4.427       5.065       4.197
20151028       2.271       3.469       4.479       3.027
20151029       1.869       2.768       3.634       2.168
20151030       1.733       2.241       3.076       1.748
20151031       5.903       2.740       2.992       1.752
20151101       6.532       6.731       2.999       4.575
20151102       5.460       7.620   -9999.000   -9999.000
20151103       4.398       6.372       6.702       6.085
20151104       5.054       6.935       6.026       4.892
20151105       3.682       5.739       6.297       5.066
20151106       3.042       5.191       5.569       3.457
20151107       6.248       4.693       5.677       3.452
20151108       3.761       6.263       4.586       6.066
20151109       6.206       7.940       3.919       3.729
20151110       7.419       7.244       7.286       6.952
20151111       5.752       6.499       6.671       7.075
20151112       4.734       5.366       6.415       5.198
20151113       4.201       5.469       5.335       4.215
20151114       3.395       4.884       5.132       4.399
20151115       4.849       3.580       4.693       3.967
20151116       3.411       3.106       3.567       4.313
20151117       3.347       3.059       3.223       3.008
20151118       3.256       2.889       2.986       3.124
20151119       2.227       2.184       2.822       2.638
20151120       1.767       1.742       2.150       2.016
20151121       1.536       1.467       1.742       1.568
20151122       1.405       1.256       1.467       1.346
20151123       1.323       1.078       1.258       1.330
20151124       1.288       0.935       1.101       1.333
20151125       1.361       0.937       0.938       1.172
20151126       1.579       0.869       1.082       1.452
20151127      15.015       1.506       1.083       2.047
20151128       6.407       2.245       1.530       7.959
20151129       2.729       1.403       2.102       5.651
20151130       2.068       1.232       1.363       2.433
20151201       1.769       2.102       1.206       2.005
20151202       1.649       1.552       2.199       2.143
20151203       1.897       2.618       1.517       1.522
20151204       1.666       1.914       2.533       1.768
20151205       4.997       3.048       1.908       2.055
20151206       5.389       5.780       3.018       3.872
20151207       3.819       5.064       4.497       5.800
20151208       2.205       3.016       4.852       3.767
20151209       4.726       3.797       3.040       2.145
20151210       6.981       5.075       3.523       4.158
20151211       3.901       6.096       4.582       6.492
20151212       2.246       3.505       5.001       3.984
20151213       1.681       2.729       3.542       2.029
20151214       1.423       2.206       2.722       1.568
20151215       1.281       1.806       2.206       1.212
20151216       1.176       1.629       2.015       1.328
20151217       1.641       1.304       2.056       1.518
20151218       7.528       2.151       1.906       1.530
20151219       8.071       2.578       3.250       5.851
20151220      17.960       4.745       4.082       8.325
20151221      10.886       8.406   -9999.000   -9999.000
20151222       5.349       7.031   -9999.000   -9999.000
20151223       5.030       5.854       5.756       5.043
20151224       5.989       6.495       5.721       4.511
20151225       6.312       8.239       6.005       4.101
20151226       2.719       5.394       6.703       5.719
20151227       1.812       3.489       5.291       2.542
20151228       1.462       2.702       3.527       1.812
20151229       1.317       2.303       2.772       1.420
20151230       1.303       3.911       2.341       1.354
20151231       2.358       4.966       2.643       1.853
20160101       2.019       5.068       3.851       2.750
20160102       1.601       3.187       4.102       2.071
20160103       1.306       3.251       3.083       1.344
20160104       2.062       2.252       2.913       1.368
20160105       3.620       1.827       2.248       1.426
20160106       4.922       1.494       1.827       2.468
20160107       5.623       1.216       1.494       3.685
20160108       5.803       1.012       1.216       3.704
20160109       5.713       0.846       1.013       4.201
20160110       3.578       0.711       0.847       4.016
20160111       0.948       0.601       0.711       3.056
20160112       0.694       0.512       0.600       0.885
20160113       0.661       0.450       0.512       0.609
20160114       0.647       0.403       0.450       0.601
20160115       0.637       0.386       0.403       0.585
20160116       0.629       0.369       0.386       0.617
20160117       0.648       0.354       0.385       0.696
20160118       0.619       0.339       0.354       0.632
20160119       0.589       0.324       0.339       0.339
20160120       0.573       0.310       0.324       0.324
20160121       0.560       0.297       0.310       0.310
20160122       0.546       0.320       0.436       0.531
20160123       0.549       0.279       0.340       0.424
20160124       0.648       0.953       0.588       0.579
20160125       0.852       0.954       1.099       0.880
20160126       5.095       2.056       0.884       0.810
20160127       2.800       2.404       1.709       1.439
20160128       1.585       1.673       2.218       1.860
20160129       2.814       2.007       1.647       1.853
20160130       2.684       6.403       1.918       1.585
20160131       1.409       3.059       5.021       3.723
20160201       1.142       2.407       3.028       3.098
20160202       1.042       2.027       2.365       2.717
20160203       0.910       2.105       1.955       1.984
20160204       0.824       1.617       2.125       1.847
20160205       0.775       1.346       1.577       1.808
20160206       0.765       1.175       1.342       1.748
20160207       0.888       1.290       1.151       1.361
20160208       1.052       1.236       1.273       1.429
20160209       1.018       1.191       1.152       1.111
20160210       0.928       1.063       1.088       1.078
20160211       0.809       0.801       1.010       1.025
20160212       1.339       0.656       0.802       0.845
20160213       1.425       0.537       0.656       0.656
20160214       1.677       0.442       0.538       0.537
20160215       1.931       0.379       0.442       0.442
20160216       1.149       0.338       0.379       0.379
20160217       0.646       0.306       0.338       0.338
20160218       0.589       0.351       0.305       0.323
20160219       0.566       0.276       0.339       0.303
20160220       0.577       0.359       0.276       0.286
20160221       0.586       0.480       0.314       0.322
20160222       0.576       0.643       0.473       0.411
20160223       0.559       0.510       0.646       0.464
20160224       0.549       0.544       0.466       0.462
20160225       0.527       0.488       0.488       0.462
20160226       0.523       0.549       0.460       0.441
20160227       0.511       0.542       0.466       0.452
20160228       0.497       0.538       0.468       0.490
20160229       0.485       0.946       0.483       0.485
20160301       0.476       0.860       0.766       0.774
20160302       0.469       0.649       0.778       0.778
20160303       0.458       0.532       0.644       0.643
20160304       0.455       0.441       0.532       0.532
20160305       0.451       0.367       0.441       0.452
20160306       0.444       0.440       0.367       0.367
20160307       0.443       0.360       0.309       0.309
20160308       0.523       0.307       0.357       0.363
20160309       0.431       0.271       0.308       0.311
20160310       0.427       0.361       0.270       0.270
20160311       0.424       0.266       0.322       0.352
20160312       0.425       0.294       0.295       0.300
20160313       0.434       0.244       0.299       0.311
20160314       0.592       0.248       0.621       0.537
20160315       0.914       0.313       0.735       1.346
20160316       1.294       0.238       0.760       2.153
20160317       1.566       0.208       0.570       2.162
20160318       1.815       0.257       0.227       1.480
20160319       1.651       0.202       0.229       1.707
20160320       1.849       0.206       0.206       1.680
20160321       1.737       0.189       0.197       1.764
20160322       1.553       0.213       0.200       2.112
20160323   -9999.000   -9999.000       0.214       1.552
20160324       1.222       0.211   -9999.000   -9999.000
20160325       1.093       0.193   -9999.000   -9999.000
20160326       1.132       0.245   -9999.000   -9999.000
20160327       3.254       0.456       0.401       1.665
20160328       3.287       0.748       0.453       2.865
20160329       3.366       1.163       0.700       3.822
20160330       2.386       0.796       0.937       3.232
20160331       1.644       0.585       0.712       1.937
20160401       1.301       0.467       0.563       1.284
20160402       1.390       0.373       0.467       1.326
20160403       1.427       0.308       0.373       1.097
20160404       1.897       0.385       0.469       1.470
20160405       2.956       0.591       0.573       2.199
20160406       2.842       0.385       0.630       2.794
20160407       2.902       0.365       0.453       2.247
20160408       2.482       0.301       0.397       2.159
20160409       1.866       0.319       0.288       2.146
20160410       1.705       0.250       0.296       1.680
20160411       1.694       0.324       0.253       1.502
20160412       1.760       0.415       0.229       1.512
20160413       1.819       0.709       0.366       1.716
20160414       1.759       0.795       0.592       2.062
20160415       1.615       0.659       0.674       1.652
20160416       1.499       0.513       0.618       1.254
20160417       1.438       0.564       0.518       1.340
20160418       1.897       0.601       0.429       1.260
20160419       2.122       0.519       0.559       1.736
20160420       2.251       0.531       0.520       2.024
20160421       2.393       0.668       0.543       2.507
20160422       1.979       0.643       0.627       1.872
20160423       1.546       0.468       0.611       1.583
20160424       1.365       0.368       0.455       1.181
20160425       1.270       0.431       0.368       1.008
20160426       1.154       0.308       0.396       1.162
20160427       1.116       0.295       0.334       1.000
20160428       1.227       0.447       0.306       0.983
20160429       1.261       0.798       0.390       1.268
20160430       1.346       0.576       0.611       1.415
20160501       1.513       1.071       0.539       1.051
20160502       1.651       0.916       0.646       1.517
20160503       2.670       1.326       1.163       1.970
20160504       2.567       0.929       1.154       2.589
20160505       2.406       1.533       1.190       2.165
20160506       2.601       2.251       1.219       2.755
20160507       3.177       3.024       2.188       3.338
20160508       6.096       3.674       2.793       3.503
20160509       7.314       5.244       3.964       6.149
20160510       7.276       6.099       4.628       7.682
20160511       7.407       5.955       5.604       7.162
20160512       5.973       6.503       5.574       6.426
20160513       3.541       4.228       5.345       5.160
20160514       2.264       2.937       3.984       2.768
20160515       2.035       2.787       2.921       1.990
20160516       2.345       2.740       2.702       1.804
20160517       2.508       2.459       2.554       2.245
20160518       2.230       2.126       2.506       2.493
20160519       2.388       1.842       2.088       2.040
20160520       3.409       2.438       1.954       2.150
20160521       4.443       3.286       2.437       3.272
20160522       6.054       4.010       3.553       4.248
20160523       6.880       5.630       3.814       5.602
20160524       5.994       4.980       4.601       6.562
20160525       5.366       5.355       4.759       5.758
20160526       5.072       6.545       4.979       5.271
20160527       5.576       7.581       6.062       5.364
20160528       5.620       9.091       7.116       5.368
20160529       4.971       9.280       8.636       7.015
20160530       6.790      10.104       8.939       5.050
20160531      10.023      11.995      10.177       7.527
20160601      12.097      11.983      12.798      10.450
20160602      12.588      14.563      13.301      12.675
20160603      14.303      16.301      13.648      13.302
20160604      13.156      16.783      15.361      14.111
20160605      10.659      17.692      15.385      13.976
20160606      11.063      19.173      16.425      12.865
20160607      11.701      19.778      16.908      13.006
20160608      10.428      17.329      16.982      13.124
20160609       7.499      14.003      15.405      11.153
20160610       6.422      10.929      13.305       8.090
20160611       6.345      10.518      11.002       6.162
20160612       7.122      10.634       9.705       5.909
20160613       7.547      12.195      10.212       6.748
20160614       8.109      10.719      10.785       7.444
20160615       8.164      13.254      11.812       8.789
20160616       8.648      14.647      12.398      10.002
20160617       9.552      15.463      13.524      10.091
20160618      11.526      16.052      14.147      10.307
20160619       9.229      12.669      13.777      11.354
20160620       7.945      10.617      12.184       9.610
20160621       9.164      11.008      11.660       8.588
20160622       8.156      10.111      12.438       9.632
20160623       6.272      11.536      10.041       8.198
20160624       7.567      12.479      11.170       9.200
20160625      11.245      15.989      12.622       8.377
20160626      12.248      14.523      14.551      12.016
20160627      15.968      16.774      14.744      12.617
20160628      13.208      14.358      14.916      14.893
20160629      11.504      11.437      13.271      11.948
20160630      14.033      12.588      11.708      10.232
20160701      12.762      11.367      11.847      12.338
20160702      13.000      11.750      11.563      11.881
20160703      11.408      12.256      12.033      12.415
20160704       9.590      10.769      11.186      10.471
20160705       9.532      10.256      10.438       8.572
20160706       9.296      10.042       9.639       8.364
20160707       7.559       8.833       9.230       8.712
20160708       7.597       9.063       8.615       7.408
20160709       8.348      10.629       9.359       7.909
20160710       8.392       9.411       9.865       8.767
20160711       9.809      11.374      10.545       8.973
20160712      10.713      11.627      10.414       9.652
20160713      13.026      12.888      11.412      10.128
20160714      13.252      12.411      12.152      12.273
20160715      11.233      12.055      11.351      11.758
20160716      13.356      13.222      11.677      11.099
20160717      14.516      14.104      13.898      13.200
20160718      11.183      11.920      13.117      13.660
20160719       9.987      10.661      11.704      10.483
20160720      11.781      10.926      11.043       9.196
20160721      15.702      11.176      11.564      10.999
20160722      16.380      14.928      13.473      15.837
20160723      16.004      15.360      13.915      15.263
20160724      16.875      14.715      14.325      14.098
20160725      16.413      15.285      14.576      14.508
20160726      19.423      19.332      15.752      16.287
20160727      16.884      17.665      17.380      18.305
20160728      19.402      16.576      17.871      16.521
20160729      17.083      15.966      16.433      16.554
20160730      15.047      15.413      15.432      14.681
20160731      12.475      14.796      14.381      13.810
