date          Qobs       Qsimobs        Qsim       Qusi
20150801      41.691      36.983      48.014      47.763
20150802      34.166      41.906      39.572      38.105
20150803      29.560      32.578      44.539      37.195
20150804      36.232      51.310      39.075      32.091
20150805      75.360     108.361      59.342      47.915
20150806      73.382      66.194      86.376      86.134
20150807      85.876      82.926      67.815      61.657
20150808      70.427      66.186      70.383      77.635
20150809      50.821      48.006      63.979      63.041
20150810      44.469      48.988      51.925      46.109
20150811      62.766      58.269      46.010      42.532
20150812      79.364      66.288      51.122      54.269
20150813      60.213      38.058      61.273      75.254
20150814      41.356      45.705      44.688      52.049
20150815      44.998      56.677      48.157      45.704
20150816      80.789      80.798      53.434      45.368
20150817      98.507      77.120      70.987      79.120
20150818      86.897      61.181      67.186      81.697
20150819      70.122      51.809      58.901      73.222
20150820      59.338      49.411      54.935      63.234
20150821      51.965      48.154      48.129      54.585
20150822      50.654      48.012      46.087      47.765
20150823      45.952      38.274      46.015      47.498
20150824      41.550      40.134      38.495      40.328
20150825      54.674      46.139      38.028      39.347
20150826      81.339      74.046      46.346      51.161
20150827      74.484      52.299      70.381      92.963
20150828      51.193      35.120      49.929      60.438
20150829      46.054      34.013      38.006      40.136
20150830      48.648      37.257      36.844      43.662
20150831      39.021      37.073      31.074      41.264
20150901      28.352      23.347      32.026      33.530
20150902      26.509      25.266      26.977      25.550
20150903      31.458      23.443      23.757      21.989
20150904      31.333      20.641      21.016      23.442
20150905      26.558      26.750      19.608      30.894
20150906      21.174      16.454      21.668      24.039
20150907      17.182      14.258      16.751      15.619
20150908      14.957      13.505      15.162      15.775
20150909      14.426      15.798      15.485      16.623
20150910      12.439      17.473      16.179      15.352
20150911       5.609      17.979      15.498      14.133
20150912       5.415      17.914      15.634       5.779
20150913       8.895      25.411      16.470       6.046
20150914      22.647      38.569      22.564       9.902
20150915      34.125      34.784      29.136      22.517
20150916      40.238      56.303      41.746      37.284
20150917      30.288      34.655      43.801      40.944
20150918      24.132      25.708      37.076      27.684
20150919      20.173      21.024      23.675      17.519
20150920      16.360      16.616      20.373      19.264
20150921      11.987      12.484      15.604      13.808
20150922       8.859      12.601      12.376      10.678
20150923       7.432      15.347      13.331       9.307
20150924       7.866      14.340      12.939       8.168
20150925      11.942      24.258      13.865       8.429
20150926      13.837      20.297      20.215      16.213
20150927      12.047      13.702      17.454      12.179
20150928       9.185      11.485      13.606      10.468
20150929       6.944      10.548      11.801       8.364
20150930       5.667       8.640      10.652       6.866
20151001       5.735       8.788      10.029       5.649
20151002       7.179      11.489       9.436       5.354
20151003       9.253      11.647      10.831       9.035
20151004       9.607      10.707       9.812       8.220
20151005       8.106       9.786       9.136       8.188
20151006       6.368      14.166       8.879       7.880
20151007       4.877      16.298      11.168       7.378
20151008       3.964      17.191      13.187       6.811
20151009       3.203      19.467      13.990       5.125
20151010       2.687      13.753      16.306       4.367
20151011       2.346      11.942      13.118       2.731
20151012       2.095      10.801      11.716       2.782
20151013       1.936       9.750      10.421       2.905
20151014       1.835       8.209       9.360       2.178
20151015       1.741       7.098       8.179       1.849
20151016       1.669       6.249       7.197       1.818
20151017       1.513       5.420       6.444       1.764
20151018       1.362       4.769       5.887       1.678
20151019       1.335       2.002       5.087       1.446
20151020       1.330       2.169       4.415       1.470
20151021       1.400       2.512       4.766       1.764
20151022       6.982       6.256       4.866       3.397
20151023      18.281      41.050       8.322       7.939
20151024      18.316      12.712      21.386      32.722
20151025      17.345      28.744      12.610      13.367
20151026      13.414      16.020      21.275      21.724
20151027      10.000      14.799      16.424      11.905
20151028       6.912      11.362      13.952      10.080
20151029       4.862       8.774      11.261       6.119
20151030       4.178       8.646      10.049       5.307
20151031       9.741      19.272      10.709       5.163
20151101      17.096      24.851      16.886      14.521
20151102      16.945      15.960   -9999.000   -9999.000
20151103      15.467      12.655      15.170      13.327
20151104      13.118      11.641      11.792      11.965
20151105      10.677       8.646      11.200      11.538
20151106       8.681       8.973       8.853       9.309
20151107      20.339      12.602      11.664      12.662
20151108      19.042      14.240      11.242      13.171
20151109      22.193      26.269      13.745      25.160
20151110      21.179      25.675      23.031      33.074
20151111      16.451      21.039      22.307      23.482
20151112      13.913      22.227      20.062      17.431
20151113      12.898      24.276      18.823      13.726
20151114      13.038      15.371      19.264      12.637
20151115      12.401      20.247      17.157      10.860
20151116       7.696      11.573      15.784      12.114
20151117       6.831      11.527      12.764       8.155
20151118       6.381      12.075      12.052       8.686
20151119       4.739       7.644       9.802       6.388
20151120       3.549       5.662       7.150       3.663
20151121       2.717       4.892       5.662       3.025
20151122       2.261       4.232       4.892       2.511
20151123       2.089       3.637       4.239       2.350
20151124       2.070       3.431       3.726       2.051
20151125       1.923       3.242       3.396       2.011
20151126       1.812       2.798       3.301       2.343
20151127      25.923      10.545       4.409       4.119
20151128      26.920      29.588       6.608      28.825
20151129      18.362      13.666      17.493      31.938
20151130      12.227       7.914      11.779      12.535
20151201       8.680      10.600       7.621       9.015
20151202       8.928       8.237       9.835      10.813
20151203      11.027      12.503       7.399       6.466
20151204       7.359       8.383       9.612      13.191
20151205      23.456      21.043      10.116      10.930
20151206      19.191      28.113      17.968      28.943
20151207      11.927      15.988      20.995      21.213
20151208       8.734       7.429      14.444       9.767
20151209      15.654      30.781       9.156       7.201
20151210      19.707      35.896      17.346      20.831
20151211      12.857      21.768      24.997      21.159
20151212       8.026      10.510      18.189      10.282
20151213       5.830       6.548      10.178       5.389
20151214       4.523       5.037       6.539       4.325
20151215       3.688       4.227       5.037       3.788
20151216       3.047       3.508       4.375       3.644
20151217       4.592       5.111       5.893       4.482
20151218      24.338      26.337       5.540       5.954
20151219      28.879      36.053      36.041      75.108
20151220      97.488      90.911      51.404      49.858
20151221      77.629     113.234   -9999.000   -9999.000
20151222      40.110      51.598   -9999.000   -9999.000
20151223      27.060      34.275      48.236      28.136
20151224      20.718      25.052      31.250      22.869
20151225      18.704      32.607      21.682      14.250
20151226      11.896      16.462      25.374      17.772
20151227       8.320       9.513      15.489       9.204
20151228       6.031       7.496       9.701       6.218
20151229       4.957       6.704       7.659       5.514
20151230       3.997       6.530       6.797       5.517
20151231       3.464      18.921       6.437       4.075
20160101       2.936      12.778      11.929       5.542
20160102       2.913       9.560      10.979       3.022
20160103       2.581       7.270       8.614       2.909
20160104       2.497       6.112       7.270       2.702
20160105       2.225       5.164       6.112       2.366
20160106       2.102       4.395       5.164       2.106
20160107       1.979       3.774       4.395       2.062
20160108       1.753       3.243       3.773       1.822
20160109       1.635       2.874       3.241       1.699
20160110       1.627       2.586       2.874       1.608
20160111       1.625       2.328       2.586       1.636
20160112       1.481       2.063       2.328       1.590
20160113       1.448       1.857       2.095       1.383
20160114       1.611       1.671       1.885       1.382
20160115       1.691       1.504       1.671       1.268
20160116       1.326       1.353       1.504       1.691
20160117       1.339       1.218       1.353       1.282
20160118       1.384       1.096       1.218       1.212
20160119       1.212       0.987       1.096       1.268
20160120       1.108       0.888       0.987       1.102
20160121       1.077       0.799       0.888       1.015
20160122       1.226       0.719       0.911       1.064
20160123       1.220       0.910       1.071       1.668
20160124       1.251       4.104       1.701       3.935
20160125       1.583       6.979       4.541       4.834
20160126       6.679      31.425       6.835       2.703
20160127       6.995      24.209      17.965      11.068
20160128       3.739      11.953      18.518       7.341
20160129       4.617       9.520      12.401       3.304
20160130       3.582      15.952       8.329       3.736
20160131       2.247       8.065      11.479       4.495
20160201       5.256       5.117       8.099       2.171
20160202       9.561      12.217       5.073       3.442
20160203       9.673       8.048       8.400      10.530
20160204      19.528       4.842       6.711       6.143
20160205      23.064       3.103       5.442      11.268
20160206      21.476       6.357       4.829      19.315
20160207      25.052       6.676       6.575      21.700
20160208      25.422       6.460       6.790      20.582
20160209      26.024       8.141       5.285      18.547
20160210      25.451       4.292       5.642      18.762
20160211      22.621       3.350       3.973      14.292
20160212      19.334       2.792       3.314      14.968
20160213      19.156       2.387       2.792      13.133
20160214      18.445       2.042       2.387      12.182
20160215      26.914       1.749       2.042      12.915
20160216      36.596       1.476       1.749       1.749
20160217      37.587       1.577       1.476       1.476
20160218      36.471       1.581       1.464       1.547
20160219      36.284       1.286       1.467       1.469
20160220      36.729       2.057       1.286       1.344
20160221      36.712       4.604       1.916       2.899
20160222      36.733       2.925       3.398       4.075
20160223      36.718       4.113       2.538       3.195
20160224      36.851       2.843       3.013       3.610
20160225      36.342       1.722       2.452       2.548
20160226      36.387       1.612       1.722       1.722
20160227      36.312       1.579       1.555       1.558
20160228      36.243       1.530       1.488       1.531
20160229      36.073       1.271       1.486       1.495
20160301      36.066       1.082       1.309       1.307
20160302      36.051       0.922       1.082       1.082
20160303      36.162       0.797       0.922       0.922
20160304      35.478       0.952       0.786       0.825
20160305      30.315       0.889       0.883       0.986
20160306      35.310       0.706       0.831       0.830
20160307      35.923       0.582       0.706       0.761
20160308      35.242       0.524       0.582       0.617
20160309      36.039       0.472       0.524       0.524
20160310      36.420       0.502       0.471       0.471
20160311      37.755       0.408       0.602       0.717
20160312      40.232       0.367       0.616       0.509
20160313      40.313       1.085       0.680       0.694
20160314      38.110       1.948       1.481       1.740
20160315      37.233       2.074       2.397       2.768
20160316      34.640       3.831       3.196       3.177
20160317      38.245       5.069       4.286       4.010
20160318      38.653       6.520       4.199       4.190
20160319      38.106       2.969       4.628       5.082
20160320      37.622       2.524       2.965       3.098
20160321      37.304       2.209       2.490       2.574
20160322      37.054       2.255       2.266       2.551
20160323   -9999.000   -9999.000       1.954       2.006
20160324      36.268       1.552   -9999.000   -9999.000
20160325      36.295       1.588   -9999.000   -9999.000
20160326      36.651       1.556   -9999.000   -9999.000
20160327      43.928      10.514       2.150       3.191
20160328      41.049      10.541       6.060       8.046
20160329      40.589      12.144       8.271      10.821
20160330      39.144       5.519       8.714       8.984
20160331      37.467       4.398       5.311       5.406
20160401      36.753       3.703       4.391       4.391
20160402      36.733       3.693       3.838       3.965
20160403      37.045       3.420       3.578       3.774
20160404      37.642       5.933       3.396       3.843
20160405      23.281      16.548       6.567       7.620
20160406       0.698      17.112      11.872      13.716
20160407       0.619       8.842      12.359      14.299
20160408       0.600       6.879       8.195       8.459
20160409       0.540       5.124       6.342       6.394
20160410       0.500       4.297       5.077       5.120
20160411       0.491       3.992       4.297       4.297
20160412       0.481       3.261       3.824       3.824
20160413       0.478       2.675       3.204       3.240
20160414       0.482       4.001       2.848       2.894
20160415       0.492       3.756       3.610       4.302
20160416       0.459       3.010       3.468       3.525
20160417       0.439       2.557       2.966       3.020
20160418       0.473       2.680       2.673       2.733
20160419       0.454       3.062       3.018       3.128
20160420       0.444       2.812       2.791       2.949
20160421       0.455       2.749       2.812       3.042
20160422       0.437       2.705       2.702       0.584
20160423       0.413       2.227       2.514       0.532
20160424       0.392       1.889       2.204       0.453
20160425       0.351       1.674       1.889       0.410
20160426       0.258       1.435       1.672       0.404
20160427       0.263       1.256       1.458       0.264
20160428       0.262       1.090       1.283       0.276
20160429  -10000.000       1.064       1.235       0.292
20160430  -10000.000       1.501       1.030       0.326
20160501  -10000.000       2.196       1.274       1.457
20160502  -10000.000       2.846       1.788       2.231
20160503  -10000.000      11.238       4.054       5.038
20160504  -10000.000       8.134       7.451       9.547
20160505  -10000.000      10.946       7.955       9.054
20160506  -10000.000      15.483      10.724      11.941
20160507  -10000.000      22.545      15.719      16.920
20160508  -10000.000      38.382      24.808      26.119
20160509  -10000.000      38.020      36.060      37.662
20160510  -10000.000      36.381      36.539      34.808
20160511  -10000.000      39.193      39.344      36.520
20160512  -10000.000      40.124      38.153      36.270
20160513  -10000.000      33.828      35.267      34.303
20160514  -10000.000      15.554      25.852      26.970
20160515  -10000.000      11.768      14.413      14.828
20160516  -10000.000      10.476      11.099      12.111
20160517  -10000.000      15.461      10.150      10.404
20160518  -10000.000      12.954      13.225      15.453
20160519  -10000.000      18.031      16.143      19.071
20160520  -10000.000      33.513      18.448      19.936
20160521  -10000.000      37.875      29.724      31.279
20160522  -10000.000      50.107      37.294      37.357
20160523  -10000.000      58.962      47.072      47.984
20160524  -10000.000      47.117      51.535      50.631
20160525  -10000.000      47.632      44.887      45.758
20160526  -10000.000      42.289      44.384      45.591
20160527  -10000.000      45.669      43.355      42.278
20160528  -10000.000      56.084      48.050      46.184
20160529  -10000.000      59.523      55.872      53.861
20160530  -10000.000      54.474      56.600      56.008
20160531  -10000.000      83.985      62.962      61.553
20160601  -10000.000      80.530      78.372      76.323
20160602  -10000.000      75.825      82.864      79.181
20160603  -10000.000      74.760      77.739      74.284
20160604  -10000.000      77.418      76.709      71.160
20160605  -10000.000      77.327      76.530      72.394
20160606  -10000.000      78.441      76.715      71.978
20160607  -10000.000      74.588      75.456      72.051
20160608  -10000.000      74.291      71.529      68.609
20160609  -10000.000      52.119      64.811      65.114
20160610  -10000.000      45.724      48.242      48.291
20160611  -10000.000      42.671      43.279      43.734
20160612  -10000.000      43.773      42.638      41.904
20160613  -10000.000      45.013      44.367      44.029
20160614  -10000.000      48.755      45.610      44.987
20160615  -10000.000      57.605      49.057      47.645
20160616  -10000.000      50.373      54.044      52.852
20160617  -10000.000      50.072      51.033      49.478
20160618  -10000.000      58.877      51.044      49.470
20160619  -10000.000      50.539      52.400      50.672
20160620  -10000.000      35.387      45.614      46.024
20160621  -10000.000      79.707      45.028      45.290
20160622  -10000.000      50.237      62.026      61.647
20160623  -10000.000      46.740      50.874      49.915
20160624  -10000.000      50.234      48.910      47.673
20160625  -10000.000      88.047      52.817      52.133
20160626  -10000.000      60.314      71.656      69.891
20160627  -10000.000      63.767      61.178      59.930
20160628  -10000.000      57.097      58.117      56.438
20160629  -10000.000      34.840      49.225      49.372
20160630  -10000.000      49.124      38.028      37.023
20160701  -10000.000      49.804      47.103      47.443
20160702  -10000.000      47.536      46.966      47.093
20160703  -10000.000      39.733      47.891      47.795
20160704  -10000.000      28.171      36.110      36.854
20160705  -10000.000      24.964      28.754      28.514
20160706  -10000.000      27.969      25.261      25.328
20160707  -10000.000      21.189      24.576      25.166
20160708  -10000.000      24.882      22.794      22.742
20160709  -10000.000      30.025      27.791      27.344
20160710  -10000.000      24.421      28.402      28.726
20160711  -10000.000      33.629      35.440      34.897
20160712  -10000.000      32.661      33.628      32.980
20160713  -10000.000      42.850      33.806      33.716
20160714  -10000.000      40.026      40.711      40.148
20160715  -10000.000      32.359      37.125      36.686
20160716  -10000.000      31.376      32.564      32.911
20160717  -10000.000      37.713      36.028      36.148
20160718  -10000.000      32.566      32.931      32.889
20160719  -10000.000      23.236      31.387      31.256
20160720  -10000.000      42.799      27.317      27.093
20160721  -10000.000      32.587      35.891      35.263
20160722  -10000.000      30.509      34.279      33.855
20160723  -10000.000      32.377      31.221      30.665
20160724  -10000.000      25.868      28.968      28.548
20160725  -10000.000      25.902      26.869      26.588
20160726  -10000.000      29.511      29.239      29.176
20160727  -10000.000      27.022      32.386      32.174
20160728  -10000.000      56.355      32.151      31.987
20160729  -10000.000      33.147      42.085      41.843
20160730  -10000.000      38.439      34.957      34.968
20160731  -10000.000      33.236      30.682      30.668
