date          Qobs       Qsimobs        Qsim       Qusi
20150801     119.320      86.508     104.334     126.392
20150802      97.846      85.841      99.593     118.642
20150803      90.204      74.530      99.645     106.263
20150804      93.878     101.924      90.818      99.511
20150805     174.676     156.809     120.789     115.124
20150806     172.234     108.113     142.997     169.144
20150807     191.168     139.289     108.596     140.851
20150808     201.559     119.946     129.857     160.875
20150809     154.290      88.652     115.059     159.215
20150810     133.190      82.146      91.956     127.490
20150811     160.842     103.297      81.049     121.097
20150812     207.434     127.506      96.934     138.866
20150813     164.996      74.443     116.077     175.514
20150814     115.599      73.242      85.455     144.743
20150815     118.265      95.757      79.932     120.130
20150816     188.441     161.089     105.600     136.884
20150817     225.642     122.451     139.891     161.023
20150818     197.673     101.125     119.505     184.778
20150819     153.399      86.281     101.487     163.923
20150820     131.636      82.367      88.127     130.023
20150821     122.213      76.362      81.295     116.277
20150822     119.899      78.475      75.183     107.336
20150823     114.690      64.813      77.348     114.706
20150824     103.135      59.223      65.700     100.751
20150825     115.060      53.771      56.966      91.006
20150826     153.453     109.203      69.029     124.391
20150827     166.607      87.087     116.095     175.085
20150828     153.692      89.320      90.188     151.564
20150829     158.080     100.114      95.329     154.693
20150830     230.886     147.602     113.169     160.253
20150831     254.692     183.265     142.490     208.076
20150901     181.388      88.400     148.471     205.286
20150902     121.322      84.629      95.941     135.163
20150903      97.908      62.810      85.693      98.427
20150904      78.821      47.973      60.164      75.825
20150905      71.055      63.924      56.317      73.731
20150906      61.634      37.230      55.391      60.079
20150907      49.347      29.222      37.517      47.425
20150908      40.905      23.253      30.529      41.718
20150909      35.998      23.298      26.621      36.499
20150910      35.699      23.709      24.860      34.468
20150911      31.809      23.758      23.225      35.721
20150912      31.748      25.399      23.235      30.697
20150913      43.083      33.227      24.544      32.034
20150914      90.159     133.507      43.890      47.576
20150915      93.623      78.146     108.158     100.803
20150916     128.779     142.389     107.114     104.418
20150917     100.196      72.855     120.563     118.200
20150918      74.523      53.970      78.200      77.294
20150919      59.949      41.960      54.295      56.984
20150920      50.826      35.770      41.808      44.598
20150921      42.407      23.342      33.392      38.619
20150922      35.100      20.164      23.696      31.779
20150923      30.114      20.755      21.413      29.877
20150924      28.511      18.740      19.162      25.706
20150925      43.009      66.652      30.585      42.316
20150926      72.951     107.243      65.336      52.797
20150927      72.019      56.882      88.917      70.040
20150928      55.241      38.857      56.458      55.231
20150929      42.243      27.893      39.347      41.050
20150930      34.253      18.441      27.928      31.239
20151001      31.321      18.440      21.815      25.870
20151002      32.729      24.911      19.873      25.070
20151003      38.723      26.935      24.567      32.145
20151004      37.607      24.328      21.818      32.782
20151005      34.377      19.225      20.238      31.599
20151006      29.924      29.712      17.126      27.778
20151007      25.365      44.073      23.192      27.739
20151008      22.249      50.796      35.946      24.873
20151009      21.435      64.860      43.271      20.703
20151010      20.801      38.034      53.692      20.982
20151011      18.821      25.450      35.833      16.250
20151012      16.904      18.968      24.342      13.215
20151013      15.299      14.516      17.686      11.913
20151014      13.937      11.444      13.739      10.877
20151015      12.713       9.724      10.633      10.460
20151016      11.497       9.610      10.244      12.573
20151017      10.504       9.617      10.764      12.601
20151018       9.642       9.251      11.283      11.711
20151019       8.958       8.692      10.017       9.659
20151020       8.293       8.719       9.947       9.521
20151021       8.735      18.170      14.483      12.944
20151022      30.142      57.966      42.303      26.520
20151023     134.631     240.337      80.181      42.245
20151024     106.807      88.830     159.729     142.931
20151025     116.449     207.860     101.112      92.066
20151026     123.995     138.311     166.030     119.164
20151027     109.536     110.185     136.259     103.691
20151028      75.362      75.826     105.157      94.662
20151029      52.610      50.109      76.516      59.886
20151030      40.164      41.870      58.172      44.625
20151031      49.556      62.288      54.076      42.219
20151101      93.981      90.965      65.091      49.645
20151102      94.311      55.913   -9999.000   -9999.000
20151103      76.527      37.487      52.976      73.564
20151104      60.898      27.596      36.977      55.117
20151105      49.326      19.208      26.261      44.584
20151106      40.522      16.008      18.831      34.302
20151107      57.829      64.410      32.811      69.605
20151108      76.560      71.797      54.105      45.443
20151109     113.624     148.700      73.972     113.819
20151110     179.204     213.056     151.941     136.964
20151111     158.506     175.837     189.500     179.031
20151112     161.020     190.097     162.365     135.425
20151113     155.648     202.625     165.155     136.106
20151114     132.028     132.394     171.408     123.130
20151115     147.083     238.209     152.458     128.391
20151116     115.126     113.856     209.105     131.877
20151117     107.231     151.880     137.948     108.231
20151118     105.108     155.356     158.568     113.130
20151119      75.900      81.531     132.411      76.478
20151120      54.063      53.804      77.063      60.984
20151121      39.600      37.474      53.791      40.699
20151122      30.485      26.521      37.475      29.558
20151123      24.759      19.105      26.569      23.883
20151124      22.656      17.523      22.577      21.746
20151125      21.675      23.370      18.449      19.530
20151126      20.549      18.259      26.828      27.035
20151127     114.091      67.644      43.564      49.309
20151128     253.282     191.048      59.377      84.076
20151129     180.480      93.925     128.325     246.913
20151130     107.414      82.213      86.605     137.939
20151201      73.514      69.721      72.713      82.319
20151202      58.661      50.934      78.690      79.791
20151203      90.164     109.918      49.645      49.670
20151204      84.176      95.908      99.861     105.393
20151205     149.390     189.719     119.811     118.286
20151206     243.856     342.768     164.086     142.162
20151207     188.283     261.336     274.673     243.569
20151208     114.539     123.614     243.831     174.375
20151209     164.144     269.966     146.041      98.462
20151210     227.895     325.225     211.653     157.889
20151211     199.096     251.955     265.504     197.424
20151212     121.756     126.326     206.053     137.519
20151213      78.767      79.416     122.621      76.663
20151214      56.798      55.061      79.242      57.407
20151215      44.218      38.626      55.147      43.409
20151216      35.311      27.190      41.525      36.776
20151217      36.954      26.867      61.586      55.294
20151218     127.643      83.519      68.191      73.614
20151219     261.125     114.961     128.860     185.118
20151220     485.734     328.585     199.698     374.255
20151221     603.690     547.762   -9999.000   -9999.000
20151222     434.005     317.426   -9999.000   -9999.000
20151223     283.458     254.332     293.160     323.504
20151224     195.933     249.366     247.084     225.572
20151225     190.341     316.016     202.726     160.091
20151226     129.795     139.839     256.487     164.889
20151227      82.091      89.427     133.313      82.972
20151228      57.336      61.688      90.114      64.638
20151229      44.997      46.985      63.033      47.950
20151230      37.169      78.026      55.700      44.263
20151231      41.164     186.598      71.580      56.877
20160101      45.724     145.688     134.277      53.834
20160102      41.937      89.039     113.474      39.666
20160103      33.567      58.407      84.714      36.165
20160104      26.249      38.687      57.638      26.810
20160105      21.539      25.815      38.667      19.823
20160106      19.142      17.014      25.817      15.306
20160107      16.604      12.647      17.012      12.659
20160108      14.608      10.822      12.664      12.612
20160109      12.978      10.534      10.834      12.294
20160110      11.901      10.483      10.534      13.017
20160111      11.213      12.919      10.580      11.978
20160112      10.713      10.629      11.356      11.043
20160113      10.022      10.144      10.658      10.120
20160114       9.538      10.467      10.385       9.544
20160115       9.793      10.091      10.327       9.431
20160116       9.303      11.150      10.562       9.972
20160117       8.722      10.279      10.862       9.398
20160118       8.329      10.105      10.320       8.397
20160119       7.995      10.605      10.241       8.354
20160120       7.556      10.000      10.442       8.184
20160121       6.915       9.769       9.996       7.310
20160122       6.473       9.553       9.761       7.037
20160123       6.552      10.559      13.958       8.171
20160124       7.168      40.414      30.314      20.287
20160125       9.244      54.236      51.581      14.737
20160126      49.226     173.171      55.887      11.780
20160127      85.212     175.351     134.259      55.618
20160128      76.122      92.905     147.784      78.696
20160129      76.940     111.557      92.371      64.814
20160130      87.793     273.994      92.708      58.574
20160131      61.448     111.177     210.325      88.176
20160201      45.228      72.738     110.001      51.281
20160202      37.842      82.532      72.644      43.964
20160203      34.120      59.421      75.298      34.142
20160204      29.472      42.581      54.621      26.737
20160205      25.226      30.099      43.736      27.530
20160206      24.318      37.901      35.630      29.916
20160207      31.006      80.295      45.782      31.031
20160208      37.710     101.861      64.364      39.821
20160209      34.931      81.330      79.517      40.597
20160210      30.061      57.069      67.052      29.855
20160211      25.032      39.949      53.575      24.864
20160212      20.278      28.038      38.903      20.500
20160213      16.719      20.642      28.039      15.454
20160214      14.553      15.407      20.641      13.079
20160215      12.870      12.351      15.409      11.319
20160216      11.603      10.580      12.348      10.287
20160217      11.676      14.640      10.871      10.164
20160218      11.582      19.482      12.917      12.330
20160219      11.342      13.062      16.590      12.009
20160220      11.890      27.615      13.903      11.690
20160221      12.253      34.539      24.600      18.638
20160222      12.197      48.486      31.977      15.970
20160223      11.946      33.541      40.484      12.463
20160224      11.843      28.563      30.397      11.527
20160225      11.500      20.425      26.352      11.088
20160226      10.986      17.173      20.335       9.466
20160227      10.471      16.347      17.187       9.197
20160228       9.897      15.295      15.411      10.340
20160229       9.306      11.851      14.290       8.696
20160301       9.043      10.522      11.851       7.968
20160302       8.642      14.351      10.707       8.431
20160303       8.150      12.816      12.317       9.754
20160304       7.804      10.879      11.984       7.915
20160305       7.578      10.273      11.561       8.666
20160306       7.422       9.184       9.949       7.034
20160307       7.287       9.005       9.184       7.130
20160308       7.027       8.720       8.957       7.167
20160309       6.908       8.525       8.725       6.735
20160310       6.818       8.404       8.549       7.246
20160311       6.604       8.214       8.362       7.012
20160312       6.490       8.073       8.213       6.676
20160313       6.538      11.021       9.758       8.299
20160314       6.826      16.457      20.182      13.161
20160315       8.115      22.248      31.702      16.778
20160316      10.362      27.968      40.838      18.839
20160317      13.233      25.437      35.596      13.561
20160318      16.199      33.765      24.932      11.386
20160319      18.083      19.451      26.876      16.052
20160320      18.412      16.503      20.181      14.912
20160321      18.962      14.043      16.501      16.694
20160322      18.687      15.954      15.970      22.564
20160323   -9999.000   -9999.000      14.718      18.694
20160324      16.294      13.641   -9999.000   -9999.000
20160325      15.335      15.043   -9999.000   -9999.000
20160326      15.766      21.897   -9999.000   -9999.000
20160327      35.943     131.767      38.935      34.535
20160328      60.139     126.609      92.055      41.967
20160329      58.692     140.141     110.620      77.954
20160330      54.872      71.119      99.843      57.359
20160331      42.424      47.932      69.239      40.776
20160401      32.622      32.262      46.901      32.242
20160402      26.723      32.973      35.909      31.736
20160403      24.587      30.411      33.583      26.036
20160404      25.433      52.609      31.424      24.675
20160405      36.070     115.953      56.551      39.752
20160406      51.756      89.015      89.821      45.721
20160407      58.460      65.276      80.162      48.070
20160408      53.925      47.358      62.601      44.823
20160409      45.310      29.982      44.585      39.649
20160410      37.917      20.353      29.555      31.483
20160411      33.373      21.936      20.290      25.861
20160412      30.493      19.025      18.608      28.906
20160413      29.234      15.225      16.455      27.241
20160414      28.515      35.580      16.413      26.746
20160415      29.180      30.730      28.973      40.011
20160416      28.174      18.779      27.778      24.956
20160417      26.098      12.379      17.222      20.179
20160418      26.329      27.431      16.557      34.177
20160419      30.507      35.845      27.811      45.423
20160420      31.027      33.332      33.739      34.072
20160421      31.859      43.447      35.168      38.369
20160422      34.258      39.145      38.720      33.276
20160423      30.977      22.960      34.459      27.248
20160424      26.751      16.608      22.383      21.625
20160425      23.352      11.811      16.347      19.061
20160426      20.703       9.862      12.345      17.051
20160427      18.584       8.923       9.563      16.617
20160428      17.258      12.581       8.500      16.706
20160429      16.711      19.638      12.233      30.133
20160430      16.657      32.007      15.685      21.550
20160501      17.328      48.964      24.739      22.667
20160502      19.616      56.661      39.212      21.119
20160503      39.144     116.874      69.499      29.655
20160504      56.490      83.152      90.127      44.682
20160505      59.521     104.453      81.933      49.538
20160506      60.789     123.546     101.458      73.669
20160507      68.806     157.445     123.154      72.768
20160508     107.153     219.603     164.010      91.195
20160509     146.707     229.641     210.322     128.781
20160510     158.369     230.079     220.851     154.397
20160511     157.844     224.350     225.918     163.335
20160512     167.644     229.288     219.568     159.130
20160513     152.121     179.912     198.464     155.308
20160514     115.988      94.894     151.765     123.725
20160515      89.910      76.218      88.522      69.054
20160516      78.312      74.664      73.234      75.135
20160517      76.133      93.542      68.344      68.141
20160518      74.824      76.481      78.578      77.734
20160519      87.932      87.541      83.566      83.658
20160520     121.448     144.534      93.920      92.376
20160521     172.357     151.284     132.851     146.869
20160522     206.112     190.802     158.078     173.087
20160523     245.337     217.851     192.898     218.149
20160524     235.129     174.265     203.840     219.899
20160525     228.366     190.437     172.530     206.990
20160526  -10000.000     186.040     180.613     213.944
20160527  -10000.000     199.246     185.039     164.330
20160528  -10000.000     224.265     200.185     194.434
20160529  -10000.000     232.009     222.874     220.185
20160530     199.705     198.148     221.575     209.585
20160531     288.995     277.774     215.228     212.940
20160601     343.181     262.616     265.386     241.438
20160602     342.198     242.752     255.160     311.639
20160603     334.096     252.516     250.374     310.168
20160604     308.125     256.294     254.187     318.831
20160605     278.598     244.467     252.364     290.520
20160606     247.619     234.495     239.789     257.296
20160607     227.062     222.523     228.411     233.315
20160608     219.453     203.335     213.065     208.761
20160609     180.958     161.918     186.762     192.026
20160610     132.017     134.746     152.921     149.541
20160611     101.111     118.174     131.255     117.619
20160612      87.313     109.570     117.928      91.944
20160613      84.056     107.384     111.057      82.771
20160614      88.596     112.505     108.963      81.621
20160615      97.514     131.709     115.206      93.918
20160616     114.878     122.933     121.360      98.540
20160617     128.015     118.186     122.380     109.757
20160618     135.684     125.196     123.172     124.618
20160619     135.918     101.607     112.986     117.324
20160620     111.034      80.293      96.587     118.327
20160621     130.856     130.262      97.012     111.916
20160622     132.638      89.196     116.432     124.716
20160623     119.893      84.017      89.632     109.320
20160624     125.786      90.119      86.943     111.082
20160625     192.456     191.192      99.572     132.894
20160626     181.892     117.107     153.423     185.104
20160627     203.394     144.549     125.244     153.702
20160628     212.213     132.459     135.853     169.328
20160629     169.326      80.538     125.062     172.398
20160630     136.641      90.571      88.391     136.974
20160701     153.642      93.204      94.001     128.141
20160702     163.443     108.707      98.729     140.649
20160703     168.264     114.476     121.291     167.502
20160704     149.162      85.738     113.169     152.903
20160705     119.541      65.815      90.902     136.076
20160706      93.296      54.832      68.194     101.546
20160707      75.778      43.447      52.758      70.629
20160708      68.381      53.085      46.052      69.938
20160709      69.095      57.977      55.789      77.238
20160710      76.816      46.919      53.635      63.630
20160711      99.883      98.489      73.738      98.528
20160712     125.721      83.943      95.180     107.760
20160713     149.669      98.727      80.390     109.521
20160714     135.524      64.350     103.239     138.925
20160715     105.340      44.134      64.458     110.879
20160716      94.929      62.105      47.739      83.592
20160717     143.087      96.701      80.203     119.202
20160718     172.280     105.373      90.465     138.736
20160719     130.683      58.742      92.746     144.459
20160720     144.380     127.364      67.978     114.360
20160721     123.739      71.906     108.058     135.584
20160722     114.815      59.139      87.669     114.673
20160723     102.531      50.776      60.128      95.871
20160724      86.845      42.942      48.942      81.710
20160725      75.519      36.277      43.676      74.751
20160726     105.203      82.515      53.905      89.273
20160727     126.831      60.718      72.961     100.682
20160728     166.739     125.981      90.780     147.513
20160729     191.188     104.820     114.338     148.288
20160730     169.251      97.617     104.294     148.312
20160731     140.206      87.770      97.184     148.237
