date          Qobs       Qsimobs        Qsim       Qusi
20150801       0.458       0.414       0.441       0.441
20150802       0.437       0.441       0.430       0.430
20150803  -10000.000       0.397       0.432       0.432
20150804  -10000.000       0.373       0.397       0.356
20150805  -10000.000       0.519       0.472       0.472
20150806  -10000.000       0.434       0.509       0.509
20150807  -10000.000       0.406       0.432       0.431
20150808       0.391       0.379       0.405       0.405
20150809       0.364       0.355       0.380       0.379
20150810  -10000.000       0.332       0.355       0.355
20150811  -10000.000       0.310       0.332       0.340
20150812  -10000.000       0.304       0.312       0.311
20150813  -10000.000       0.279       0.300       0.300
20150814  -10000.000       0.260       0.279       0.279
20150815       0.223       0.243       0.260       0.260
20150816       0.214       0.230       0.245       0.245
20150817  -10000.000       0.220       0.230       0.230
20150818  -10000.000       0.209       0.220       0.199
20150819  -10000.000       0.199       0.209       0.209
20150820  -10000.000       0.189       0.199       0.199
20150821  -10000.000       0.179       0.189       0.189
20150822       0.152       0.171       0.179       0.179
20150823       0.147       0.162       0.170       0.170
20150824  -10000.000       0.153       0.162       0.162
20150825  -10000.000       0.180       0.168       0.126
20150826  -10000.000       0.661       0.276       0.276
20150827  -10000.000       0.649       0.478       0.479
20150828  -10000.000       0.673       0.589       0.590
20150829       0.720       0.557       0.607       0.607
20150830       0.689       0.520       0.559       0.559
20150831  -10000.000       0.486       0.523       0.523
20150901  -10000.000       0.451       0.487       0.645
20150902  -10000.000       0.716       0.513       0.513
20150903  -10000.000       0.875       0.685       0.684
20150904  -10000.000       0.706       0.755       0.756
20150905       1.730       0.688       0.699       0.701
20150906       1.573       0.655       0.676       0.679
20150907  -10000.000       0.574       0.632       0.635
20150908  -10000.000       0.536       0.579       1.310
20150909  -10000.000       0.501       0.542       0.542
20150910  -10000.000       0.469       0.501       0.501
20150911  -10000.000       0.438       0.468       0.468
20150912       0.638       0.422       0.439       0.439
20150913       0.654       0.649       0.428       0.426
20150914  -10000.000       0.569       0.555       0.558
20150915  -10000.000       1.691       0.612       0.512
20150916  -10000.000       2.830       1.061       1.071
20150917  -10000.000       1.780       2.111       2.113
20150918  -10000.000       1.856       1.841       1.852
20150919       1.982       1.334       1.663       1.689
20150920       1.638       1.054       1.334       1.334
20150921  -10000.000       0.848       1.054       1.055
20150922  -10000.000       0.714       0.836       1.201
20150923  -10000.000       1.005       0.781       0.781
20150924  -10000.000       0.697       0.836       0.836
20150925  -10000.000       0.779       0.875       0.876
20150926       1.118       0.655       0.711       0.712
20150927       1.019       0.615       0.655       0.655
20150928  -10000.000       0.577       0.615       0.615
20150929  -10000.000       0.542       0.577       1.000
20150930  -10000.000       0.456       0.543       0.543
20151001  -10000.000       0.429       0.510       0.510
20151002  -10000.000       0.403       0.479       0.479
20151003       0.573       0.379       0.403       0.403
20151004       0.532       0.399       0.380       0.379
20151005  -10000.000       0.376       0.357       0.356
20151006  -10000.000       0.355       0.336       0.492
20151007  -10000.000       0.340       0.355       0.355
20151008  -10000.000       0.320       0.339       0.339
20151009  -10000.000       0.323       0.331       0.331
20151010  -10000.000       0.334       0.315       0.323
20151011       0.434       0.311       0.315       0.326
20151012  -10000.000       0.294       0.308       0.310
20151013  -10000.000       0.280       0.294       0.296
20151014  -10000.000       0.262       0.284       0.292
20151015  -10000.000       0.249       0.264       0.264
20151016  -10000.000       0.237       0.250       0.250
20151017       0.353       0.226       0.237       0.237
20151018       0.337       0.215       0.226       0.226
20151019  -10000.000       0.205       0.216       0.215
20151020  -10000.000       0.196       0.205       0.294
20151021  -10000.000       0.186       0.196       0.196
20151022  -10000.000       0.191       0.187       0.187
20151023  -10000.000       0.184       0.181       0.189
20151024       0.286       0.174       0.179       0.183
20151025       0.288       0.168       0.175       0.176
20151026       0.293       0.158       0.166       0.168
20151027  -10000.000       0.150       0.159       0.270
20151028  -10000.000       0.143       0.152       0.257
20151029  -10000.000       0.136       0.143       0.143
20151030  -10000.000       0.129       0.136       0.136
20151031  -10000.000       0.136       0.129       0.129
20151101       0.263       0.127       0.125       0.133
20151102       0.265       0.122   -9999.000   -9999.000
20151103  -10000.000       0.115       0.121       0.121
20151104  -10000.000       0.108       0.115       0.204
20151105  -10000.000       0.102       0.109       0.109
20151106  -10000.000       0.099       0.103       0.103
20151107  -10000.000       0.136       0.105       0.106
20151108       0.281       0.240       0.118       0.127
20151109       0.293       0.209       0.190       0.194
20151110  -10000.000       0.198       0.207   -9999.000
20151111  -10000.000       0.183       0.196       0.248
20151112  -10000.000       0.178       0.185       0.185
20151113  -10000.000       0.184       0.179       0.182
20151114  -10000.000       0.169       0.197       0.204
20151115       0.290       0.165       0.170       0.170
20151116       0.293       0.169       0.177       0.177
20151117  -10000.000       0.201       0.180   -9999.000
20151118  -10000.000       0.172       0.185       0.322
20151119  -10000.000       0.160       0.174       0.174
20151120  -10000.000       0.149       0.165       0.165
20151121  -10000.000       0.139       0.149       0.149
20151122       0.255       0.132       0.139       0.139
20151123       0.238       0.127       0.132       0.132
20151124  -10000.000       0.127       0.132   -9999.000
20151125  -10000.000       0.121       0.127       0.215
20151126  -10000.000       0.118       0.122       0.121
20151127  -10000.000       0.114       0.136       0.119
20151128  -10000.000       0.270       0.119       0.119
20151129       0.225       0.217       0.211       0.224
20151130       0.238       0.201       0.213       0.213
20151201  -10000.000       0.189       0.201       0.221
20151202  -10000.000       0.189       0.192       0.242
20151203  -10000.000       0.180       0.186       0.186
20151204  -10000.000       0.238       0.193       0.193
20151205  -10000.000       0.229       0.269       0.272
20151206       0.292       0.589       0.237       0.237
20151207       0.324       0.609       0.444       0.458
20151208  -10000.000       0.518       0.511       0.349
20151209  -10000.000       0.543       0.521       0.302
20151210  -10000.000       0.564       0.532       0.540
20151211  -10000.000       0.605       0.539       0.542
20151212  -10000.000       0.546       0.566       0.579
20151213       0.336       0.520       0.549       0.549
20151214       0.324       0.491       0.519       0.519
20151215  -10000.000       0.465       0.491       0.315
20151216  -10000.000       0.441       0.465       0.266
20151217  -10000.000       0.432       0.445       0.445
20151218  -10000.000       0.416       0.449       0.428
20151219  -10000.000       0.450       0.451       0.418
20151220       0.287       0.559       0.491       0.496
20151221       0.324       0.676   -9999.000   -9999.000
20151222  -10000.000       0.595   -9999.000   -9999.000
20151223  -10000.000       0.581       0.595       0.319
20151224  -10000.000       0.563       0.575       0.584
20151225  -10000.000       0.624       0.561       0.561
20151226  -10000.000       0.578       0.616       0.663
20151227       0.380       0.551       0.580       0.581
20151228       0.391       0.548       0.554       0.554
20151229  -10000.000       0.518       0.539       0.387
20151230  -10000.000       0.501       0.517       0.376
20151231  -10000.000       0.550       0.499       0.499
20160101  -10000.000       0.511       0.520       0.527
20160102  -10000.000       0.505       0.519       0.519
20160103       0.317       0.484       0.504       0.504
20160104       0.293       0.456       0.480       0.480
20160105  -10000.000       0.435       0.456       0.282
20160106  -10000.000       0.410       0.433       0.279
20160107  -10000.000       0.387       0.410       0.410
20160108  -10000.000       0.369       0.388       0.388
20160109  -10000.000       0.351       0.369       0.369
20160110       0.256       0.371       0.356       0.356
20160111       0.265       0.388       0.365       0.365
20160112  -10000.000       0.359       0.372       0.269
20160113  -10000.000       0.347       0.358       0.258
20160114  -10000.000       0.335       0.347       0.347
20160115  -10000.000       0.312       0.330       0.330
20160116  -10000.000       0.352       0.325       0.325
20160117       0.255       0.310       0.331       0.331
20160118       0.265       0.291       0.310       0.310
20160119  -10000.000       0.272       0.291       0.246
20160120  -10000.000       0.255       0.273       0.237
20160121  -10000.000       0.239       0.255       0.255
20160122  -10000.000       0.224       0.240       0.240
20160123       0.218       0.239       0.227       0.227
20160124       0.211       0.214       0.229       0.229
20160125       0.214       0.201       0.214       0.214
20160126  -10000.000       0.188       0.201       0.205
20160127  -10000.000       0.207       0.190       0.201
20160128  -10000.000       0.230       0.192       0.193
20160129  -10000.000       0.198       0.210       0.210
20160130       0.206       0.408       0.218       0.218
20160131       0.205       0.322       0.323       0.339
20160201       0.214       0.302       0.320       0.320
20160202  -10000.000       0.322       0.321       0.220
20160203  -10000.000       0.298       0.312       0.226
20160204  -10000.000       0.278       0.296       0.296
20160205  -10000.000       0.261       0.278       0.277
20160206       0.203       0.269       0.265       0.268
20160207       0.207       0.268       0.267       0.269
20160208       0.191       0.331       0.267       0.267
20160209  -10000.000       0.328       0.313       0.220
20160210  -10000.000       0.299       0.315       0.195
20160211  -10000.000       0.279       0.297       0.297
20160212  -10000.000       0.262       0.279       0.279
20160213       0.199       0.247       0.263       0.263
20160214       0.196       0.232       0.246       0.247
20160215       0.191       0.218       0.232       0.232
20160216  -10000.000       0.205       0.218       0.182
20160217  -10000.000       0.189       0.205       0.191
20160218  -10000.000       0.180       0.193       0.193
20160219  -10000.000       0.172       0.185       0.185
20160220       0.178       0.180       0.176       0.176
20160221       0.177       0.168       0.185       0.185
20160222       0.170       0.158       0.169       0.169
20160223  -10000.000       0.151       0.160       0.167
20160224  -10000.000       0.143       0.151       0.142
20160225  -10000.000       0.136       0.144       0.144
20160226  -10000.000       0.131       0.137       0.137
20160227       0.170       0.126       0.131       0.131
20160228       0.169       0.122       0.126       0.126
20160229       0.151       0.118       0.122       0.122
20160301  -10000.000       0.115       0.118       0.145
20160302  -10000.000       0.164       0.124       0.131
20160303  -10000.000       0.185       0.155       0.155
20160304  -10000.000       0.185       0.174       0.173
20160305       0.188       0.220       0.188       0.188
20160306       0.188       0.204       0.206       0.207
20160307       0.191       0.207       0.206       0.206
20160308  -10000.000       0.196       0.202       0.193
20160309  -10000.000       0.181       0.193       0.174
20160310  -10000.000       0.171       0.182       0.182
20160311  -10000.000       0.161       0.171       0.172
20160312       0.180       0.153       0.162       0.161
20160313       0.178       0.145       0.153       0.153
20160314       0.170       0.160       0.148       0.154
20160315  -10000.000       0.176       0.172       0.208
20160316  -10000.000       0.170       0.195       0.254
20160317  -10000.000       0.229       0.196       0.175
20160318  -10000.000       0.326       0.211       0.204
20160319       0.178       0.265       0.280       0.285
20160320       0.180       0.251       0.265       0.276
20160321       0.170       0.237       0.251       0.251
20160322  -10000.000       0.237       0.240       0.174
20160323   -9999.000   -9999.000       0.225       0.162
20160324  -10000.000       0.279   -9999.000   -9999.000
20160325  -10000.000       0.266   -9999.000   -9999.000
20160326  -10000.000       0.255   -9999.000   -9999.000
20160327       0.179       0.376       0.272       0.290
20160328  -10000.000       0.418       0.335       0.372
20160329  -10000.000       0.723       0.403       0.460
20160330  -10000.000       0.554       0.526       0.562
20160331  -10000.000       0.492       0.541       0.539
20160401  -10000.000       0.472       0.493       0.493
20160402       0.194       0.454       0.475       0.482
20160403       0.194       0.454       0.454       0.480
20160404  -10000.000       0.465       0.459       0.470
20160405  -10000.000       0.531       0.516       0.208
20160406  -10000.000       0.604       0.532       0.528
20160407  -10000.000       0.629       0.551       0.574
20160408  -10000.000       0.599       0.599       0.675
20160409       0.322       0.548       0.590       0.588
20160410       0.340       0.506       0.539       0.540
20160411  -10000.000       0.476       0.508       0.526
20160412  -10000.000       0.452       0.480       0.328
20160413  -10000.000       0.427       0.465       0.473
20160414  -10000.000       0.561       0.448       0.473
20160415  -10000.000       0.641       0.504       0.536
20160416       0.371       0.514       0.544       0.585
20160417       0.368       0.528       0.521       0.550
20160418  -10000.000       0.586       0.527       0.574
20160419  -10000.000       0.580       0.547       0.392
20160420  -10000.000       0.680       0.564       0.608
20160421  -10000.000       0.702       0.653       0.702
20160422  -10000.000       0.644       0.649       0.697
20160423       0.421       0.519       0.609       0.609
20160424       0.430       0.499       0.524       0.524
20160425  -10000.000       0.503       0.496       0.496
20160426  -10000.000       0.483       0.496       0.418
20160427  -10000.000       0.453       0.478       0.478
20160428  -10000.000       0.430       0.453       0.468
20160429  -10000.000       0.441       0.458       0.540
20160430       0.419       0.467       0.442       0.447
20160501       0.411       0.435       0.449       0.456
20160502  -10000.000       0.489       0.433       0.436
20160503  -10000.000       0.577       0.480       0.450
20160504  -10000.000       0.541       0.528       0.552
20160505  -10000.000       0.720       0.586       0.598
20160506  -10000.000       0.933       0.752       0.778
20160507       0.865       1.307       0.990       1.016
20160508       1.270       1.780       1.434       1.450
20160509  -10000.000       2.162       1.862       1.856
20160510  -10000.000       2.264       2.158       1.539
20160511  -10000.000       2.189       2.283       2.298
20160512  -10000.000       1.989       2.165       2.186
20160513  -10000.000       1.795       1.975       1.983
20160514  -10000.000       1.406       1.721       1.747
20160515  -10000.000       1.121       1.393       1.409
20160516  -10000.000       0.978       1.141       1.144
20160517  -10000.000       0.895       0.993       1.001
20160518  -10000.000       0.816       0.894       0.900
20160519  -10000.000       0.801       0.876       0.882
20160520  -10000.000       0.740       0.790       0.793
20160521  -10000.000       0.688       0.777       0.782
20160522       1.831       0.818       0.700       0.693
20160523  -10000.000       1.215       0.935       0.955
20160524  -10000.000       0.831       1.073       1.074
20160525  -10000.000       0.707       0.830       0.830
20160526  -10000.000       0.623       0.706       0.707
20160527  -10000.000       0.569       0.623       0.624
20160528       1.133       0.541       0.570       0.570
20160529       1.070       0.567       0.572       0.572
20160530  -10000.000       0.691       0.551       0.550
20160531  -10000.000       0.634       0.630       0.994
20160601  -10000.000       0.560       0.653       0.653
20160602  -10000.000       0.531       0.564       0.564
20160603  -10000.000       0.508       0.535       0.534
20160604       0.696       0.487       0.508       0.509
20160605       0.611       0.461       0.484       0.484
20160606  -10000.000       0.439       0.460       0.460
20160607  -10000.000       0.416       0.437       0.604
20160608  -10000.000       0.398       0.415       0.415
20160609  -10000.000       0.373       0.396       0.396
20160610  -10000.000       0.362       0.373       0.373
20160611       0.302       0.338       0.358       0.359
20160612       0.279       0.319       0.338       0.338
20160613       0.257       0.301       0.331       0.331
20160614  -10000.000       0.284       0.301       0.234
20160615  -10000.000       0.270       0.284       0.284
20160616  -10000.000       0.339       0.280       0.280
20160617  -10000.000       0.300       0.318       0.318
20160618       0.251       0.415       0.349       0.349
20160619       0.247       0.346       0.371       0.371
20160620  -10000.000       0.324       0.352       0.352
20160621  -10000.000       0.388       0.352       0.254
20160622  -10000.000       0.336       0.359       0.359
20160623  -10000.000       0.315       0.338       0.338
20160624  -10000.000       0.295       0.315       0.315
20160625  -10000.000       0.396       0.345       0.345
20160626       0.258       0.402       0.355       0.355
20160627  -10000.000       0.796       0.442       0.443
20160628  -10000.000       0.559       0.629       0.629
20160629  -10000.000       0.513       0.554       0.554
20160630  -10000.000       0.520       0.517       0.518
20160701  -10000.000       0.485       0.534       0.534
20160702       0.411       0.475       0.492       0.492
20160703       0.418       0.504       0.478       0.478
20160704  -10000.000       0.449       0.480       0.480
20160705  -10000.000       0.422       0.473       0.387
20160706  -10000.000       0.450       0.435       0.435
20160707  -10000.000       0.405       0.432       0.432
20160708  -10000.000       0.379       0.405       0.405
20160709  -10000.000       0.359       0.380       0.380
20160710       0.269       0.334       0.361       0.361
20160711  -10000.000       0.408       0.356       0.356
20160712  -10000.000       0.469       0.388       0.388
20160713  -10000.000       0.425       0.447       0.447
20160714  -10000.000       0.535       0.419       0.419
20160715  -10000.000       0.470       0.490       0.490
20160716       0.452       0.449       0.487       0.487
20160717       0.416       0.415       0.445       0.445
20160718  -10000.000       0.386       0.414       0.414
20160719  -10000.000       0.362       0.386       0.383
20160720  -10000.000       0.390       0.364       0.364
20160721  -10000.000       0.347       0.372       0.372
20160722  -10000.000       0.334       0.350       0.350
20160723       0.280       0.307       0.332       0.332
20160724       0.283       0.371       0.372       0.372
20160725  -10000.000       0.379       0.339       0.339
20160726  -10000.000       0.510       0.444       0.334
20160727  -10000.000       0.407       0.458       0.458
20160728  -10000.000       0.417       0.430       0.430
20160729  -10000.000       0.375       0.403       0.403
20160730  -10000.000       0.476       0.424       0.424
20160731  -10000.000       0.426       0.425       0.425
