date          Qobs       Qsimobs        Qsim       Qusi
20150801      14.586       7.938       9.479      13.820
20150802      13.006       7.520       7.918      13.791
20150803      11.747       7.284       7.496      12.297
20150804      10.592       6.903       7.283      11.523
20150805       9.597       6.459       6.902      10.189
20150806       9.005       6.257       6.626       9.192
20150807       8.669       6.032       6.329       8.587
20150808       8.461       5.798       6.002       8.261
20150809       8.408       5.499       6.209       8.122
20150810       8.054       5.229       5.639       8.028
20150811       7.441       4.988       5.346       7.610
20150812       7.193       5.633       5.052       7.289
20150813       7.589       5.211       5.557       7.088
20150814       7.678       5.088       5.146       6.903
20150815       7.362       4.661       5.005       7.284
20150816       6.722       4.442       4.657       6.960
20150817       6.163       4.204       4.472       6.659
20150818       5.733       3.977       4.201       6.030
20150819       5.338       3.787       3.976       5.417
20150820       4.966       3.592       3.794       5.065
20150821       4.671       3.417       3.602       4.709
20150822       4.445       3.268       3.426       4.410
20150823       4.252       3.151       3.273       4.328
20150824       4.101       3.024       3.159       4.158
20150825       4.001       2.923       3.030       3.962
20150826       3.968       2.818       2.942       3.764
20150827       3.976       2.746       2.859       3.734
20150828       4.106       2.721       2.725       3.788
20150829       4.367       2.870       2.794       4.007
20150830       4.613       2.703       2.869       4.233
20150831       4.797       2.566       2.751       4.476
20150901       4.872       2.620       2.659       4.350
20150902       4.758       2.332       2.658       4.667
20150903       4.443       2.177       2.319       4.444
20150904       4.055       2.105       2.183       4.203
20150905       3.729       2.301       2.102       3.987
20150906       3.369       2.116       2.210       3.601
20150907       3.027       1.927       2.089       3.269
20150908       2.727       1.836       1.990       3.034
20150909       2.443       1.779       1.998       2.777
20150910       2.204       1.713       1.909       2.466
20150911       2.008       1.613       1.692       2.184
20150912       1.841       1.560       1.634       1.970
20150913       1.714       1.518       1.560       1.823
20150914       1.583       1.502       1.499       1.660
20150915       1.511       1.466       1.482       1.592
20150916       1.448       1.447       1.452       1.478
20150917       1.375       1.422       1.436       1.448
20150918       1.334       1.437       1.433       1.375
20150919       1.551       2.966       1.508       1.416
20150920       1.794       2.615       2.613       2.077
20150921       2.040       2.246       2.508       1.703
20150922       2.190       2.168       2.261       1.808
20150923       2.333       2.289       2.277       2.104
20150924       2.358       2.210       2.293       2.224
20150925       2.341       2.072       2.175       2.236
20150926       2.483       2.332       2.237       2.407
20150927       2.735       4.121       2.238       2.446
20150928       2.945       3.620       3.548       2.809
20150929       3.081       3.402       2.980       2.710
20150930       3.336       5.300       2.795       2.832
20151001       3.617       4.044       4.794       3.336
20151002       3.835       3.691       4.060       3.106
20151003  -10000.000       3.379       3.688       3.364
20151004  -10000.000       3.114       3.383       3.424
20151005  -10000.000       2.842       3.091       3.084
20151006  -10000.000       2.647       2.822       2.818
20151007       2.885       2.514       2.647       2.647
20151008       2.669       2.358       2.479       2.479
20151009       2.302       2.225       2.328       2.328
20151010       2.055       2.111       2.225       2.011
20151011       1.867       2.001       2.112       2.112
20151012       1.805       1.921       2.005       1.793
20151013       1.808       1.991       1.924       1.760
20151014       1.808       1.828       1.927       1.746
20151015       1.892       1.873       1.832       1.642
20151016       2.022       1.796       1.838       1.770
20151017       2.159       1.732       1.795       1.914
20151018       2.557       3.738       1.734       2.071
20151019       2.729       2.622       3.029       2.848
20151020  -10000.000       2.373       2.537       2.582
20151021       2.982       2.236       2.375       2.390
20151022       2.832       2.138       2.241       2.241
20151023       2.742       2.048       2.142       2.142
20151024  -10000.000       1.962       2.048       2.508
20151025  -10000.000       2.162       1.965       2.470
20151026  -10000.000       1.980       2.071       2.056
20151027  -10000.000       1.902       1.976       1.972
20151028  -10000.000       1.813       1.898       1.892
20151029  -10000.000       1.737       1.818       1.817
20151030  -10000.000       1.664       1.741       1.740
20151031       1.543       1.596       1.665       1.665
20151101       1.675       1.536       1.601       1.600
20151102       1.789       1.482   -9999.000   -9999.000
20151103       1.879       1.438       1.492       2.063
20151104       1.928       1.415       1.444       1.838
20151105       1.902       1.364       1.399       1.756
20151106  -10000.000       1.311       1.345       1.812
20151107  -10000.000       1.262       1.307       1.620
20151108  -10000.000       1.214       1.263       1.262
20151109  -10000.000       1.170       1.217       1.216
20151110  -10000.000       1.129       1.171       1.171
20151111  -10000.000       1.085       1.129       1.129
20151112  -10000.000       1.047       1.091       1.091
20151113  -10000.000       1.011       1.053       1.053
20151114  -10000.000       0.977       1.012       1.012
20151115  -10000.000       0.945       0.981       0.979
20151116  -10000.000       0.914       0.945       0.945
20151117  -10000.000       0.888       0.914       0.913
20151118  -10000.000       0.861       0.884       0.884
20151119  -10000.000       0.835       0.857       0.856
20151120  -10000.000       0.812       0.836       0.835
20151121  -10000.000       0.789       0.813       0.812
20151122  -10000.000       0.768       0.790       0.789
20151123  -10000.000       0.761       0.769       0.768
20151124       0.651       0.742       0.748       0.748
20151125       0.637       0.723       0.728       0.728
20151126  -10000.000       0.705       0.725       0.724
20151127  -10000.000       0.707       0.714       0.584
20151128  -10000.000       0.686       0.711       0.701
20151129  -10000.000       0.671       0.686       0.683
20151130  -10000.000       0.665       0.673       0.672
20151201  -10000.000       0.663       0.664       0.664
20151202  -10000.000       0.661       0.664       0.663
20151203  -10000.000       0.659       0.665       0.664
20151204  -10000.000       0.700       0.665       0.665
20151205  -10000.000       0.693       0.674       0.667
20151206  -10000.000       0.704       0.683       0.683
20151207  -10000.000       0.701       0.688       0.686
20151208  -10000.000       0.705       0.707       0.703
20151209  -10000.000       0.698       0.712       0.704
20151210  -10000.000       0.722       0.707       0.703
20151211  -10000.000       0.705       0.722       0.709
20151212  -10000.000       0.703       0.706       0.706
20151213  -10000.000       0.709       0.704       0.704
20151214  -10000.000       0.709       0.703       0.702
20151215  -10000.000       0.721       0.713       0.709
20151216  -10000.000       0.730       0.724       0.715
20151217  -10000.000       0.724       0.718       0.714
20151218  -10000.000       0.722       0.711       0.711
20151219  -10000.000       0.724       0.725       0.724
20151220  -10000.000       0.730       0.726       0.724
20151221  -10000.000       0.735   -9999.000   -9999.000
20151222  -10000.000       0.730   -9999.000   -9999.000
20151223  -10000.000       0.725       0.730       0.728
20151224  -10000.000       0.724       0.729       0.729
20151225  -10000.000       0.725       0.729       0.729
20151226  -10000.000       0.734       0.730       0.728
20151227  -10000.000       0.735       0.738       0.730
20151228  -10000.000       0.736       0.738       0.732
20151229  -10000.000       0.729       0.736       0.731
20151230  -10000.000       0.726       0.731       0.730
20151231  -10000.000       0.724       0.728       0.727
20160101  -10000.000       0.721       0.724       0.723
20160102  -10000.000       0.718       0.721       0.721
20160103  -10000.000       0.715       0.718       0.718
20160104  -10000.000       0.712       0.715       0.715
20160105  -10000.000       0.710       0.713       0.712
20160106  -10000.000       0.707       0.710       0.710
20160107  -10000.000       0.704       0.707       0.707
20160108  -10000.000       0.701       0.704       0.704
20160109  -10000.000       0.699       0.702       0.702
20160110  -10000.000       0.699       0.699       0.699
20160111  -10000.000       0.695       0.699       0.698
20160112  -10000.000       0.693       0.697       0.696
20160113  -10000.000       0.690       0.693       0.693
20160114  -10000.000       0.688       0.690       0.690
20160115  -10000.000       0.685       0.687       0.688
20160116  -10000.000       0.683       0.685       0.685
20160117  -10000.000       0.682       0.683       0.683
20160118  -10000.000       0.684       0.684       0.683
20160119  -10000.000       0.681       0.683       0.681
20160120  -10000.000       0.678       0.682       0.680
20160121  -10000.000       0.675       0.678       0.678
20160122  -10000.000       0.674       0.675       0.675
20160123  -10000.000       0.671       0.675       0.674
20160124  -10000.000       0.668       0.671       0.671
20160125  -10000.000       0.671       0.670       0.670
20160126  -10000.000       0.681       0.668       0.668
20160127  -10000.000       0.683       0.677       0.673
20160128  -10000.000       0.677       0.684       0.678
20160129  -10000.000       0.673       0.675       0.673
20160130  -10000.000       0.676       0.674       0.674
20160131  -10000.000       0.680       0.681       0.679
20160201  -10000.000       0.677       0.682       0.677
20160202  -10000.000       0.672       0.677       0.675
20160203  -10000.000       0.670       0.673       0.673
20160204  -10000.000       0.680       0.671       0.671
20160205  -10000.000       0.675       0.680       0.674
20160206  -10000.000       0.671       0.674       0.673
20160207  -10000.000       0.669       0.673       0.673
20160208  -10000.000       0.670       0.676       0.672
20160209  -10000.000       0.669       0.675       0.674
20160210  -10000.000       0.681       0.668       0.667
20160211  -10000.000       0.679       0.674       0.670
20160212  -10000.000       0.675       0.680       0.676
20160213  -10000.000       0.671       0.675       0.674
20160214  -10000.000       0.669       0.672       0.672
20160215  -10000.000       0.667       0.671       0.670
20160216  -10000.000       0.669       0.668       0.668
20160217  -10000.000       0.654       0.670       0.668
20160218  -10000.000       0.651       0.665       0.665
20160219  -10000.000       0.649       0.661       0.661
20160220  -10000.000       0.647       0.649       0.649
20160221  -10000.000       0.644       0.647       0.647
20160222  -10000.000       0.641       0.653       0.649
20160223  -10000.000       0.641       0.643       0.643
20160224  -10000.000       0.680       0.643       0.643
20160225  -10000.000       0.659       0.679       0.658
20160226  -10000.000       0.655       0.659       0.658
20160227  -10000.000       0.653       0.656       0.656
20160228  -10000.000       0.650       0.654       0.653
20160229  -10000.000       0.662       0.652       0.652
20160301  -10000.000       0.653       0.662       0.655
20160302  -10000.000       0.646       0.653       0.652
20160303  -10000.000       0.643       0.651       0.651
20160304       0.272       0.641       0.648       0.648
20160305  -10000.000       0.639       0.641       0.641
20160306  -10000.000       0.636       0.639       0.278
20160307  -10000.000       0.638       0.637       0.637
20160308       0.265       0.637       0.635       0.635
20160309       0.264       0.635       0.633       0.633
20160310       0.265       0.632       0.634       0.634
20160311       0.267       0.630       0.633       0.262
20160312       0.268       0.631       0.631       0.271
20160313       0.269       0.627       0.631       0.266
20160314       0.273       0.703       0.629       0.270
20160315       0.286       0.705       0.630       0.276
20160316       0.486       0.698       0.638       0.284
20160317       2.306       0.722       0.705       0.308
20160318       3.691       0.720       0.727       0.286
20160319       3.165       0.716       0.723       2.763
20160320       0.768       0.716       0.719       4.061
20160321       0.424       0.711       0.717       1.136
20160322       0.377       0.711       0.711       0.467
20160323   -9999.000   -9999.000       0.708       0.371
20160324       0.351       0.691   -9999.000   -9999.000
20160325       0.359       0.683   -9999.000   -9999.000
20160326       0.364       0.685   -9999.000   -9999.000
20160327       0.354       0.701       0.688       0.359
20160328       0.348       0.705       0.682       0.362
20160329       0.349       0.701       0.679       0.356
20160330       0.343       0.697       0.697       0.358
20160331       0.337       0.694       0.699       0.344
20160401       0.331       0.692       0.696       0.334
20160402       0.331       0.689       0.692       0.330
20160403       0.349       0.686       0.689       0.324
20160404       0.319       0.685       0.689       0.361
20160405       0.310       0.682       0.684       0.322
20160406       0.305       0.697       0.681       0.321
20160407       0.298       0.699       0.682       0.315
20160408       0.298       0.700       0.684       0.304
20160409       0.292       0.697       0.700       0.303
20160410       0.286       0.693       0.697       0.292
20160411       0.280       0.686       0.693       0.287
20160412       0.281       0.687       0.691       0.290
20160413       0.277       0.687       0.693       0.287
20160414       0.273       0.682       0.687       0.277
20160415       0.269       0.679       0.684       0.274
20160416       0.261       0.677       0.680       0.282
20160417       0.257       0.676       0.678       0.268
20160418       0.252       0.672       0.676       0.263
20160419       0.245       0.670       0.673       0.258
20160420       0.241       0.667       0.670       0.246
20160421       0.237       0.665       0.667       0.240
20160422       0.232       0.662       0.665       0.237
20160423       0.229       0.661       0.663       0.233
20160424       0.228       0.658       0.663       0.228
20160425       0.227       0.655       0.659       0.228
20160426       0.226       0.655       0.656       0.230
20160427       0.239       0.657       0.654       0.233
20160428       0.236       0.652       0.656       0.222
20160429       0.245       0.649       0.652       0.238
20160430       0.245       0.647       0.650       0.236
20160501       0.245       0.645       0.647       0.246
20160502       0.246       0.655       0.645       0.238
20160503       0.250       0.717       0.643       0.240
20160504       0.251       0.855       0.676       0.250
20160505       0.253       0.778       0.768       0.272
20160506       0.257       0.928       0.769       0.260
20160507       0.265       0.957       0.861       0.281
20160508       0.285       1.071       0.916       0.284
20160509       0.296       1.016       1.008       0.293
20160510       0.303       0.970       1.000       0.303
20160511       0.309       0.942       0.972       0.294
20160512       0.313       0.921       0.944       0.301
20160513       0.318       0.889       0.918       0.306
20160514       0.322       0.880       0.890       0.308
20160515       0.322       0.850       0.875       0.326
20160516       0.323       0.827       0.852       0.323
20160517       0.329       0.811       0.830       0.316
20160518       0.327       0.794       0.813       0.333
20160519       0.326       0.771       0.795       0.319
20160520       0.325       0.754       0.771       0.317
20160521       0.328       1.150       0.754       0.318
20160522       0.358       1.614       1.037       0.428
20160523       0.412       2.165       1.226       0.416
20160524       0.484       2.261       1.815       0.502
20160525       0.585       2.620       1.980       0.492
20160526       0.738       2.335       2.211       0.575
20160527       0.960       2.689       2.277       0.638
20160528       1.238       3.720       2.566       0.952
20160529       1.645       4.576       3.391       1.404
20160530       2.271       5.716       4.358       1.762
20160531       3.429       6.676       5.321       2.319
20160601       4.871       7.281       6.249       3.279
20160602       6.738       6.941       6.688       4.570
20160603       8.319       7.333       6.710       5.905
20160604       8.585       6.443       6.891       7.764
20160605       7.965       5.828       6.373       8.177
20160606       7.055       5.446       5.820       7.737
20160607       6.289       6.098       5.395       7.029
20160608       5.938       5.201       5.747       6.436
20160609       5.388       4.788       5.185       5.472
20160610       4.680       4.643       4.766       5.027
20160611       4.205       4.863       4.546       4.675
20160612       3.858       5.148       4.703       4.385
20160613       3.661       4.951       4.822       3.953
20160614       3.582       4.823       4.857       3.664
20160615       3.543       4.688       4.662       3.732
20160616       3.661       5.323       4.700       3.638
20160617       4.119       6.341       5.542       4.104
20160618       5.338       6.833       6.158       3.960
20160619       7.591       7.074       6.557       4.899
20160620       9.707       7.214       6.804       6.715
20160621      10.331       7.717       6.869       6.792
20160622       9.917       7.895       7.548      10.300
20160623       9.373       7.805       7.549      10.052
20160624       9.379       9.134       7.781       9.618
20160625       9.793       8.748       8.572       9.402
20160626      10.648       8.981       8.503       8.459
20160627      11.588       9.870       8.879      10.259
20160628      13.957      11.158       9.716      11.535
20160629      15.947      11.312      10.727      13.719
20160630      16.674      11.174      10.842      15.060
20160701      16.668      12.053      11.115      14.870
20160702      16.853      11.973      11.744      16.433
20160703      17.986      13.248      12.821      17.518
20160704      18.090      12.543      12.775      17.549
20160705      15.564      12.203      12.294      17.507
20160706      13.837      13.344      12.379      16.051
20160707      12.722      12.398      13.015      14.177
20160708      11.351      11.804      12.235      12.504
20160709      10.065      11.156      11.707      11.189
20160710       9.166      10.628      11.068       9.862
20160711       8.523      10.450      10.564       9.088
20160712       7.838      10.223      10.484       8.622
20160713       7.393      10.453      10.258       8.088
20160714       7.306       9.745      10.216       7.424
20160715       7.068       9.197       9.623       6.713
20160716       6.741       9.242       9.152       7.056
20160717       7.110      11.481       9.390       6.859
20160718       7.510       9.805      10.895       7.230
20160719       7.652       9.359       9.679       7.254
20160720       7.245       8.722       9.287       7.223
20160721       6.568       8.295       8.697       6.975
20160722       5.910       8.151       8.381       6.631
20160723       5.457       8.024       8.156       5.914
20160724       5.171       7.879       7.976       5.412
20160725       5.149       7.443       7.803       5.062
20160726       5.292       7.055       7.425       4.859
20160727       5.308       7.125       7.207       5.130
20160728       5.313       7.796       7.145       5.369
20160729       5.144       6.989       7.529       6.412
20160730       4.945       6.634       6.959       4.960
20160731       4.782       6.645       6.608       4.799
