date          Qobs       Qsimobs        Qsim       Qusi
20150801       3.347       2.852       3.382       3.335
20150802       3.562       3.041       2.806       3.232
20150803       4.063       6.390       3.538       3.628
20150804       3.603       4.477       5.475       3.952
20150805       4.335       6.812       5.029       4.094
20150806       4.485       5.200       6.292       4.101
20150807       4.012       5.178       4.948       2.630
20150808       4.039       4.214       4.757       3.661
20150809  -10000.000       3.348       4.580       3.777
20150810  -10000.000       4.436       3.773       2.298
20150811  -10000.000       4.623       3.909       4.059
20150812       3.304       4.675       3.718       4.021
20150813       2.938       2.629       4.876       4.847
20150814       2.632       2.486       3.008       2.534
20150815       2.433       2.995       2.711       2.636
20150816       2.358       3.596       3.006       2.883
20150817       2.409       3.269       3.343       2.516
20150818       2.391       2.972       3.242       2.311
20150819       2.242       3.045       3.046       2.316
20150820       2.154       2.597       3.004       2.277
20150821       2.128       2.072       2.536       1.828
20150822       2.117       2.131       2.074       1.816
20150823       2.115       1.931       2.133       2.134
20150824       2.117       1.815       1.934       1.986
20150825       2.120       1.729       1.817       1.844
20150826       2.114       1.686       1.728       1.732
20150827       2.226       2.221       1.703       2.022
20150828       2.707       7.266       4.826       5.074
20150829       2.625       2.849       5.038       3.252
20150830       2.356       2.232       2.790       1.902
20150831       2.178       1.934       2.671       2.447
20150901       2.118       1.661       2.333       2.334
20150902       2.097       1.526       1.677       1.822
20150903       1.985       1.476       1.658       1.854
20150904       1.870       1.334       1.415       1.830
20150905       2.004       4.010       1.762       2.486
20150906       2.068       3.059       3.712       2.167
20150907       2.214       2.364       2.808       1.998
20150908       2.286       1.927       2.976       2.260
20150909       2.093       1.814       2.290       2.227
20150910       1.945       1.732       1.988       2.099
20150911       1.879       1.609       1.714       1.920
20150912       1.852       1.508       1.604       1.724
20150913       1.799       1.420       1.493       1.684
20150914       1.707       1.339       1.401       1.408
20150915       1.651       1.268       1.304       1.554
20150916  -10000.000       1.300       1.286       1.505
20150917  -10000.000       1.120       1.253       1.507
20150918  -10000.000       1.348       1.540       1.564
20150919  -10000.000       3.178       2.012       2.255
20150920  -10000.000       2.851       2.792       2.793
20150921  -10000.000       1.845       2.434       2.288
20150922  -10000.000       2.469       1.721       1.760
20150923  -10000.000       1.686       2.047       1.975
20150924       1.966       1.609       1.675       1.704
20150925       1.991       2.781       1.897       1.948
20150926       1.992       2.428       2.447       2.482
20150927       1.898       1.735       2.417       2.000
20150928       1.792       1.480       1.777       1.502
20150929       1.699       1.486       1.557       1.710
20150930       1.621       1.165       1.509       1.712
20151001       1.769       1.426       1.861       2.002
20151002       1.872       1.659       1.684       1.824
20151003       2.007       2.089       1.934       2.344
20151004       1.878       1.538       1.913       1.948
20151005       1.805       1.490       1.650       2.065
20151006       1.714       1.321       1.252       1.571
20151007       1.629       1.239       1.313       1.618
20151008       1.598       1.138       1.192       1.510
20151009       1.566       1.066       1.122       1.454
20151010       1.523       0.991       1.058       1.413
20151011       1.485       0.928       0.988       1.452
20151012  -10000.000       0.855       0.926       1.363
20151013       1.354       0.799       0.864       1.316
20151014       1.287       0.743       0.805       0.806
20151015       1.244       0.694       0.743       0.744
20151016  -10000.000       0.652       0.696       1.156
20151017       1.102       0.605       0.650       1.030
20151018       1.073       0.566       0.605       0.605
20151019       1.028       0.526       0.565       0.566
20151020       1.005       0.490       0.527       0.924
20151021       0.986       0.464       0.498       0.819
20151022       0.964       0.835       0.881       1.632
20151023       1.500       2.764       1.436       2.078
20151024       1.290       1.046       1.811       1.059
20151025       1.215       1.794       1.227       1.335
20151026       1.167       1.529       1.909       1.468
20151027       1.155       1.449       1.569       1.153
20151028       1.052       1.015       1.298       1.106
20151029       1.001       0.946       1.031       0.858
20151030  -10000.000       0.883       1.004       0.975
20151031       1.010       1.018       0.971       0.897
20151101       0.963       1.011       1.166       1.194
20151102       0.974       0.955   -9999.000   -9999.000
20151103       0.957       0.902       0.961       0.949
20151104       0.958       1.205       1.254       1.249
20151105       0.957       0.839       1.022       0.854
20151106       0.956       0.784       0.825       0.748
20151107       1.005       0.933       1.001       1.133
20151108       1.014       0.913       0.997       0.996
20151109       0.982       0.757       0.890       0.852
20151110       0.985       0.972       0.902       1.215
20151111       1.107       1.659       1.363       1.982
20151112       1.035       0.930       1.526       1.787
20151113       0.969       0.804       0.853       0.875
20151114       0.902       1.029       0.795       0.913
20151115       0.879       1.096       1.054       1.097
20151116       0.878       0.857       1.040       1.024
20151117       0.864       0.824       0.922       0.823
20151118       0.838       0.760       0.802       0.796
20151119       0.730       0.698       0.750       0.799
20151120       0.671       0.670       0.960       0.919
20151121       0.667       0.629       0.785       0.700
20151122       0.580       0.594       0.634       0.642
20151123       0.572       0.537       0.843       1.462
20151124       0.598       0.522       0.568       0.577
20151125       0.592       0.514       0.524       0.531
20151126  -10000.000       0.528       0.952       1.559
20151127  -10000.000       2.411       1.750       4.393
20151128  -10000.000       1.516       2.167       1.754
20151129       1.613       0.787       1.255       1.138
20151130       1.265       0.685       0.797       0.796
20151201       1.292       1.467       1.066       1.085
20151202       1.296       1.353       1.409       1.832
20151203       1.229       2.153       1.082       1.049
20151204       1.163       1.760       1.741       1.578
20151205       1.264       1.670       1.818       1.412
20151206       1.327       1.954       1.901       0.968
20151207  -10000.000       3.505       2.758       1.557
20151208  -10000.000       1.712       2.221       2.393
20151209       1.760       4.162       1.548       1.590
20151210       1.690       4.109       3.153       3.261
20151211       1.423       3.376       3.687       3.718
20151212       1.220       3.598       3.455       1.543
20151213       1.193       2.577       3.099       1.396
20151214  -10000.000       1.817       2.477       1.066
20151215  -10000.000       1.643       2.053       0.920
20151216  -10000.000       1.309       1.563       1.744
20151217  -10000.000       1.249       1.764       2.050
20151218  -10000.000       2.280       1.496       1.601
20151219  -10000.000       3.430       3.450       3.712
20151220  -10000.000       3.847       3.813       3.832
20151221       3.914       4.428   -9999.000   -9999.000
20151222       2.421       3.812   -9999.000   -9999.000
20151223       1.996       3.189       3.661       3.852
20151224  -10000.000       3.198       3.128       1.888
20151225  -10000.000       3.457       3.091       1.361
20151226       1.211       5.031       4.673       4.668
20151227       1.317       2.619       3.464       3.155
20151228  -10000.000       2.024       2.499       1.279
20151229  -10000.000       1.757       2.029       1.013
20151230  -10000.000       2.966       1.709       1.938
20151231  -10000.000       5.282       2.371       2.640
20160101  -10000.000       4.590       4.535       4.717
20160102       1.063       3.777       4.402       4.400
20160103       0.896       3.014       3.707       3.706
20160104       0.785       2.451       3.014       3.014
20160105       0.761       2.009       2.451       0.764
20160106       0.774       1.682       2.009       0.650
20160107       0.757       1.541       1.682       0.712
20160108       0.694       1.440       1.541       0.780
20160109       0.688       1.346       1.440       0.659
20160110  -10000.000       1.257       1.345       0.694
20160111       0.669       1.174       1.257       0.596
20160112       0.665       1.097       1.188       1.185
20160113       0.647       1.025       1.102       0.665
20160114       0.601       0.958       1.025       0.610
20160115       0.546       0.926       0.958       0.658
20160116       0.501       0.851       0.899       0.518
20160117       0.472       0.904       0.880       0.496
20160118       0.469       1.488       1.506       0.812
20160119  -10000.000       1.071       1.254       0.446
20160120       0.476       0.808       1.251       0.310
20160121       0.482       1.109       0.908       0.906
20160122       0.485       0.615       0.721       0.380
20160123       0.517       0.562       0.636       0.564
20160124       0.518       0.704       0.632       0.626
20160125       0.587       1.090       1.323       1.373
20160126       1.427       4.717       1.050       0.714
20160127       1.192       3.559       3.842       2.039
20160128       0.984       3.008       3.802       1.470
20160129       0.875       2.146       3.047       1.030
20160130       0.861       5.297       2.465       0.999
20160131       0.757       3.012       4.314       1.071
20160201       0.708       2.388       3.085       0.800
20160202       0.679       1.896       2.554       0.718
20160203       0.659       1.941       2.056       0.680
20160204       0.721       2.668       2.503       0.784
20160205       0.747       2.012       2.138       0.658
20160206       0.738       1.679       1.459       0.587
20160207       0.729       2.199       1.566       0.907
20160208       0.686       4.299       1.857       0.801
20160209       0.632       3.365       3.400       0.884
20160210       0.598       2.516       3.208       0.711
20160211       0.580       2.312       2.732       0.584
20160212       0.566       1.893       2.476       0.525
20160213       0.528       1.597       1.782       1.773
20160214       0.539       1.313       1.504       0.484
20160215       0.578       1.497       1.419       0.539
20160216       0.567       1.262       1.376       1.365
20160217       0.584       1.233       1.165       0.526
20160218       0.513       1.453       1.178       0.596
20160219       0.498       1.158       1.358       0.589
20160220       0.611       1.077       1.147       0.491
20160221  -10000.000       0.983       1.067       0.514
20160222  -10000.000       0.910       1.027       0.520
20160223       0.576       0.861       1.011       1.024
20160224       0.576       1.731       1.551       1.551
20160225       0.603       1.898       1.241       1.211
20160226       0.682       3.653       1.944       0.657
20160227       0.696       2.180       2.343       0.702
20160228       0.707       1.531       1.765       0.528
20160229       0.699       0.918       1.230       0.539
20160301       0.697       0.720       0.873       0.577
20160302       0.657       0.636       0.729       0.630
20160303       0.638       0.574       0.639       0.626
20160304       0.622       0.524       0.684       0.706
20160305       0.620       0.807       0.796       0.936
20160306       0.613       0.475       0.575       0.574
20160307       0.607       0.430       0.484       0.566
20160308       0.608       0.453       0.492       0.634
20160309       0.610       0.373       0.405       0.598
20160310       0.606       0.342       0.370       0.519
20160311       0.602       0.317       0.341       0.532
20160312       0.602       0.295       0.329       0.564
20160313       0.604       0.307       0.361       0.839
20160314       1.275       1.402       1.782       4.174
20160315       2.074       0.842       1.255       0.991
20160316       2.071       0.676       1.270       3.660
20160317       1.555       0.723       0.923       3.262
20160318       1.556       1.203       0.795       2.403
20160319       1.401       0.773       0.989       0.957
20160320       1.437       1.272       1.305       2.004
20160321       1.247       0.912       0.998       1.095
20160322       1.163       0.738       0.735       0.757
20160323   -9999.000   -9999.000       0.604       0.927
20160324  -10000.000       0.457   -9999.000   -9999.000
20160325       0.928       0.710   -9999.000   -9999.000
20160326       0.906       0.750   -9999.000   -9999.000
20160327       1.089       3.149       0.805       1.135
20160328  -10000.000       4.399       1.824       1.946
20160329  -10000.000       6.110       3.176       1.562
20160330  -10000.000       3.818       4.461       4.752
20160331  -10000.000       2.789       3.661       3.624
20160401  -10000.000       2.355       3.027       3.026
20160402  -10000.000       1.832       2.300       2.304
20160403  -10000.000       1.560       1.877       1.962
20160404       1.187       2.078       1.530       1.876
20160405       1.573       2.261       1.797       2.276
20160406       1.881       1.712       1.990       2.656
20160407       2.258       1.680       1.718       1.751
20160408  -10000.000       1.494       1.689       2.055
20160409  -10000.000       1.156       1.380       2.329
20160410  -10000.000       0.998       1.145       1.144
20160411  -10000.000       0.932       0.998       0.998
20160412       1.348       0.894       0.928       0.929
20160413       1.337       0.843       0.886       0.886
20160414       1.228       0.790       0.845       0.844
20160415       1.100       0.796       0.831       1.257
20160416       1.055       0.687       0.821       1.191
20160417       1.071       0.636       0.708       0.708
20160418  -10000.000       0.659       0.665       1.082
20160419  -10000.000       0.973       0.862       1.566
20160420       1.493       1.761       1.051       1.144
20160421       1.401       1.093       1.224       1.279
20160422       1.328       1.787       1.675       1.643
20160423       1.183       1.142       1.124       0.936
20160424       1.079       0.654       0.865       0.761
20160425       1.003       0.539       0.625       0.928
20160426       0.991       0.477       0.562       0.559
20160427       0.982       0.432       0.496       0.830
20160428       1.001       0.431       0.433       0.831
20160429       1.084       0.988       0.551       1.443
20160430       1.084       1.289       0.765       1.023
20160501       1.121       1.347       0.951       1.145
20160502       1.342       1.832       1.148       1.373
20160503       2.169       2.989       1.695       1.704
20160504       2.916       2.178       2.341       2.412
20160505       3.079       3.970       2.132       2.926
20160506       3.618       6.445       3.496       4.940
20160507       4.570       7.499       5.365       6.792
20160508       8.482      10.638       7.620       6.174
20160509      11.076      13.047       9.976       6.084
20160510      13.318      15.265      12.521      13.402
20160511       7.611       5.605      10.091      11.260
20160512       7.582       7.718       6.270       6.980
20160513       6.084       4.904       5.954       6.052
20160514  -10000.000       3.821       4.876       5.017
20160515  -10000.000       3.452       3.979       4.688
20160516       3.188       2.488       3.169       3.167
20160517       3.531       2.808       2.587       2.688
20160518       3.258       2.067       2.780       2.786
20160519       2.916       1.794       2.231       3.313
20160520       3.324       1.495       1.680       2.484
20160521       5.283       3.468       1.804       4.021
20160522       8.972       5.436       3.116       5.586
20160523      13.420       9.485       4.848      10.556
20160524      10.011       4.892       6.123      15.572
20160525       7.907       4.170       4.865       9.857
20160526       7.561       3.597       4.078       7.330
20160527       7.825       4.641       3.884       8.497
20160528      10.177       8.081       4.731       8.773
20160529      12.313       9.296       6.631      11.041
20160530      12.308       8.313       8.237       8.647
20160531      15.808       9.883       8.233      11.849
20160601      18.425       8.534       8.833      12.526
20160602      18.029       7.912       8.846      17.224
20160603      16.077       6.982       7.790      15.617
20160604      11.668       4.685       5.371       8.486
20160605       9.487       3.650       4.348       4.675
20160606       7.285       3.490       3.735       7.896
20160607       7.968       4.833       3.771       5.869
20160608       9.565       4.189       4.008       4.195
20160609       7.298       2.776       3.239       7.730
20160610  -10000.000       2.324       2.767       6.123
20160611  -10000.000       2.012       2.342       5.440
20160612       4.015       2.193       2.090       2.103
20160613       4.565       2.316       2.150       2.187
20160614       4.756       2.270       2.184       2.252
20160615       4.793       2.318       2.319       4.787
20160616       5.803       3.652       2.414       4.826
20160617       7.235       4.732       3.657       7.939
20160618       6.603       2.373       3.534       6.344
20160619       5.154       2.231       2.378       5.103
20160620       4.226       1.977       2.113       5.565
20160621       4.712       2.539       2.135       4.011
20160622       5.059       2.244       2.307       4.720
20160623       4.698       2.727       2.507       3.796
20160624       4.931       2.723       2.851       5.133
20160625       6.071       5.970       3.155       5.788
20160626       6.286       3.402       4.461       7.345
20160627       7.221       3.950       4.272       4.186
20160628  -10000.000       5.446       3.539       6.300
20160629  -10000.000       3.114       4.514       7.644
20160630  -10000.000       3.281       3.410       3.410
20160701  -10000.000       3.207       3.072       3.125
20160702  -10000.000       2.602       2.722       2.801
20160703  -10000.000       5.346       4.339       4.385
20160704       3.954       2.568       3.710       3.655
20160705       4.237       2.423       3.495       3.505
20160706       4.144       3.296       2.353       2.382
20160707       3.787       2.411       2.680       3.419
20160708       3.277       2.181       2.319       3.232
20160709       3.439       3.687       2.358       3.184
20160710       3.547       3.734       3.278       3.561
20160711       3.907       3.196       3.297       3.438
20160712       4.254       7.200       3.484       3.722
20160713       3.896       3.920       5.149       4.420
20160714       4.301       5.179       3.745       2.840
20160715       3.864       4.785       4.073       3.644
20160716       3.543       3.613       3.249       3.205
20160717       3.414       3.561       3.746       3.319
20160718       3.220       3.238       3.962       3.680
20160719       2.947       2.622       3.023       2.738
20160720       2.769       2.458       2.722       2.723
20160721       2.844       2.258       2.439       2.520
20160722       3.153       2.202       2.279       2.602
20160723       3.262       4.047       2.984       3.912
20160724       3.137       3.482       3.326       3.175
20160725       3.034       4.124       3.231       3.032
20160726       3.552       3.146       3.561       2.840
20160727       4.949       8.493       4.293       3.862
20160728       3.772       3.957       5.729       4.793
20160729       3.239       3.863       4.182       3.155
20160730       3.395       5.044       5.413       4.634
20160731       3.427       4.689       5.822       4.955
