date          Qobs       Qsimobs        Qsim       Qusi
20150801       0.802       0.556       0.828       0.710
20150802       0.766       0.472       0.592       0.626
20150803       0.710       0.378       0.459       0.602
20150804       0.650       0.328       0.381       0.560
20150805       0.590       0.294       0.563       0.864
20150806       0.544       0.264       0.292       0.547
20150807       0.602       0.730       0.552       0.873
20150808       0.672       1.174       0.513       0.452
20150809       0.653       0.552       0.845       0.591
20150810       0.601       0.436       0.544       0.480
20150811       0.641       0.351       0.553       0.516
20150812       0.844       1.713       0.616       0.802
20150813      11.786       0.804       1.141       0.808
20150814       1.001       0.589       0.761       0.666
20150815       0.755       0.489       0.589       1.074
20150816       0.719       0.826       0.522       0.612
20150817       0.700       0.530       0.647       0.604
20150818       0.662       0.399       0.492       0.562
20150819       0.612       0.331       0.399       0.542
20150820       0.560       0.290       0.331       0.516
20150821       0.511       0.254       0.290       0.500
20150822       0.466       0.222       0.254       0.426
20150823       0.425       0.194       0.223       0.388
20150824       0.390       0.165       0.194       0.402
20150825       0.376       0.144       0.170       0.371
20150826       0.365       0.158       0.235       0.480
20150827       0.363       0.208       0.150       0.302
20150828       0.467       1.802       0.366       0.600
20150829       0.644       1.489       1.112       0.488
20150830       0.899       2.680       1.594       0.860
20150831       2.152       6.524       2.102       1.054
20150901       2.437       2.251       4.226       2.479
20150902       2.046       1.783       2.392       1.644
20150903       1.705       1.459       1.870       1.695
20150904       1.481       1.196       1.459       1.450
20150905       2.443       3.639       1.861       1.852
20150906       3.667       5.374       2.678       2.179
20150907       3.165       3.121       3.748       3.515
20150908       2.630       2.107       2.663       2.336
20150909       2.226       1.872       2.370       2.109
20150910       1.915       1.546       1.872       1.833
20150911       1.661       1.274       1.401       1.590
20150912       1.459       1.047       1.274       1.395
20150913       1.303       0.875       1.048       1.208
20150914       1.177       0.736       0.888       1.064
20150915       1.086       0.611       0.727       0.932
20150916       0.986       0.902       0.833       1.147
20150917       0.910       0.541       0.711       0.780
20150918       0.852       0.646       0.562       0.750
20150919       0.819       0.902       0.790       0.986
20150920       0.809       0.780       0.922       0.903
20150921       0.814       0.558       1.102       0.770
20150922       0.815       0.445       0.805       0.648
20150923       0.802       0.557       0.445       0.686
20150924       0.860       1.864       0.376       0.624
20150925       1.418       2.557       1.658       1.296
20150926       2.315       3.349       2.478       1.664
20150927       2.490       2.079       2.500       2.099
20150928       2.268       1.584       1.977       2.013
20150929       1.737       1.297       1.575       1.891
20150930       3.368       3.392       1.488       1.644
20151001       6.260       6.271       3.496       3.253
20151002       5.673       3.706       4.692       5.150
20151003       4.640       3.564       3.208       3.695
20151004       4.031       3.851       3.676       4.141
20151005       3.378       2.722       3.322       3.460
20151006       2.553       2.024       2.476       2.737
20151007       1.973       1.682       2.024       2.155
20151008       1.584       1.396       1.681       1.679
20151009       1.323       1.173       1.503       1.480
20151010       1.126       0.991       1.168       1.135
20151011       0.974       0.814       0.984       0.966
20151012       0.855       0.674       0.814       0.812
20151013       0.771       0.606       0.677       0.690
20151014       0.709       0.722       0.600       0.631
20151015       0.639       0.486       0.639       0.638
20151016       0.570       0.431       0.486       0.524
20151017       0.534       0.430       0.431       0.517
20151018       0.505       0.392       0.413       0.478
20151019       0.495       0.686       0.373       0.444
20151020       0.496       0.406       0.538       0.470
20151021       0.771       2.247       0.677       0.655
20151022       1.731       2.812       2.068       1.165
20151023       3.000       9.916       2.689       1.758
20151024       2.740       3.104       6.383       3.958
20151025       4.431      10.224       5.204       3.360
20151026       4.973       7.258       7.473       5.242
20151027       4.271       3.865       6.356       4.729
20151028       3.128       2.431       3.507       2.860
20151029       2.310       1.991       2.430       2.367
20151030       1.824       1.653       1.993       1.957
20151031       1.678       1.670       1.960       1.896
20151101       2.110       2.791       2.160       1.997
20151102       2.540       2.136   -9999.000   -9999.000
20151103       2.204       2.887       1.989       2.061
20151104       2.698       4.232       4.113       3.603
20151105       2.487       2.264       3.006       2.357
20151106       2.022       1.822       2.265       2.163
20151107       1.948       2.068       2.137       1.983
20151108       1.861       1.453       2.009       1.828
20151109       1.971       1.776       1.930       1.886
20151110       3.236       3.674       2.013       2.070
20151111       3.942       2.837       3.174       3.341
20151112       4.116       4.444       2.773       3.418
20151113       3.602       3.029       3.361       3.596
20151114       3.669       4.504       3.290       3.069
20151115       3.828       4.716       4.102       3.819
20151116       3.608       2.566       4.629       3.532
20151117       4.041       6.073       3.275       3.316
20151118       3.703       3.255       4.486       3.935
20151119       2.898       2.268       2.871       2.527
20151120       2.388       2.156       2.503       2.562
20151121       2.004       2.118       2.384       2.412
20151122       1.753       2.283       2.347       2.048
20151123       1.835       1.912       2.353       1.836
20151124       2.808       1.912       2.033       1.754
20151125       4.474       5.427       2.451       2.692
20151126       4.811       4.042       2.708       3.666
20151127       9.909       7.967       5.185       5.002
20151128      10.748      20.656      10.381      10.162
20151129       7.621      11.124      14.463      11.529
20151130       5.923       9.290      10.264       7.159
20151201       4.536      20.316       8.073       5.481
20151202       4.925       8.917       6.350       4.551
20151203       6.082       7.030       9.410       5.780
20151204       4.407       3.840       8.444       6.159
20151205       4.197       4.796       4.801       3.999
20151206       3.864       6.437       4.234       3.423
20151207       3.216       2.950       4.899       3.630
20151208       2.582       2.300       6.162       3.630
20151209       2.226       2.801       2.509       2.366
20151210       2.395       4.982       2.804       2.304
20151211       2.314       3.206       3.500       2.703
20151212       2.576       5.171       3.011       2.103
20151213       2.618       4.501       3.830       2.548
20151214       2.308       3.183       3.625       2.391
20151215       2.176       3.310       3.015       1.982
20151216       1.915       2.189       2.992       2.072
20151217       2.631       3.196       2.758       2.085
20151218       3.924       5.951       3.461       3.006
20151219       4.026       4.380       4.930       4.233
20151220       7.091      13.867       4.702       4.139
20151221       8.413      12.121   -9999.000   -9999.000
20151222       7.553      10.039   -9999.000   -9999.000
20151223       5.486       6.132       8.985       7.238
20151224       4.800       6.010       5.872       4.437
20151225       5.477       8.171       4.926       4.039
20151226       4.133       8.955       7.305       5.978
20151227       3.052       3.288       6.745       4.255
20151228       2.271       2.423       3.345       2.176
20151229       1.762       2.411       2.538       1.950
20151230       1.433       1.991       2.441       1.888
20151231       1.363       2.253       2.506       1.766
20160101       1.747       1.915       2.228       1.466
20160102       1.776       3.808       1.801       1.534
20160103       1.452       1.986       2.875       2.123
20160104       1.203       1.619       1.987       1.255
20160105       1.024       1.347       1.619       1.103
20160106       0.896       1.120       1.347       0.948
20160107       0.800       0.931       1.120       0.792
20160108       0.713       0.774       0.932       0.695
20160109       0.636       0.635       0.775       0.624
20160110       0.578       0.524       0.635       0.542
20160111       0.542       0.585       0.526       0.502
20160112       0.509       0.487       0.543       0.498
20160113       0.479       0.421       0.525       0.518
20160114       0.457       0.411       0.467       0.439
20160115       0.461       0.861       0.583       0.610
20160116       0.455       0.749       0.660       0.422
20160117       0.468       0.705       0.621       0.370
20160118       0.474       1.364       0.682       0.350
20160119       0.477       0.980       0.960       0.420
20160120       0.485       1.075       0.887       0.434
20160121       0.468       0.606       0.758       0.334
20160122       0.443       0.586       0.739       0.464
20160123       0.752       1.803       0.956       0.785
20160124       2.026       3.129       1.945       1.343
20160125       3.290       3.769       3.118       2.763
20160126       4.732       7.745       4.087       4.166
20160127       4.237       5.848       6.051       4.962
20160128       3.638       4.297       5.130       3.854
20160129       3.566       3.312       4.250       3.311
20160130       4.329       6.907       3.299       2.893
20160131       3.727       4.211       5.605       4.803
20160201       3.016       3.754       4.034       2.923
20160202       3.812       4.399       3.613       2.735
20160203       3.773       4.026       3.726       3.452
20160204       3.111       3.670       3.480       3.031
20160205       2.490       2.574       3.189       2.566
20160206       3.619       3.219       2.932       2.579
20160207       4.260       5.634       3.165       3.645
20160208       4.874       5.830       3.730       3.636
20160209       4.127       3.050       4.653       4.000
20160210       3.632       3.843       2.966       2.937
20160211       3.065       2.366       3.942       3.144
20160212       2.329       1.900       2.333       2.488
20160213       1.819       1.578       1.937       1.968
20160214       1.448       1.308       1.575       1.558
20160215       1.261       1.273       1.343       1.289
20160216       1.098       1.078       1.164       1.024
20160217       1.064       1.741       1.154       1.067
20160218       1.170       1.539       1.666       1.266
20160219       1.053       1.177       1.472       1.178
20160220       1.012       1.090       1.294       1.073
20160221       1.113       1.899       1.231       1.062
20160222       1.302       1.953       1.979       1.530
20160223       1.554       2.731       1.936       1.519
20160224       1.689       2.733       2.342       1.598
20160225       1.654       2.788       2.658       1.687
20160226       1.565       2.621       2.480       1.586
20160227       1.493       4.527       2.430       1.510
20160228       1.405       2.594       3.553       1.602
20160229       1.270       2.115       3.218       1.434
20160301       1.116       1.771       2.471       1.127
20160302       1.002       1.581       1.864       1.060
20160303       0.908       1.328       1.536       0.871
20160304       0.826       1.096       1.344       0.814
20160305       0.787       1.515       1.141       0.753
20160306       0.769       1.034       1.436       0.827
20160307       0.716       0.847       1.141       0.663
20160308       0.669       0.700       0.912       0.614
20160309       0.609       0.561       0.701       0.554
20160310       0.567       0.606       0.629       0.565
20160311       0.546       0.571       0.577       0.548
20160312       0.531       0.575       0.547       0.508
20160313       0.710       0.584       0.616       0.568
20160314       1.656       0.755       0.675       0.640
20160315       2.061       0.552       0.693       1.393
20160316       2.099       0.490       0.554       1.819
20160317       1.882       0.433       0.484       1.921
20160318       1.650       0.447       0.469       1.498
20160319       1.608       0.457       0.473       1.326
20160320       1.600       0.683       0.584       1.571
20160321       1.682       1.010       0.844       1.758
20160322       1.967       1.149       1.198       2.084
20160323   -9999.000   -9999.000       1.216       1.635
20160324       1.553       1.051   -9999.000   -9999.000
20160325       1.697       1.229   -9999.000   -9999.000
20160326       1.809       1.578   -9999.000   -9999.000
20160327       2.255       2.843       1.482       1.696
20160328       2.829       2.423       1.712       1.905
20160329       2.671       2.115       2.434       2.527
20160330       2.553       2.555       2.261       2.434
20160331       2.149       2.173       2.366       2.344
20160401       1.800       1.648       2.046       1.945
20160402       1.654       1.574       1.696       1.646
20160403       1.656       1.421       1.493       1.425
20160404       1.508       1.495       1.354       1.440
20160405       1.358       1.276       1.175       1.345
20160406       1.284       1.179       1.166       1.203
20160407       1.245       1.862       1.488       1.397
20160408       1.201       1.272       1.655       1.260
20160409       1.102       1.052       1.239       1.086
20160410       0.994       0.832       1.049       0.990
20160411       0.899       0.695       0.832       0.834
20160412       0.812       0.571       0.689       0.742
20160413       0.737       0.458       0.562       0.662
20160414       0.682       0.411       0.473       0.632
20160415       0.735       1.352       0.796       1.140
20160416       0.733       0.867       0.999       0.656
20160417       0.724       1.039       0.949       0.812
20160418       0.928       1.087       1.090       0.815
20160419       1.294       2.503       1.335       1.143
20160420       1.445       2.401       2.194       1.537
20160421       1.441       1.975       2.221       1.598
20160422       1.505       2.273       2.121       1.528
20160423       1.474       2.255       2.133       1.497
20160424       1.423       1.793       1.968       1.299
20160425       1.344       1.442       1.737       1.309
20160426       1.229       0.994       1.473       1.196
20160427       1.111       0.849       1.531       1.216
20160428       1.003       0.699       1.434       1.030
20160429       0.997       0.609       0.829       0.965
20160430       1.088       0.836       0.946       1.205
20160501       1.015       0.547       0.766       0.933
20160502       0.937       0.560       0.561       0.815
20160503       1.180       2.948       0.824       1.155
20160504       1.236       1.517       1.954       1.330
20160505       1.112       1.222       1.425       1.034
20160506       0.989       0.969       1.205       1.021
20160507       0.893       0.801       0.970       0.853
20160508       0.832       0.838       0.962       0.914
20160509       0.764       0.587       0.745       0.687
20160510       0.697       0.475       0.588       0.626
20160511       0.642       0.399       0.481       0.570
20160512       0.603       0.347       0.404       0.555
20160513       0.587       0.448       0.424       0.574
20160514       0.639       0.663       0.554       0.659
20160515       0.845       0.855       0.685       0.710
20160516       0.849       0.441       0.641       0.703
20160517       0.854       0.689       0.638       0.876
20160518       0.829       0.403       0.563       0.685
20160519       0.754       0.345       0.404       0.626
20160520       0.715       0.360       0.409       0.654
20160521       0.691       0.367       0.511       0.842
20160522       0.757       0.403       0.353       0.580
20160523       0.971       0.818       0.364       0.546
20160524       0.950       0.370       0.569       0.688
20160525       0.877       0.317       0.371       0.655
20160526       0.791       0.281       0.319       0.778
20160527       0.717       0.248       0.281       0.768
20160528       0.655       0.218       0.248       0.694
20160529       0.609       0.202       0.222       0.496
20160530       0.562       0.173       0.197       0.603
20160531       0.534       0.231       0.289       0.723
20160601       0.528       0.188       0.307       0.633
20160602       0.535       0.489       0.236       0.538
20160603       0.515       0.193       0.290       0.322
20160604       0.472       0.170       0.193       0.428
20160605       0.434       0.150       0.170       0.446
20160606       0.402       0.132       0.150       0.428
20160607       0.384       0.116       0.132       0.386
20160608       0.366       0.102       0.116       0.282
20160609       0.339       0.089       0.102       0.390
20160610       0.319       0.078       0.089       0.256
20160611       0.297       0.068       0.078       0.354
20160612       0.283       0.060       0.068       0.329
20160613       0.270       0.052       0.060       0.311
20160614       0.254       0.046       0.052       0.316
20160615       0.237       0.040       0.046       0.312
20160616       0.219       0.035       0.040       0.294
20160617       0.205       0.044       0.035       0.260
20160618       0.190       0.030       0.035       0.176
20160619       0.187       0.037       0.045       0.218
20160620       0.187       0.030       0.031       0.184
20160621       0.195       0.075       0.172       0.831
20160622       0.193       0.090       0.047       0.142
20160623       0.192       0.059       0.095       0.222
20160624       0.192       0.171       0.130       0.372
20160625       0.193       0.126       0.110       0.136
20160626       0.192       0.084       0.167       0.107
20160627       0.201       0.197       0.094       0.168
20160628       0.207       0.184       0.132       0.144
20160629       0.206       0.158       0.126       0.154
20160630       0.224       0.205       0.153       0.166
20160701       0.283       1.052       0.568       0.569
20160702       0.298       0.550       1.067       0.515
20160703       0.304       0.446       0.573       0.314
20160704       0.309       0.551       0.825       0.320
20160705       0.302       0.341       0.447       0.270
20160706       0.292       0.298       0.329       0.235
20160707       0.282       0.247       0.287       0.251
20160708       0.272       0.233       0.250       0.258
20160709       0.273       0.631       0.380       0.378
20160710       0.281       0.375       0.298       0.208
20160711       0.305       1.130       0.584       0.410
20160712       0.306       0.798       0.778       0.323
20160713       0.301       0.483       0.671       0.283
20160714       0.288       0.385       0.483       0.270
20160715       0.279       0.313       0.385       0.227
20160716       0.401       0.966       0.361       0.278
20160717       1.138       1.985       1.400       0.744
20160718       1.562       1.016       1.452       1.048
20160719       1.401       0.871       0.993       1.190
20160720       1.391       0.827       0.882       1.070
20160721       1.229       0.585       0.738       1.089
20160722       1.056       0.479       0.589       0.938
20160723       0.921       0.397       0.476       0.866
20160724       0.810       0.328       0.422       0.759
20160725       0.749       0.290       0.330       0.587
20160726       0.848       1.496       0.705       1.267
20160727       0.881       0.975       0.948       0.758
20160728       1.048       1.272       1.291       1.143
20160729       1.279       1.383       1.358       1.210
20160730       1.488       1.424       0.920       1.063
20160731       1.383       1.156       1.189       1.231
