date          Qobs       Qsimobs        Qsim       Qusi
20150801      11.828      12.870      16.069      16.442
20150802       7.692       6.746       9.422       9.586
20150803       9.078      10.410       6.985       6.990
20150804  -10000.000       6.303       6.777       7.446
20150805  -10000.000       8.139       6.401       5.838
20150806  -10000.000      13.879      15.258      15.507
20150807  -10000.000       6.811      13.186      13.675
20150808  -10000.000      36.271      13.385      13.375
20150809  -10000.000      17.306      22.470      22.851
20150810  -10000.000       9.057      14.866      14.946
20150811  -10000.000       6.557       8.446       8.478
20150812  -10000.000      11.086       8.165       8.160
20150813  -10000.000      12.843      10.989      11.343
20150814  -10000.000       6.505       9.182       9.600
20150815  -10000.000       5.862       6.505       6.505
20150816       3.099       5.307       5.862       5.862
20150817       2.452       4.760       5.291       5.293
20150818       1.979       4.276       4.760       4.760
20150819       1.630       3.838       4.276       2.052
20150820       1.359       3.456       3.838       1.780
20150821       1.203       3.092       3.449       1.438
20150822       1.143       2.769       3.092       1.245
20150823       1.097       2.479       2.769       1.199
20150824       1.054       2.218       2.479       1.137
20150825       1.013       1.983       2.218       1.083
20150826       1.020       2.167       1.983       1.026
20150827       1.070       2.186       2.332       1.262
20150828      27.466      48.212      15.324       8.603
20150829      29.674      53.473      35.253      39.799
20150830      13.101      19.131      33.501      31.953
20150831       7.643      13.085      18.367       9.306
20150901       5.350       6.275      12.330       6.373
20150902       4.089       4.115       6.272       3.405
20150903       3.197       3.707       4.112       2.960
20150904       2.546       3.338       3.707       3.119
20150905       2.440       5.642       6.220       4.747
20150906       2.710       6.931       4.785       3.123
20150907       5.312       5.697       6.014       4.271
20150908      16.608       4.015       7.623       5.013
20150909      11.038       7.327       7.782      14.742
20150910       6.604       4.435       5.430       6.742
20150911       4.454       3.999       3.194       5.672
20150912       3.261       3.604       3.999       4.191
20150913       2.644       3.248       3.604       3.006
20150914       2.173       2.917       3.246       2.559
20150915       1.861       2.662       2.922       2.131
20150916       1.626       2.405       2.651       1.860
20150917       1.532       2.153       2.390       1.676
20150918       2.352      13.450       3.945       2.702
20150919      65.597      36.262      25.960      20.657
20150920      54.213      40.603      33.544      47.995
20150921      34.058      22.948      32.965      39.152
20150922      19.381      12.054      18.819      22.793
20150923      13.172       6.043      11.244      11.618
20150924      10.199       4.500       5.837       7.189
20150925      15.479       6.405       5.951       9.284
20150926      20.109      17.652       8.811      13.362
20150927      35.743      25.055      16.960      30.120
20150928      23.613      14.182      20.888      35.709
20150929      15.361       6.636      10.563      14.909
20150930      22.991      11.174       9.909      13.436
20151001     138.931      37.190      17.152      33.083
20151002     201.173     217.886      95.891      95.097
20151003      80.423      65.030     157.431     138.581
20151004      48.719      27.404      48.674      49.372
20151005      33.594      14.592      25.433      27.801
20151006      23.780       7.666      13.556      18.351
20151007      17.776       6.670       7.666      11.997
20151008      13.760       6.054       6.674      14.070
20151009      11.078       5.495       6.175      11.511
20151010       9.244       5.762       5.508       9.329
20151011       7.735       4.969       5.282       8.007
20151012       6.484       4.505       4.955       6.922
20151013       5.559       4.090       4.505       5.572
20151014       5.219       4.449       4.711       5.822
20151015       4.631       3.771       3.836       4.565
20151016       4.642       3.683       3.873       4.216
20151017       4.548       3.329       3.704       4.482
20151018       6.048       3.813       3.346       3.933
20151019       6.070       3.524       3.291       5.187
20151020       5.467       3.285       3.305       5.245
20151021       4.869       2.958       3.358       5.294
20151022      11.413      17.785       9.671      12.202
20151023      25.263      28.719      18.798      22.733
20151024      16.716      10.540      20.780      17.732
20151025      19.603      17.017      13.636      12.500
20151026      21.427      10.352      15.813      18.114
20151027      30.886      26.078      17.227      27.776
20151028      17.102       8.487      16.442      28.331
20151029      12.055       5.893       8.486       8.655
20151030       9.134       5.357       5.894       8.896
20151031       9.245       5.692       5.360       8.358
20151101      29.455      18.326       8.255      11.546
20151102      85.788      57.331   -9999.000   -9999.000
20151103      50.571      47.074      67.355      75.968
20151104      39.078      35.314      43.882      48.721
20151105      26.857      17.026      27.084      26.657
20151106      18.630       8.560      14.728      17.945
20151107      20.728       6.919       8.599       7.588
20151108      20.302      21.387      11.737      18.508
20151109      15.628      12.761      15.978      35.874
20151110      14.279       8.440      11.935      12.002
20151111      26.028      24.065      11.811      13.589
20151112      27.020      18.753      20.130      27.018
20151113      21.173       9.934      15.241      19.523
20151114      14.777       7.990       9.649      13.032
20151115      10.855       7.140       7.683      11.427
20151116       8.768       6.504       7.140      10.037
20151117       8.964      14.441       6.499       8.355
20151118       7.498       6.363       8.345      10.686
20151119       6.424       5.790       6.360       4.733
20151120       5.685       5.269       5.790       6.066
20151121       4.990       4.796       5.269       5.328
20151122       3.994       4.364       4.796       4.950
20151123       4.543       3.972       5.236       7.218
20151124       4.123       3.969       4.528       4.663
20151125       3.132       3.387       4.163       4.659
20151126       4.104       3.911       9.038       7.106
20151127      61.912      29.881      26.569      32.736
20151128      55.793      51.638      30.616      46.614
20151129      20.383      17.021      33.694      64.688
20151130      12.999       8.038      17.191      11.444
20151201      11.369       5.131       9.245       8.812
20151202      10.213       6.746      11.536      15.169
20151203      10.293      16.013       5.371      11.236
20151204       8.504       7.876      11.006      12.386
20151205       8.465       5.091       9.595       9.447
20151206       9.559      30.464       9.641      12.319
20151207      31.381      89.645      22.028      16.492
20151208      21.199      28.266      77.900      69.638
20151209      34.929      36.435      30.932      16.782
20151210      23.251      31.123      32.391      34.890
20151211      15.558      26.122      25.492      22.015
20151212      12.165      23.883      21.042      12.632
20151213      10.068      11.234      18.760      10.768
20151214       7.970       6.592      11.222       6.363
20151215       8.012       5.951       7.076       5.920
20151216       9.385      10.613       6.587       7.711
20151217       8.886       7.999      14.491      16.793
20151218      14.929       8.667      15.634      18.986
20151219      47.170      21.176      20.456      23.130
20151220      52.497      32.088      35.295      70.294
20151221      53.271      47.495   -9999.000   -9999.000
20151222      42.538      37.791   -9999.000   -9999.000
20151223      27.005      20.289      31.454      31.152
20151224      18.260      12.736      19.067      19.596
20151225      23.878      25.758      11.946      12.514
20151226      23.428      18.520      17.455      21.977
20151227      14.281       9.004      16.206      17.736
20151228      10.511       6.910       9.004       9.059
20151229      10.063       6.307       6.950       7.790
20151230       9.394       9.364       7.339      11.114
20151231       9.600      30.892       7.071      10.937
20160101       7.961      21.355      23.332      13.715
20160102       4.859      13.004      19.537       6.855
20160103       2.356       6.939      12.539       3.760
20160104       3.690       6.197       6.939       1.556
20160105       7.545       5.658       6.197       3.534
20160106       8.334       5.166       5.658       6.747
20160107      11.250       4.718       5.166       6.698
20160108      12.390       4.308       4.716       8.816
20160109      13.519       3.933       4.306       9.310
20160110      13.732       3.591       3.933      10.107
20160111      13.792       3.279       3.591      10.418
20160112      13.490       2.941       3.279       3.279
20160113      11.305       2.685       2.994       2.994
20160114       8.919       2.452       2.734       2.734
20160115       6.511       2.239       2.452       2.452
20160116       4.679       2.044       2.239       2.239
20160117       3.256       1.866       2.044       2.044
20160118       2.210       1.704       1.866       1.866
20160119       1.904       1.556       1.704       1.704
20160120       1.902       1.421       1.556       1.556
20160121       1.902       1.298       1.421       1.421
20160122       1.903       1.185       1.298       1.298
20160123       1.901       1.082       1.185       1.185
20160124       1.901       0.988       1.109       1.082
20160125       1.902       0.902       2.230       1.747
20160126       1.902       9.139       1.913       2.099
20160127       1.902      15.020       4.707       5.186
20160128       1.902       8.583       9.164      11.395
20160129       1.902       5.730       7.070       7.380
20160130       2.133      41.915       4.731       6.542
20160131       1.971      13.220      24.374      25.133
20160201       1.871       5.178      12.266      12.722
20160202       1.870       3.800       5.178       5.178
20160203       1.871       3.469       3.800       4.096
20160204       1.870       9.717       3.469       3.469
20160205       1.862       7.873       7.258       6.436
20160206       1.855       5.200       7.055       6.842
20160207       1.855       5.852       8.687       9.710
20160208       1.851      28.617       4.629       5.556
20160209       2.021      32.566      14.623      14.961
20160210       2.136      11.077      22.498      22.575
20160211       1.936       5.314      11.077      11.077
20160212       1.887       4.251       5.314       5.314
20160213       1.840       3.882       4.251       4.251
20160214       1.840       3.546       3.882       3.882
20160215       1.840       3.238       3.546       3.546
20160216       1.840       2.958       3.238       3.238
20160217       1.840       2.951       2.958       2.958
20160218       1.840       4.282       2.766       3.165
20160219       1.840       2.711       2.949       2.955
20160220       1.840       2.476       2.711       2.711
20160221       1.840       2.767       2.476       2.496
20160222       1.840       2.244       2.331       2.397
20160223       1.840       2.050       2.244       1.752
20160224       1.840       1.872       2.051       2.361
20160225       1.805       6.141       3.540       3.100
20160226       1.734       2.032       3.762       3.085
20160227       1.734       1.821       2.033       0.977
20160228       1.735       1.664       1.821       2.831
20160229       1.734       1.765       1.664       1.859
20160301       1.734       1.461       1.583       1.763
20160302       1.734       1.335       1.461       1.535
20160303       1.735       1.219       1.335       1.586
20160304       1.734       1.261       1.219       1.630
20160305       1.608       1.448       1.168       2.009
20160306       1.299       2.203       1.185       1.698
20160307       1.206       1.207       1.583       1.363
20160308       1.150       1.068       1.165       0.827
20160309       1.141       0.976       1.068       0.999
20160310       1.130       0.891       0.976       1.049
20160311       1.086       0.910       0.983       1.496
20160312       1.080       0.777       0.959       1.231
20160313       1.076       0.710       0.870       1.475
20160314       9.416       6.479      23.502      31.157
20160315      54.239      16.763      12.185       5.050
20160316      53.159      18.350      13.543      51.776
20160317      48.026      22.433      13.435      43.243
20160318      41.885      18.003      16.066      39.761
20160319      25.827       7.308      15.145      29.994
20160320      22.802       5.374       8.246      13.998
20160321      22.290       9.141       7.228      23.841
20160322      17.179       7.837       8.257      21.588
20160323   -9999.000   -9999.000       7.204      13.019
20160324      11.062       3.673   -9999.000   -9999.000
20160325       9.370       2.933   -9999.000   -9999.000
20160326       9.027       3.618   -9999.000   -9999.000
20160327      20.061      25.593       5.772      15.850
20160328      33.856      60.905      22.737      32.552
20160329      36.083      78.804      45.534      53.357
20160330      36.810      47.351      46.759      37.577
20160331      20.740      18.616      35.754      24.867
20160401      14.630       9.113      18.648      11.880
20160402      12.207       5.728       9.729       8.390
20160403      15.118      16.106      10.450      14.369
20160404      20.073      31.153      17.935      24.800
20160405      24.264      36.442      27.278      25.217
20160406      30.149      31.236      32.094      27.788
20160407      40.670      42.338      33.643      31.811
20160408      31.325      25.486      34.015      40.130
20160409      21.659      16.672      22.238      25.149
20160410      17.083       8.870      13.446      13.850
20160411      14.968       8.538       8.887      10.857
20160412      14.131       9.020       9.241      13.530
20160413      12.858      11.114       8.682      13.703
20160414      10.930       6.330       8.067      10.883
20160415      10.232       6.185       6.895       8.919
20160416      11.533      15.228       7.472      11.091
20160417      12.181      14.300      10.460      14.600
20160418      13.775      16.691      11.529      12.715
20160419      21.023      27.828      27.098      26.910
20160420      21.127      21.049      21.149      22.797
20160421      19.379      22.113      21.590      24.368
20160422      21.738      39.915      28.194      33.418
20160423      15.529      16.333      28.444      23.635
20160424      11.851       8.760      15.871       9.503
20160425      10.098       6.917       8.733       6.787
20160426       8.805       6.637       6.963       9.095
20160427       8.392       5.978       6.419       8.470
20160428       8.612       8.586       6.284       8.359
20160429      25.057      40.867      13.072      13.972
20160430      33.905      43.186      30.311      30.483
20160501      38.936      62.092      38.691      33.832
20160502      38.033      40.350      41.077      34.738
20160503      60.975      57.043      40.058      29.325
20160504      62.438      53.066      48.687      52.871
20160505      48.823      41.805      41.943      44.260
20160506      47.959      45.448      41.924      39.645
20160507      52.154      43.174      44.870      44.382
20160508      58.870      46.960      42.812      42.290
20160509      66.145      41.140      44.795      51.616
20160510      68.377      46.900      42.009      50.289
20160511      44.500      16.427      29.952      44.248
20160512      38.540      20.818      18.610      24.716
20160513      32.745      15.811      19.316      32.603
20160514      28.069      10.315      15.488      24.584
20160515      29.695      16.196      14.745      25.421
20160516      28.206      14.104      12.623      23.733
20160517      25.660      13.351       9.972      18.445
20160518      21.504       8.606      14.920      24.598
20160519      18.548      15.404      11.066      17.610
20160520      20.761       9.178      12.044      16.409
20160521      43.090      38.669      20.916      26.186
20160522      41.613      28.731      26.770      56.129
20160523      43.683      40.505      29.444      33.748
20160524      34.631      20.187      28.816      33.733
20160525      32.415      14.271      17.908      20.944
20160526      25.969      11.413      13.319      17.886
20160527      23.754      19.814      12.935      24.085
20160528      24.967      27.488      20.796      26.553
20160529      22.651      23.943      24.786      22.593
20160530      18.331      23.339      24.282      21.020
20160531      16.743      24.824      23.774      18.530
20160601      15.069      23.511      24.566      18.918
20160602      12.654      18.758      21.418      14.515
20160603      10.326      12.987      17.535      10.523
20160604       7.934       7.662       9.640       7.747
20160605       6.287       5.888       7.170       5.497
20160606       5.173       5.912       6.149       5.724
20160607       5.039       6.997       6.294       6.001
20160608       5.520       8.034       9.039       7.539
20160609       4.571       6.973       7.914       6.745
20160610       3.865       5.472       5.840       4.296
20160611       3.198       4.618       5.148       3.477
20160612       2.875       5.671       5.264       3.606
20160613       2.630       5.700       5.402       3.468
20160614       2.311       5.227       5.530       3.192
20160615       2.102       5.010       5.268       2.621
20160616       2.433       8.844       5.987       2.869
20160617       2.424       6.192       7.080       3.002
20160618       2.436       9.002      13.010       5.508
20160619       7.108       7.315      10.526       4.400
20160620       9.913       8.224       9.697       6.175
20160621       5.927       5.441       7.447      10.189
20160622       5.947       6.441       5.436       4.637
20160623       4.325       4.839       5.298       5.213
20160624       3.170       4.037       4.751       4.199
20160625       3.230       4.997       6.183       4.530
20160626       2.709       3.431       4.034       2.910
20160627       2.714       5.510       3.527       2.536
20160628       3.165       7.738       4.523       3.095
20160629       2.800       4.359       5.985       3.272
20160630       1.816       3.632       4.020       2.410
20160701       1.389       3.510       3.634       1.956
20160702       1.173       3.165       3.508       1.676
20160703       2.788       5.317       3.361       1.405
20160704       6.085       9.741      10.782       6.628
20160705       2.988       5.469       5.993       6.351
20160706       2.115       3.866       4.043       2.234
20160707       5.900       7.546       4.396       2.163
20160708       5.053       4.080       6.202       5.922
20160709       2.415       3.600       3.943       4.328
20160710       1.521       3.233       3.593       2.524
20160711       2.279       2.949       3.233       1.653
20160712       3.776       4.901       9.437       4.288
20160713      17.535      18.376       6.757       5.962
20160714      17.937      14.043      10.597       9.126
20160715       9.596       6.614      10.126      12.923
20160716       5.685       4.220       5.617       5.463
20160717      10.870      16.046       5.637       5.893
20160718      13.870      18.478      13.510      15.459
20160719       9.119       8.707      13.671      13.050
20160720       5.044       5.381       8.003       6.527
20160721       3.402       4.549       5.057       3.434
20160722       2.401       4.089       4.552       3.221
20160723       2.152       5.704       4.169       2.574
20160724       2.457      29.394       4.492       2.359
20160725       2.298       9.697      16.783       4.293
20160726       1.950       5.087       9.625       1.929
20160727      12.730      57.677       8.896       2.374
20160728       8.994      15.719      28.688      25.168
20160729      10.322      13.207      18.233       6.519
20160730       7.979       7.070      11.535       8.454
20160731      21.262      16.917      13.676       8.645
