date          Qobs       Qsimobs        Qsim       Qusi
20150801       1.279       1.559       1.619       1.149
20150802       3.392       6.382       6.316       5.819
20150803       2.052       4.006       4.605       3.975
20150804       3.296       3.420       3.651       2.128
20150805       5.581       9.531       5.162       4.248
20150806       2.694       2.658       4.829       4.575
20150807       6.997       6.000       2.915       2.151
20150808       3.083       5.338       3.506       4.210
20150809       1.862       2.682       3.511       2.864
20150810       2.072       2.218       2.751       2.213
20150811       4.036       4.459       3.037       2.839
20150812       3.275       3.687       3.158       2.578
20150813       1.480       1.738       3.084       2.414
20150814       1.058       1.906       2.424       1.754
20150815       1.775       3.269       2.235       1.618
20150816       6.913       9.114       4.592       3.677
20150817       2.618       3.548       7.150       6.083
20150818       1.457       2.179       3.048       1.921
20150819       1.085       1.587       2.195       1.446
20150820       0.984       1.535       1.562       0.962
20150821       0.935       1.201       1.500       1.093
20150822       0.960       1.355       1.474       1.180
20150823       0.784       1.103       1.345       0.944
20150824       0.579       1.336       1.177       0.744
20150825       0.671       1.587       1.372       0.742
20150826       1.970       5.776       2.129       1.412
20150827       4.435       3.846       6.150       4.562
20150828       6.873      10.856       7.434       6.782
20150829       4.212       6.083       7.207       6.058
20150830       3.268       5.844       5.750       3.872
20150831       2.650       4.166       3.939       2.941
20150901       0.955       1.314       2.806       2.024
20150902       2.250       5.927       3.059       1.791
20150903       1.131       1.878       2.843       1.867
20150904       0.607       0.944       1.504       1.014
20150905       0.849       2.577       1.366       0.772
20150906       0.566       0.920       1.371       0.761
20150907       0.347       0.528       0.837       0.422
20150908       0.245       0.400       0.573       0.282
20150909       0.190       0.314       0.441       0.207
20150910       0.145       0.292       0.379       0.177
20150911       0.112       0.271       0.308       0.134
20150912       0.087       0.332       0.286       0.114
20150913       0.078       1.059       0.395       0.188
20150914       0.156       3.734       0.776       0.252
20150915       0.303       1.253       1.320       0.288
20150916       1.002       3.824       2.690       0.807
20150917       0.385       0.961       2.203       1.177
20150918       1.573       1.198       1.529       0.800
20150919       2.310       1.286       1.438       0.783
20150920       0.927       1.824       1.126       1.377
20150921       0.420       0.664       0.976       0.625
20150922       0.229       0.405       0.562       0.382
20150923       0.165       0.498       0.899       0.564
20150924       0.442       0.231       0.448       0.191
20150925       6.829      11.371       3.856       2.826
20150926       6.423       9.840       8.877       6.571
20150927       1.501       2.323       4.145       3.363
20150928       0.525       0.944       1.359       0.752
20150929       0.264       0.632       0.829       0.420
20150930       0.156       0.305       0.585       0.199
20151001       0.117       0.293       0.378       0.168
20151002       0.288       0.535       0.317       0.146
20151003       0.515       0.417       0.436       0.194
20151004       0.313       0.555       0.222       0.326
20151005       0.396       0.249       0.255       0.248
20151006       0.437       0.172       0.321       0.225
20151007       0.329       0.179       0.161       0.272
20151008       0.420       1.931       0.703       0.830
20151009       2.166       3.307       1.430       0.653
20151010       1.063       0.825       1.355       1.147
20151011       0.630       0.486       0.946       0.913
20151012       0.442       0.308       0.488       0.384
20151013       0.335       0.199       0.312       0.252
20151014       0.275       0.136       0.192       0.192
20151015       0.228       0.087       0.120       0.186
20151016       0.189       0.067       0.078       0.144
20151017       0.157       0.032       0.054       0.124
20151018       0.131       0.035       0.032       0.104
20151019       0.119       0.032       0.019       0.100
20151020       0.111       0.034       0.064       0.120
20151021       3.610       1.377       0.496       1.051
20151022      16.209       7.403       2.218       3.480
20151023      10.311      22.575       9.961      11.288
20151024       3.844       1.510      10.976       8.030
20151025       9.141      14.634       3.995       2.508
20151026       7.748       8.242       7.144       6.906
20151027       2.751       2.783       3.794       2.871
20151028       1.232       1.095       1.836       1.213
20151029       0.769       0.676       1.084       0.847
20151030       0.555       0.458       0.742       0.686
20151031       0.586       1.064       0.518       0.416
20151101       2.450       2.457       1.286       0.875
20151102       1.220       0.674   -9999.000   -9999.000
20151103       0.751       0.391       0.595       0.833
20151104       0.618       0.393       0.416       0.503
20151105       0.529       0.228       0.309       0.410
20151106       0.445       0.240       0.403       0.481
20151107       5.190       3.155       2.357       3.437
20151108       2.534       2.202       1.537       1.199
20151109       7.549       9.105       2.832       3.455
20151110       8.926      13.933       7.715       6.413
20151111       8.097       8.299       9.834       8.238
20151112      12.723      10.037       5.372       4.457
20151113       7.147      12.026       6.959       7.324
20151114       7.455       5.235       9.408       7.107
20151115       9.530      14.557       6.321       4.960
20151116      10.029       6.730       5.675       5.162
20151117       9.052      13.104       5.017       5.262
20151118       9.249      13.179      11.533       9.312
20151119       4.092       3.466       7.496       5.896
20151120       1.871       1.234       1.913       1.518
20151121       1.176       0.740       1.234       1.256
20151122       0.776       0.443       0.740       0.666
20151123       0.653       0.269       0.443       0.458
20151124       1.935       2.469       1.561       1.497
20151125       2.949       2.547       2.033       1.041
20151126       2.174       0.938       2.320       1.893
20151127      39.303      15.813       6.848       8.359
20151128      10.974      18.700       9.446      10.186
20151129       5.583       6.404       8.862       8.072
20151130       3.898       6.202       5.394       2.897
20151201       2.532       2.323       3.471       2.280
20151202      17.518       3.537       2.348       2.819
20151203      10.951      19.366       2.651       3.915
20151204       9.307      13.406      16.429      12.134
20151205      33.334      23.889      10.125       8.941
20151206      17.196      21.387      20.203      18.477
20151207       5.903       9.976      13.092      10.842
20151208       7.227       2.150       4.979       4.383
20151209      12.699      16.277       4.362       3.946
20151210      15.025      19.741       9.745      10.793
20151211       5.349      11.163      10.033       7.474
20151212       3.480       4.286       4.763       3.537
20151213       2.322       1.789       2.207       1.543
20151214       1.708       0.906       1.438       1.418
20151215       1.398       0.571       0.893       1.026
20151216       1.284       0.334       0.863       1.241
20151217      12.130       3.720       5.116       5.995
20151218      25.733      12.743       6.664       8.389
20151219      25.299      11.628      12.712      12.582
20151220      29.148      21.357       8.043       8.556
20151221      13.201      22.248   -9999.000   -9999.000
20151222      11.640      13.299   -9999.000   -9999.000
20151223       7.942      11.670       8.776       6.573
20151224       8.178      11.575       7.543       6.626
20151225       8.955      19.541       4.638       4.467
20151226       3.919       2.986       7.529       5.971
20151227       2.105       1.182       2.101       1.323
20151228       1.601       1.545       1.715       1.790
20151229       1.376       1.193       1.852       1.935
20151230       1.383       2.920       1.848       1.825
20151231       3.728       6.443       2.477       1.820
20160101       4.105      11.423       3.390       3.503
20160102       2.589       2.136       4.775       3.432
20160103       2.308       0.965       1.624       1.175
20160104       1.316       0.579       0.965       1.107
20160105       0.918       0.347       0.579       0.758
20160106       0.759       0.208       0.347       0.500
20160107       0.676       0.118       0.208       0.383
20160108       0.668       0.071       0.125       0.326
20160109       0.614       0.043       0.075       0.334
20160110       0.638       0.026       0.043       0.277
20160111       0.605       0.190       0.026       0.777
20160112       0.534       0.097       0.171       0.292
20160113       0.535       0.064       0.094       0.214
20160114       0.556       0.245       0.058       0.228
20160115       0.535       0.076       0.124       0.257
20160116       0.528       0.045       0.069       0.256
20160117       0.502       0.027       0.045       0.286
20160118       0.511       0.016       0.027       0.202
20160119       0.474       0.010       0.016       0.279
20160120       0.461       0.006       0.010       0.329
20160121       0.450       0.003       0.006       0.318
20160122       0.453       0.002       0.119       0.603
20160123       0.524       1.331       1.576      23.407
20160124       2.572       5.080       5.277       4.230
20160125       9.294       3.335       3.026       2.371
20160126      15.583       9.694       2.860       4.479
20160127      23.789      19.385       5.929       6.591
20160128       5.659       4.605      11.984       9.606
20160129      13.008      11.307       3.437       2.387
20160130       6.184      15.452       5.924       7.011
20160131       3.278       7.317       8.759       7.087
20160201       2.966       2.860       2.653       1.172
20160202      10.734      15.486       3.150       4.219
20160203       4.412       9.167       9.413       6.903
20160204       2.333       2.564       5.412       2.400
20160205       1.874       0.947       1.663       1.279
20160206       9.565       7.277       3.308       3.946
20160207      12.697      15.328       5.648       5.906
20160208       8.007      11.529       6.223       5.628
20160209       6.667       8.371       6.480       4.834
20160210       3.439       4.895       4.723       3.158
20160211       2.106       1.155       2.468       1.321
20160212       1.481       0.695       1.142       1.288
20160213       1.145       0.417       0.693       0.846
20160214       1.006       0.250       0.417       0.598
20160215       0.887       0.150       0.250       0.403
20160216       0.939       0.090       0.150       0.408
20160217       1.053       2.615       0.090       0.491
20160218       0.890       0.611       0.689       0.580
20160219       0.843       0.392       0.490       0.618
20160220       1.246       5.440       0.554       1.179
20160221       1.559       6.308       1.903       1.696
20160222       1.593       4.998       2.014       1.668
20160223       1.843       2.242       2.632       2.353
20160224       1.341       0.755       1.243       0.753
20160225       1.038       0.672       0.671       1.044
20160226       0.942       0.309       0.507       0.584
20160227       0.872       0.190       0.307       0.437
20160228       0.759       0.118       0.185       0.537
20160229       0.754       0.069       0.114       0.402
20160301       0.736       0.095       0.070       0.458
20160302       0.689       0.223       0.042       0.326
20160303       0.655       0.103       0.075       0.822
20160304       0.628       0.300       0.078       0.570
20160305       0.596       0.329       0.180       0.352
20160306       0.591       0.142       0.237       0.496
20160307       0.557       0.146       0.142       0.298
20160308       0.530       0.069       0.105       0.334
20160309       0.617       0.044       0.063       0.250
20160310       0.588       0.266       0.044       0.584
20160311       0.619       0.133       0.130       0.410
20160312       0.633       0.121       0.118       0.277
20160313       0.832       0.676       0.399       0.994
20160314       1.592       0.358       1.079       0.946
20160315       4.265       0.567       1.777       3.350
20160316       4.957       0.524       1.693       6.228
20160317       4.570       0.527       1.458       5.607
20160318       4.344       0.682       0.727       3.729
20160319       2.781       0.201       0.334       1.891
20160320       2.525       0.129       0.201       1.164
20160321       3.391       0.142       0.126       0.997
20160322       4.280       1.291       0.729       4.739
20160323   -9999.000   -9999.000       0.771       1.420
20160324       2.100       0.369   -9999.000   -9999.000
20160325       4.065       2.571   -9999.000   -9999.000
20160326       3.405       1.916   -9999.000   -9999.000
20160327      11.616      14.562       2.721       3.532
20160328       5.912       4.510       8.076       7.296
20160329       5.499       6.210       3.376       3.726
20160330       3.976       1.950       2.987       3.403
20160331       2.481       1.319       1.572       1.652
20160401       1.866       0.614       1.037       1.351
20160402       2.562       2.712       0.978       1.538
20160403       4.459       2.833       3.381       3.824
20160404       4.963       2.258       1.898       2.558
20160405       8.042       6.096       3.281       4.971
20160406       9.529       5.207       5.331       5.912
20160407       6.012       2.643       3.529       4.335
20160408       4.067       2.672       1.863       2.469
20160409       2.707       0.932       1.653       1.998
20160410       2.227       0.559       0.880       1.485
20160411       2.122       2.244       0.611       1.536
20160412       2.064       1.015       0.956       1.611
20160413       2.178       1.275       0.825       1.337
20160414       2.101       2.083       1.199       1.931
20160415       2.349       1.991       1.590       1.818
20160416       1.989       0.976       1.556       1.202
20160417       1.748       0.482       0.742       1.100
20160418       4.155       6.591       1.770       3.948
20160419       5.403       5.361       5.354       5.303
20160420       3.389       2.274       3.265       2.364
20160421       6.423       5.833       2.163       2.899
20160422       3.818       2.742       3.307       4.025
20160423       2.258       1.310       1.762       1.716
20160424       1.675       0.716       1.115       1.331
20160425       1.335       0.481       0.662       0.874
20160426       1.142       0.344       0.462       0.661
20160427       1.085       0.379       0.375       0.699
20160428       1.088       0.304       0.312       0.561
20160429       1.010       0.227       0.385       1.026
20160430       0.988       0.747       0.174       0.577
20160501       0.916       1.233       0.430       1.093
20160502       1.129       1.627       0.515       0.747
20160503       4.472       5.450       2.763       2.521
20160504       3.477       2.591       2.734       2.431
20160505       3.611       2.873       2.049       2.006
20160506       3.714       3.546       3.030       3.542
20160507       4.598       6.020       4.729       4.577
20160508       7.129       8.651       7.069       5.441
20160509       6.373       8.880       8.614       7.260
20160510       5.282       7.577       8.714       6.450
20160511       5.231       5.914       7.589       4.442
20160512       4.448       5.288       5.983       4.465
20160513       3.436       2.157       3.905       3.136
20160514       2.283       0.689       0.912       1.020
20160515       1.850       0.645       1.003       1.758
20160516       1.816       0.733       0.642       1.394
20160517       1.853       1.419       0.504       1.187
20160518       2.019       1.269       1.121       1.786
20160519       6.222       8.099       6.071       6.883
20160520       9.767       4.029       5.919       5.765
20160521       6.319      10.689       5.473       6.397
20160522      15.098      11.218       6.681       5.615
20160523       6.976       8.768       7.921       8.886
20160524       4.946       2.765       4.890       3.674
20160525       3.167       3.214       3.518       3.804
20160526       2.089       3.525       3.764       3.939
20160527       1.841       2.761       3.641       2.694
20160528       2.177       2.508       3.313       2.271
20160529       2.568       3.767       2.700       2.359
20160530       2.780       3.204       3.492       2.856
20160531       6.536      12.797       5.202       4.930
20160601      12.063      14.114       9.082       6.502
20160602       4.805       7.429       6.729       6.957
20160603       3.074       3.876       6.064       4.443
20160604       2.521       4.287       4.671       2.577
20160605       2.116       3.408       4.369       2.377
20160606       1.705       3.075       3.477       2.458
20160607       1.597       3.089       3.183       2.014
20160608       1.536       1.829       2.607       1.590
20160609       1.275       1.435       1.709       1.189
20160610       0.895       0.760       1.109       1.043
20160611       0.672       0.867       0.838       0.732
20160612       0.700       1.735       1.234       0.968
20160613       0.689       1.422       1.405       0.961
20160614       0.740       1.610       1.504       0.848
20160615       0.781       1.772       1.814       1.160
20160616       0.922       1.199       1.810       1.176
20160617       0.859       1.028       1.305       0.994
20160618       0.758       1.010       1.099       0.908
20160619       0.722       0.544       0.799       0.611
20160620       2.051       0.407       0.427       0.413
20160621       3.155      12.693       4.825       4.761
20160622       1.225       1.828       6.310       3.929
20160623       0.914       1.307       1.833       0.680
20160624       2.971       1.256       1.419       0.846
20160625       3.349      10.887       3.906       3.558
20160626       1.551       1.910       4.734       3.582
20160627       5.449       3.752       2.894       1.864
20160628       7.176       7.454       2.919       2.842
20160629       2.250       2.179       3.289       3.293
20160630       1.944       1.937       2.107       1.902
20160701       3.847       4.255       2.556       2.376
20160702       8.216       4.494       3.158       3.132
20160703       8.611       6.710       4.704       5.351
20160704       5.251       6.954       3.100       3.987
20160705       2.813       3.247       3.819       3.385
20160706       1.508       1.362       3.461       2.716
20160707       0.921       0.779       1.224       0.934
20160708       0.823       0.717       1.063       0.842
20160709       0.727       0.920       0.655       0.633
20160710       1.057       0.496       0.583       0.436
20160711       9.794       4.814       1.636       1.868
20160712       6.733      12.803       3.222       3.508
20160713       2.327       1.869       6.030       4.865
20160714       1.178       1.048       1.549       1.121
20160715       0.768       0.633       0.964       0.819
20160716       2.386       1.452       1.458       1.170
20160717      12.732       8.909       3.584       2.980
20160718       4.545       3.448       6.903       7.175
20160719       2.429       1.198       1.704       1.424
20160720       2.027       1.526       1.879       2.176
20160721       1.038       0.577       1.008       1.248
20160722       0.704       0.440       0.781       0.809
20160723       0.522       0.271       0.388       0.449
20160724       0.391       0.163       0.249       0.318
20160725       0.333       0.110       0.271       0.384
20160726       0.990       4.543       0.638       1.026
20160727       8.319       4.046       2.033       0.854
20160728       9.964      13.952       7.362       6.418
20160729       6.649       7.874       9.020       6.905
20160730       4.836       4.898       6.273       4.936
20160731       7.318       5.458       5.325       4.194
