date          Qobs       Qsimobs        Qsim       Qusi
20150801  -10000.000       0.068       0.076       0.076
20150802  -10000.000       0.165       0.813       0.814
20150803  -10000.000       0.090       0.140       0.156
20150804  -10000.000       0.074       0.092       0.092
20150805  -10000.000       0.614       0.334       0.334
20150806  -10000.000       0.084       0.129       0.153
20150807  -10000.000       0.424       0.155       0.154
20150808  -10000.000       0.108       0.191       0.196
20150809  -10000.000       0.103       0.098       0.098
20150810  -10000.000       0.142       0.100       0.101
20150811  -10000.000       0.863       0.186       0.193
20150812       0.000       0.185       0.337       0.309
20150813       0.000       0.115       0.118       0.116
20150814       0.000       0.099       0.111       0.111
20150815  -10000.000       0.088       0.100       0.000
20150816  -10000.000       1.150       0.124       0.000
20150817  -10000.000       0.120       0.388       0.344
20150818  -10000.000       0.092       0.105       0.105
20150819  -10000.000       0.081       0.091       0.091
20150820  -10000.000       0.072       0.081       0.081
20150821  -10000.000       0.064       0.072       0.072
20150822  -10000.000       0.059       0.065       0.065
20150823  -10000.000       0.051       0.057       0.057
20150824  -10000.000       0.044       0.051       0.051
20150825  -10000.000       0.039       0.045       0.045
20150826  -10000.000       0.876       0.064       0.065
20150827  -10000.000       0.618       0.473       0.556
20150828  -10000.000       0.888       0.241       0.277
20150829  -10000.000       1.218       0.333       0.346
20150830  -10000.000       0.745       0.291       0.306
20150831  -10000.000       0.561       0.131       0.159
20150901  -10000.000       0.098       0.290       0.235
20150902  -10000.000       0.112       0.103       0.104
20150903  -10000.000       0.097       0.117       0.118
20150904  -10000.000       0.082       0.098       0.098
20150905  -10000.000       0.391       0.098       0.098
20150906  -10000.000       0.093       0.106       0.126
20150907  -10000.000       0.082       0.092       0.092
20150908  -10000.000       0.072       0.082       0.082
20150909  -10000.000       0.063       0.073       0.073
20150910  -10000.000       0.056       0.065       0.065
20150911  -10000.000       0.049       0.057       0.057
20150912  -10000.000       0.043       0.049       0.049
20150913  -10000.000       0.043       0.044       0.044
20150914  -10000.000       0.287       0.047       0.048
20150915  -10000.000       0.061       0.067       0.083
20150916  -10000.000       0.404       0.118       0.121
20150917  -10000.000       0.081       0.283       0.279
20150918  -10000.000       0.073       0.076       0.076
20150919  -10000.000       0.121       0.081       0.081
20150920  -10000.000       0.097       0.084       0.085
20150921  -10000.000       0.072       0.085       0.085
20150922  -10000.000       0.064       0.076       0.076
20150923  -10000.000       0.067       0.071       0.071
20150924  -10000.000       0.121       0.076       0.077
20150925  -10000.000       1.727       1.120       1.134
20150926  -10000.000       0.705       1.546       1.581
20150927  -10000.000       0.109       0.095       0.096
20150928  -10000.000       0.087       0.097       0.097
20150929  -10000.000       0.077       0.086       0.086
20150930  -10000.000       0.055       0.077       0.077
20151001  -10000.000       0.065       0.071       0.071
20151002  -10000.000       0.080       0.072       0.072
20151003  -10000.000       0.127       0.066       0.066
20151004  -10000.000       0.112       0.077       0.077
20151005  -10000.000       0.087       0.080       0.080
20151006  -10000.000       0.075       0.073       0.073
20151007  -10000.000       0.074       0.075       0.075
20151008  -10000.000       0.111       0.081       0.081
20151009  -10000.000       0.216       0.159       0.163
20151010  -10000.000       0.092       0.094       0.095
20151011  -10000.000       0.079       0.088       0.088
20151012  -10000.000       0.069       0.079       0.079
20151013  -10000.000       0.061       0.074       0.075
20151014  -10000.000       0.056       0.062       0.062
20151015  -10000.000       0.049       0.055       0.055
20151016  -10000.000       0.043       0.049       0.049
20151017  -10000.000       0.039       0.043       0.043
20151018  -10000.000       0.034       0.039       0.039
20151019  -10000.000       0.030       0.035       0.035
20151020  -10000.000       0.030       0.032       0.032
20151021  -10000.000       0.545       0.044       0.044
20151022  -10000.000       1.028       0.961       0.984
20151023  -10000.000       1.678       1.169       1.191
20151024  -10000.000       0.075       0.321       0.366
20151025  -10000.000       2.359       1.007       1.003
20151026  -10000.000       0.392       0.944       0.985
20151027  -10000.000       0.199       0.175       0.176
20151028  -10000.000       0.087       0.097       0.098
20151029  -10000.000       0.077       0.087       0.087
20151030  -10000.000       0.068       0.078       0.078
20151031  -10000.000       0.318       0.261       0.261
20151101  -10000.000       0.504       0.335       0.344
20151102  -10000.000       0.087   -9999.000   -9999.000
20151103  -10000.000       0.077       0.086       0.086
20151104  -10000.000       0.130       0.080       0.080
20151105  -10000.000       0.086       0.087       0.087
20151106  -10000.000       0.081       0.082       0.082
20151107  -10000.000       0.992       0.251       0.252
20151108  -10000.000       0.108       0.321       0.317
20151109  -10000.000       1.101       0.299       0.301
20151110  -10000.000       1.007       1.139       1.159
20151111  -10000.000       0.545       0.280       0.293
20151112  -10000.000       0.631       0.408       0.334
20151113  -10000.000       1.472       0.648       0.678
20151114  -10000.000       1.188       0.671       0.767
20151115  -10000.000       1.130       1.464       1.549
20151116  -10000.000       0.294       0.332       0.346
20151117  -10000.000       1.905       1.424       1.434
20151118  -10000.000       1.609       1.651       1.685
20151119  -10000.000       0.154       0.383       0.412
20151120  -10000.000       0.124       0.139       0.140
20151121  -10000.000       0.111       0.124       0.124
20151122  -10000.000       0.099       0.111       0.111
20151123  -10000.000       0.088       0.106       0.107
20151124  -10000.000       0.597       0.229       0.175
20151125       0.514       0.713       0.252       0.228
20151126       0.777       0.208       0.257       0.270
20151127       5.480       3.175       1.174   -9999.000
20151128       1.223       1.171       1.298       2.141
20151129       0.354       0.838       0.166       0.156
20151130       0.222       0.500       0.260       0.432
20151201       0.150       0.522       0.163       0.127
20151202       1.817       0.459       0.519       0.281
20151203       1.333       2.300       0.389       0.661
20151204       0.493       1.344       1.460       1.642
20151205       4.156       2.569       1.356       0.718
20151206       1.974       1.730       1.312       2.239
20151207       0.882       1.021       0.669       0.862
20151208       1.358       0.196       0.403       0.372
20151209       2.029       1.900       1.040       1.514
20151210       1.832       1.836       1.200       1.398
20151211       0.474       0.460       0.541       0.738
20151212       0.242       0.791       0.148       0.119
20151213       0.145       0.153       0.298       0.261
20151214       0.109       0.147       0.148       0.100
20151215       0.081       0.130       0.150       0.121
20151216       0.079       0.113       0.201       0.137
20151217       1.586       0.742       0.622       0.468
20151218       2.493       1.055       1.041       1.226
20151219       2.046       0.558       0.536       0.843
20151220       3.649       2.055       0.597       0.943
20151221       1.417       2.242   -9999.000   -9999.000
20151222       1.265       0.416   -9999.000   -9999.000
20151223       0.776       1.144       0.319       0.336
20151224       1.091       0.378       0.761       0.798
20151225       1.157       1.664       0.142       0.218
20151226       0.376       0.257       0.402       0.498
20151227       0.176       0.119       0.136       0.090
20151228       0.107       0.105       0.162       0.204
20151229       0.083       0.230       0.238       0.314
20151230       0.251       0.296       0.477       0.309
20151231       1.767       1.131       0.709       0.727
20160101       0.658       1.088       0.442       0.806
20160102       0.273       0.191       0.192       0.212
20160103       0.126       0.119       0.133       0.114
20160104       0.077       0.106       0.118       0.123
20160105       0.051       0.094       0.106       0.086
20160106       0.035       0.084       0.094       0.062
20160107       0.025       0.074       0.084       0.047
20160108       0.019       0.066       0.075       0.036
20160109       0.017       0.059       0.066       0.028
20160110       0.016       0.052       0.059       0.021
20160111       0.016       0.051       0.055       0.022
20160112       0.015       0.044       0.049       0.022
20160113       0.015       0.039       0.044       0.024
20160114       0.015       0.065       0.039       0.017
20160115       0.020       0.066       0.043       0.018
20160116       0.024       0.042       0.047       0.020
20160117       0.023       0.037       0.042       0.027
20160118       0.025       0.033       0.037       0.024
20160119       0.023       0.029       0.033       0.022
20160120       0.019       0.026       0.029       0.020
20160121       0.017       0.023       0.026       0.020
20160122       0.017       0.021       0.028       0.016
20160123       0.039       1.004       0.315       0.265
20160124       0.484       1.115       1.445       0.518
20160125       1.246       0.325       0.620       0.483
20160126       1.839       1.004       0.366       0.492
20160127       2.169       1.353       0.262       1.135
20160128       0.408       0.240       0.338       0.525
20160129       1.914       0.992       0.186       0.191
20160130       0.650       1.703       0.311       0.911
20160131       0.225       0.673       0.324       0.302
20160201       0.130       0.099       0.199       0.281
20160202  -10000.000       2.011       0.095       0.052
20160203  -10000.000       0.754       0.568       0.636
20160204  -10000.000       0.117       0.117       0.134
20160205  -10000.000       0.097       0.196       0.259
20160206  -10000.000       1.953       0.325       0.727
20160207  -10000.000       2.243       1.114       1.383
20160208  -10000.000       1.959       0.783       1.181
20160209  -10000.000       1.079       0.512       0.805
20160210  -10000.000       0.814       0.203       0.297
20160211  -10000.000       0.123       0.250       0.242
20160212  -10000.000       0.107       0.121       0.121
20160213  -10000.000       0.095       0.107       0.107
20160214  -10000.000       0.085       0.095       0.095
20160215  -10000.000       0.076       0.085       0.085
20160216  -10000.000       0.067       0.076       0.076
20160217  -10000.000       0.589       0.067       0.068
20160218  -10000.000       0.139       0.180       0.177
20160219  -10000.000       0.095       0.079       0.084
20160220  -10000.000       0.737       0.082       0.098
20160221  -10000.000       0.573       0.215       0.293
20160222  -10000.000       0.428       0.113       0.268
20160223  -10000.000       0.455       0.111       0.282
20160224  -10000.000       0.173       0.141       0.158
20160225  -10000.000       0.093       0.104       0.132
20160226  -10000.000       0.090       0.092       0.092
20160227  -10000.000       0.092       0.085       0.085
20160228  -10000.000       0.113       0.083       0.083
20160229  -10000.000       0.077       0.083       0.086
20160301  -10000.000       0.091       0.075       0.075
20160302  -10000.000       0.104       0.074       0.074
20160303       0.083       0.110       0.081       0.090
20160304       0.080       0.149       0.080       0.089
20160305       0.068       0.152       0.098       0.103
20160306       0.049       0.089       0.106       0.092
20160307       0.034       0.080       0.084       0.060
20160308       0.026       0.069       0.078       0.048
20160309       0.018       0.079       0.069       0.038
20160310       0.016       0.210       0.087       0.042
20160311       0.014       0.143       0.127       0.028
20160312       0.014       0.188       0.081       0.019
20160313       0.016       0.253       0.133       0.034
20160314       0.062       0.582       0.412       0.120
20160315       0.491       0.369       0.885       0.100
20160316       0.470       0.503       0.783       0.586
20160317       0.390       0.471       0.790       1.289
20160318       0.422       0.424       0.293       0.312
20160319       0.274       0.096       0.123       0.171
20160320       0.279       0.108       0.105       0.148
20160321       0.278       0.144       0.110       0.239
20160322       0.317       0.289       0.147       0.360
20160323   -9999.000   -9999.000       0.219       0.272
20160324       0.133       0.123   -9999.000   -9999.000
20160325       0.341       0.534   -9999.000   -9999.000
20160326       0.540       0.615   -9999.000   -9999.000
20160327       3.465       2.267       1.219       1.273
20160328       1.054       0.343       1.158       2.177
20160329       0.957       0.615       0.339       0.426
20160330       0.502       0.180       0.214       0.562
20160331       0.210       0.363       0.178       0.272
20160401       0.121       0.124       0.180       0.160
20160402       0.244       0.154       0.142       0.146
20160403       0.458       1.118       0.652       0.732
20160404       0.537       0.846       0.925       0.677
20160405       0.762       1.037       0.877       0.649
20160406       1.140       0.790       1.053       0.807
20160407       0.619       0.455       0.329       0.408
20160408       0.328       0.198       0.173       0.230
20160409       0.176       0.134       0.140       0.221
20160410       0.123       0.126       0.133       0.162
20160411       0.096       0.326       0.150       0.165
20160412       0.091       0.176       0.234       0.160
20160413       0.109       0.243       0.153       0.066
20160414       0.106       0.168       0.238       0.192
20160415       0.111       0.124       0.115       0.055
20160416       0.091       0.107       0.104       0.089
20160417       0.079       0.118       0.097       0.100
20160418       0.397       0.602       0.236       0.290
20160419       0.438       0.705       0.407       0.843
20160420       0.338       0.396       0.217       0.380
20160421       0.712       0.723       0.443       0.362
20160422       0.401       0.263       0.289       0.326
20160423       0.199       0.127       0.127       0.146
20160424       0.121       0.112       0.117       0.158
20160425       0.089       0.106       0.108       0.115
20160426       0.073       0.177       0.104       0.098
20160427       0.061       0.159       0.124       0.092
20160428       0.053       0.150       0.120       0.065
20160429       0.051       0.148       0.146       0.080
20160430       0.053       0.154       0.134       0.062
20160501       0.062       0.165       0.150       0.098
20160502       0.450       0.311       0.170       0.102
20160503       1.106       1.273       0.495       0.486
20160504       0.603       0.181       0.398       0.501
20160505       0.481       0.305       0.159       0.204
20160506       0.398       0.236       0.304       0.590
20160507       0.336       0.285       0.247       0.315
20160508       0.454       0.309       0.310       0.360
20160509       0.365       0.239       0.303       0.410
20160510       0.283       0.191       0.237       0.282
20160511       0.251       0.120       0.183       0.222
20160512       0.207       0.148       0.113       0.136
20160513       0.136       0.087       0.103       0.190
20160514       0.090       0.066       0.077       0.111
20160515       0.077       0.064       0.064       0.075
20160516       0.070       0.065       0.063       0.068
20160517       0.075       0.068       0.060       0.066
20160518       0.087       0.059       0.064       0.064
20160519       0.147       0.323       0.115       0.113
20160520       0.457       0.281       0.188       0.144
20160521       0.445       0.804       0.270       0.219
20160522       0.664       0.616       0.314       0.270
20160523       0.433       0.290       0.317       0.322
20160524       0.220       0.092       0.120       0.105
20160525       0.143       0.082       0.092       0.137
20160526       0.100       0.074       0.082       0.117
20160527       0.081       0.066       0.074       0.081
20160528       0.077       0.059       0.066       0.074
20160529       0.085       0.080       0.059       0.055
20160530       0.081       0.055       0.061       0.074
20160531       0.291       0.571       0.124       0.122
20160601       0.219       0.085       0.126       0.205
20160602       0.156       0.186       0.082       0.080
20160603       0.104       0.080       0.555       0.681
20160604       0.077       0.071       0.080       0.093
20160605       0.058       0.063       0.071       0.073
20160606       0.042       0.055       0.063       0.052
20160607       0.028       0.049       0.055       0.044
20160608       0.024       0.043       0.049       0.031
20160609       0.018       0.038       0.043       0.026
20160610       0.016       0.034       0.038       0.020
20160611       0.016       0.030       0.034       0.018
20160612       0.016       0.027       0.030       0.018
20160613       0.015       0.023       0.026       0.016
20160614       0.014       0.021       0.023       0.015
20160615       0.013       0.018       0.021       0.013
20160616       0.012       0.016       0.018       0.012
20160617       0.011       0.014       0.016       0.010
20160618       0.012       0.013       0.014       0.009
20160619       0.010       0.011       0.013       0.012
20160620       0.013       0.010       0.011       0.009
20160621       0.035       0.770       0.040       0.040
20160622       0.030       0.037       0.095       0.048
20160623       0.021       0.032       0.035       0.014
20160624       0.028       0.028       0.031       0.022
20160625       0.086       0.870       0.040       0.025
20160626       0.074       0.053       0.185       0.116
20160627       0.363       0.163       0.096       0.046
20160628       0.726       1.055       0.186       0.326
20160629       0.310       0.238       0.281       0.424
20160630       0.331       0.090       0.139       0.082
20160701       0.403       0.330       0.164       0.222
20160702       0.492       0.775       0.353       0.572
20160703       1.559       0.812       0.868       0.847
20160704       0.483       0.552       0.189       0.272
20160705       0.240       0.542       0.310       0.261
20160706       0.146       0.126       0.193       0.146
20160707       0.100       0.104       0.117       0.092
20160708       0.096       0.107       0.110       0.104
20160709       0.151       0.100       0.113       0.094
20160710       0.252       0.087       0.095       0.115
20160711       1.243       1.248       0.150       0.215
20160712       0.950       0.926       0.298       0.410
20160713       0.389       0.107       0.115       0.119
20160714       0.183       0.092       0.103       0.204
20160715       0.113       0.081       0.092       0.130
20160716       0.336       0.106       0.089       0.115
20160717       1.750       1.195       0.322       0.466
20160718       0.844       0.912       0.751       0.974
20160719       0.587       0.107       0.196       0.217
20160720       0.516       0.674       0.111       0.222
20160721       0.209       0.108       0.195       0.310
20160722       0.121       0.130       0.110       0.121
20160723       0.084       0.121       0.110       0.118
20160724       0.060       0.098       0.108       0.091
20160725       0.062       0.087       0.097       0.069
20160726       0.152       0.266       0.132       0.076
20160727       0.689       0.297       0.104       0.110
20160728       1.793       1.348       1.212       1.400
20160729       1.077       1.017       0.413       0.631
20160730       0.444       0.145       0.221       0.254
20160731       0.578       0.278       0.191       0.278
