date          Qobs       Qsimobs        Qsim       Qusi
20150801      13.709      10.801      12.424      10.818
20150802      12.831      10.098      10.566      11.594
20150803      15.029      27.002      21.037      21.166
20150804      10.739      10.369      17.458      17.434
20150805      21.587      24.779      12.034       8.511
20150806      22.733      26.299      23.838      22.790
20150807      14.589      12.631      19.511      19.822
20150808      14.795      17.344      20.625      18.551
20150809      12.420      11.210      14.077      12.836
20150810       9.833       9.959      10.524       9.656
20150811       8.250       9.492       9.934       9.630
20150812       7.373       9.185       9.712       8.495
20150813       6.794       9.217      10.003       8.236
20150814       5.621       8.653       9.089       6.780
20150815       4.736       8.255       8.647       5.518
20150816       4.004       7.880       8.255       4.595
20150817       3.518       7.509       7.878       3.820
20150818       3.057       7.158       7.509       3.449
20150819       2.615       6.814       7.157       2.946
20150820       2.285       6.484       6.813       2.492
20150821       2.105       6.167       6.484       2.172
20150822       1.734       5.867       6.167       1.951
20150823       1.660       5.576       5.866       1.632
20150824       1.502       5.301       5.576       1.530
20150825       1.410       5.081       5.299       1.423
20150826       1.474       5.562       5.123       1.862
20150827       1.826       5.247       4.949       1.929
20150828       8.009       8.214       5.103       2.166
20150829       9.000      12.175       7.841       5.666
20150830       5.327       8.028      10.070      11.949
20150831       4.949       7.754       8.558       5.969
20150901       4.070       7.153       8.674       6.110
20150902       3.436       6.877       7.861       3.912
20150903       3.093       6.897       6.988       3.764
20150904       2.994       6.572       6.810       3.825
20150905       6.973      20.960       7.126       3.684
20150906       9.977      16.556      12.906      11.276
20150907      12.380      16.273      15.217      12.183
20150908      23.377       9.639      19.209      13.936
20150909      13.951      11.905      19.402      21.276
20150910       8.959       9.196      11.674       8.816
20150911       6.714       8.816       8.391       9.018
20150912       5.411       8.443       8.816       6.784
20150913       4.791       8.139       8.469       5.553
20150914       4.406       7.795       8.094       5.329
20150915       3.933       7.443       7.726       4.867
20150916       3.734       7.346       7.568       4.522
20150917       4.058       7.086       7.352       4.383
20150918       7.781       8.710       7.835       4.777
20150919      15.478       9.598       8.333       7.996
20150920      27.565      15.783      10.024      15.009
20150921      20.468      15.685      13.811      26.281
20150922      13.936      14.129      11.532      17.086
20150923      11.541      10.536      12.375      11.988
20150924       9.218       8.935       9.458       8.938
20150925      10.788      13.820      10.190      10.100
20150926      17.840      22.068      16.906      15.953
20150927      30.151      26.228      22.988      24.150
20150928      27.104      21.235      22.554      24.193
20150929      14.480       9.821      16.528      21.415
20150930      11.619       9.081      10.274       9.859
20151001      18.638      13.148      12.975      14.239
20151002      31.409      15.146      19.668      21.980
20151003      29.822      28.181      17.272      26.184
20151004      16.564      11.172      19.236      28.108
20151005      13.618       9.947      10.764      10.361
20151006      10.811       9.452       9.343      11.316
20151007       8.522       9.065       9.452      10.673
20151008       7.196       8.700       9.066       8.405
20151009       7.101       8.599       8.783       7.389
20151010       8.326       9.774       8.729       7.132
20151011       7.746       8.901       9.288       8.526
20151012       6.748       8.533       8.876       7.631
20151013       6.105       8.249       8.525       6.768
20151014       5.546       8.125       8.249       6.069
20151015       4.979       7.738       8.044       5.447
20151016       4.681       7.468       7.738       4.800
20151017       4.486       7.171       7.471       4.585
20151018       4.382       6.911       7.175       4.819
20151019       4.236       6.704       6.912       4.197
20151020       4.039       6.463       6.710       4.151
20151021       3.953       6.215       6.500       3.977
20151022       7.809       7.551       6.463       4.543
20151023      28.790      10.865       7.643       7.031
20151024      16.980       9.136       8.982      22.343
20151025      14.530      12.696       8.884      16.870
20151026      11.706       9.298       9.939      13.391
20151027      11.073       9.344       9.257      10.609
20151028       9.899       8.844       9.064      10.726
20151029       7.753       8.508       8.862       9.837
20151030       6.625       8.186       8.529       7.513
20151031       7.285       8.198       8.199       6.918
20151101       8.409       7.892       8.130       7.387
20151102       7.432       8.327   -9999.000   -9999.000
20151103       6.590       7.928       8.177       7.812
20151104       5.922       7.617       7.868       6.505
20151105       5.701       7.315       7.683       6.233
20151106       5.225       6.995       7.422       5.523
20151107       5.867       7.461       7.157       5.694
20151108       8.074       8.336       7.691       5.681
20151109       7.588       7.933       7.873       8.137
20151110       6.505       8.002       7.890       8.049
20151111       5.869       7.914       7.876       6.934
20151112       4.830       7.517       7.755       5.851
20151113       4.022       7.206       7.515       4.949
20151114       2.830       6.922       7.206       3.762
20151115       3.760       6.638       6.932       2.632
20151116       3.408       6.405       6.638       3.599
20151117       2.883       6.277       6.384       3.317
20151118       2.842       5.997       6.237       3.062
20151119       2.974       5.766       5.998       2.696
20151120       2.837       5.520       5.766       3.035
20151121       2.520       5.287       5.520       2.808
20151122       2.439       5.047       5.287       2.550
20151123       2.600       4.816       5.047       2.395
20151124       2.703       4.596       4.816       2.490
20151125       2.750       4.389       4.596       2.618
20151126       2.519       4.175       4.393       2.808
20151127       3.189       4.040       4.566       2.699
20151128       5.223       6.807       3.998       2.857
20151129       4.742       5.526       6.158       5.789
20151130       3.806       5.261       5.526       4.729
20151201       4.590       5.071       5.329       3.811
20151202       4.130       4.885       5.141       4.367
20151203       3.388       4.796       4.885       4.081
20151204       3.436       4.583       4.761       3.335
20151205       3.631       4.411       4.679       3.601
20151206       2.947       6.294       4.439       3.704
20151207       3.351       6.175       5.452       3.205
20151208       2.822       5.415       5.964       3.918
20151209       4.327       8.171       5.429       2.875
20151210       4.215       7.615       7.288       4.856
20151211       3.541       7.950       7.358       4.460
20151212       3.195       7.358       7.663       3.798
20151213       3.001       7.083       7.349       3.383
20151214       3.027       6.790       7.075       2.974
20151215       3.819       6.517       6.790       2.838
20151216       3.671       6.278       6.517       3.585
20151217       3.909       6.026       6.258       3.606
20151218       5.028       5.880       6.116       4.169
20151219       5.165       6.141       6.122       5.205
20151220       8.424       7.252       6.919       6.014
20151221      18.154      33.212   -9999.000   -9999.000
20151222      13.276      25.733   -9999.000   -9999.000
20151223       9.880      11.981      17.763      13.770
20151224       8.223      10.875      12.735      10.572
20151225       8.050      40.582      10.875       7.720
20151226       6.096      13.246      24.385      12.631
20151227       4.720      11.512      13.166       3.356
20151228       5.008      11.091      11.512       4.491
20151229       5.613      10.684      11.091       4.818
20151230       4.977      10.316      10.684       5.457
20151231       4.669      12.054      10.303       5.137
20160101       3.479      10.860      10.917       5.213
20160102       3.004      10.726      10.640       3.530
20160103       2.506      10.010      10.392       3.122
20160104       5.553       9.640      10.010       2.422
20160105       9.716       9.283       9.640       5.005
20160106      12.890       8.939       9.283       9.283
20160107      14.231       8.607       8.939       8.939
20160108      15.586       8.287       8.607       8.607
20160109      11.556       7.978       8.287       8.287
20160110       6.961       7.680       7.978       7.978
20160111       4.188       7.393       7.680       7.680
20160112       2.208       7.116       7.393       7.393
20160113       1.428       6.849       7.116       7.116
20160114       1.031       6.592       6.849       6.849
20160115       0.744       6.343       6.592       6.592
20160116       0.565       6.104       6.343       6.343
20160117       0.463       5.874       6.104       6.104
20160118       0.521       5.651       5.874       5.874
20160119       0.609       5.407       5.651       0.530
20160120       0.740       5.180       5.407       0.622
20160121       0.887       4.964       5.180       0.772
20160122       0.964       4.758       4.964       0.921
20160123       1.064       4.559       4.758       1.013
20160124       1.395       4.370       4.560       1.026
20160125       1.340       4.189       4.370       1.434
20160126       1.292       4.132       4.189       1.352
20160127       1.389       4.421       4.093       1.346
20160128       1.323       4.076       4.199       1.412
20160129       1.229       3.869       4.055       1.379
20160130       1.186       5.381       3.869       1.222
20160131       1.012       4.404       4.736       1.325
20160201       0.936       4.166       4.404       1.050
20160202       0.895       3.950       4.166       0.962
20160203       0.930       3.747       3.950       0.893
20160204       0.995       3.545       3.747       0.931
20160205       0.872       3.344       3.545       1.026
20160206       1.122       3.157       3.344       0.868
20160207       1.264       3.050       3.257       1.405
20160208       1.433       5.611       3.031       1.298
20160209       1.431       6.203       4.199       1.757
20160210       1.225       4.905       5.395       1.670
20160211       1.125       4.663       4.905       1.152
20160212       1.043       4.477       4.665       1.141
20160213       0.971       4.299       4.477       1.091
20160214       0.824       4.108       4.299       1.015
20160215       0.826       3.922       4.108       0.857
20160216       0.783       3.746       3.922       0.815
20160217       0.830       3.574       3.746       0.814
20160218       0.800       3.529       3.580       0.814
20160219       0.713       3.329       3.487       0.824
20160220       0.728       3.160       3.329       0.718
20160221       0.719       2.994       3.160       0.702
20160222       0.716       2.823       2.994       0.698
20160223       0.653       2.658       2.823       0.718
20160224       0.700       2.506       2.658       0.621
20160225       0.758       2.380       2.506       0.692
20160226       0.850       2.213       2.359       0.718
20160227       1.230       2.063       2.213       0.779
20160228       1.317       1.927       2.063       1.164
20160229       1.272       1.791       1.924       1.233
20160301       1.232       1.670       1.791       1.179
20160302       1.184       1.559       1.670       1.201
20160303       1.038       1.444       1.559       1.152
20160304       1.018       1.331       1.444       1.003
20160305       1.099       1.225       1.331       0.909
20160306       1.076       1.130       1.225       1.027
20160307       1.068       1.044       1.130       1.001
20160308       1.046       0.965       1.044       1.014
20160309       0.979       0.894       0.965       0.992
20160310       0.982       0.829       0.894       0.876
20160311       0.987       0.770       0.829       0.891
20160312       0.865       0.716       0.770       0.936
20160313       0.878       0.667       0.716       0.819
20160314       1.512       1.058       1.612       1.723
20160315      14.307       2.305       1.262       1.731
20160316      26.921       3.601       1.715       9.705
20160317      15.948       5.206       2.754      34.442
20160318      11.213       7.650       3.501      20.883
20160319       8.402       3.563       5.717      11.701
20160320       8.222       3.288       3.590       7.101
20160321       7.697       3.184       3.279       7.982
20160322       8.238       3.213       3.184       7.271
20160323   -9999.000   -9999.000       3.132       8.282
20160324       5.847       3.088   -9999.000   -9999.000
20160325       5.126       2.984   -9999.000   -9999.000
20160326       4.294       2.874   -9999.000   -9999.000
20160327       5.022       7.264       2.977       4.152
20160328       6.953      10.596       6.079       7.966
20160329       9.268      14.100       9.270       8.515
20160330       8.879      13.807      11.484      10.842
20160331       5.646       7.741      10.589       8.500
20160401       4.480       7.336       7.512       4.054
20160402       3.950       7.167       7.336       4.566
20160403       4.218       7.062       7.188       4.540
20160404       5.695      11.439       7.263       4.543
20160405       6.319      11.867      11.362       9.065
20160406       9.406      14.701      13.135       8.304
20160407      10.133      19.346      13.288      10.596
20160408       8.471      10.524      14.349      11.194
20160409       6.823       8.851      10.181       6.566
20160410       5.976       8.546       8.848       6.173
20160411       5.580       8.409       8.547       5.888
20160412       5.442       8.156       8.353       5.675
20160413       5.114       7.892       8.123       5.627
20160414       4.569       7.598       7.872       5.191
20160415       4.687       7.543       7.659       4.517
20160416       4.890       7.438       7.543       5.445
20160417       4.912       7.126       7.339       4.932
20160418       5.206       8.653       7.114       5.046
20160419       6.589      12.036       7.918       7.067
20160420       6.558       8.948       9.370       8.249
20160421       5.888       8.838       8.731       6.984
20160422       5.733       8.262       8.146       5.812
20160423       4.933       7.276       7.728       5.261
20160424       4.455       7.000       7.276       4.849
20160425       4.151       6.735       7.000       4.380
20160426       3.960       6.505       6.735       4.059
20160427       3.644       6.246       6.500       3.972
20160428       3.500       6.045       6.254       3.574
20160429       3.962       9.204       6.175       3.787
20160430       4.973      11.855       7.504       5.219
20160501       9.897      22.702      13.090       7.931
20160502      12.400      17.718      17.795      13.578
20160503      18.085      35.405      20.125      14.704
20160504      29.491      45.803      33.391      26.887
20160505      30.925      56.315      41.072      34.103
20160506      39.697      85.127      57.343      39.169
20160507      55.223      94.890      77.411      49.055
20160508     105.699     120.188      93.191      60.855
20160509     130.149     135.592     114.154     105.257
20160510     120.394     137.524     127.715     124.917
20160511      95.215      50.189     104.710     102.224
20160512      89.634      77.311      66.557      61.623
20160513      62.571      44.942      58.718      74.627
20160514      41.894      21.274      37.876      44.437
20160515      35.467      21.493      20.284      31.603
20160516      34.724      20.226      18.833      32.304
20160517      34.844      34.097      21.771      33.335
20160518      31.992      24.014      26.547      36.046
20160519      30.904      21.075      24.088      29.649
20160520      45.236      26.355      25.055      32.022
20160521     138.176     108.590      54.222      65.149
20160522     157.734      91.556      90.125     132.080
20160523     185.912     131.452      98.658     121.368
20160524     136.312      82.209     107.913     137.669
20160525     114.460      58.229      77.153      90.969
20160526     100.890      46.040      53.711      68.346
20160527      96.047      58.947      49.839      78.023
20160528     109.644      77.559      61.534      84.803
20160529     123.854      75.314      73.693      93.238
20160530     128.623      82.510      74.139      97.388
20160531     128.555      81.564      79.183     104.250
20160601     114.519      82.347      85.258     104.630
20160602     103.948      72.607      83.211      97.780
20160603      81.380      65.167      69.852      81.089
20160604      49.262      42.035      56.657      61.608
20160605      34.318      28.913      39.041      35.386
20160606      28.087      25.474      29.664      26.814
20160607      33.748      31.069      28.139      26.485
20160608      37.171      31.032      30.904      30.944
20160609      22.742      21.109      25.605      32.294
20160610      16.839      15.418      19.451      17.651
20160611      14.672      12.903      15.612      13.146
20160612      15.604      18.634      15.585      15.069
20160613      17.174      21.796      18.428      18.805
20160614      16.583      19.010      20.162      17.970
20160615      16.542      20.108      20.273      17.410
20160616      22.695      28.041      21.860      17.504
20160617      19.911      23.717      26.161      25.110
20160618      21.224      20.130      23.731      19.261
20160619      17.729      13.996      19.149      18.004
20160620      15.434      11.624      14.073      12.620
20160621      17.498      15.552      12.627      13.701
20160622      15.700      15.472      15.074      17.340
20160623      12.764      13.304      15.573      15.162
20160624      11.646      14.649      16.040      14.389
20160625      16.720      26.256      18.146      15.706
20160626      14.322      15.072      20.283      20.412
20160627      14.980      15.188      15.676      11.890
20160628      11.940      11.963      18.116      16.691
20160629       9.667      10.848      13.499      11.342
20160630       8.174       9.838      10.574       9.055
20160701       7.773       8.399       9.803       7.856
20160702       7.849       7.496       9.235       7.863
20160703       8.823       9.560       7.966       6.886
20160704       7.836       9.510       9.477      10.062
20160705       9.142       8.882       8.998       7.848
20160706       9.722       9.309      10.876      10.759
20160707       7.930       7.853       8.842       9.336
20160708       6.301       7.193       7.623       7.580
20160709       5.464       6.898       7.198       6.170
20160710       5.764       6.679       6.951       5.724
20160711       6.332       6.842       6.676       5.800
20160712       9.809      13.805       7.849       6.649
20160713       9.538       9.021      10.101      10.761
20160714      12.214      11.006       9.510       8.162
20160715       9.029       7.877       9.369      11.170
20160716       8.284       7.637       7.857       7.765
20160717      10.953       8.927      13.351      13.114
20160718      10.392      10.967      10.397      13.825
20160719       8.385       7.892       9.229       9.902
20160720       6.260       7.551       7.882       7.675
20160721       4.988       7.193       7.542       6.197
20160722       4.072       6.849       7.193       5.016
20160723       6.194       7.302       7.674       5.075
20160724      34.156      16.984       9.163       5.965
20160725      25.077      11.428      11.640      29.682
20160726      25.624       8.068       9.919      20.129
20160727      35.226      44.453      13.102      16.555
20160728      16.167      15.758      25.466      30.150
20160729      13.606      16.231      16.843      13.202
20160730      21.317      22.606      13.299      11.140
20160731      29.732      27.186      23.399      22.088
