date          Qobs       Qsimobs        Qsim       Qusi
20150801       7.937       3.842       4.831       9.351
20150802       6.019       5.270       4.146       7.389
20150803       5.068       4.489       4.772       5.572
20150804       4.208       3.875       3.752       4.500
20150805      10.043      12.904       7.322       8.306
20150806      11.657       6.095       9.853      10.280
20150807       8.483       5.171       6.127      10.105
20150808       6.458       4.793       5.231       7.634
20150809       4.753       4.060       4.709       5.759
20150810       3.955       3.561       4.042       4.361
20150811       3.570       3.159       3.569       3.507
20150812       3.571       3.430       3.180       3.155
20150813       3.278       2.758       3.243       3.244
20150814       2.903       2.493       2.755       2.948
20150815       2.527       2.309       2.490       2.672
20150816       2.205       2.167       2.322       2.420
20150817       1.963       2.321       2.156       2.083
20150818       1.760       2.143       2.013       1.841
20150819       1.571       1.984       1.868       1.705
20150820       1.411       1.841       1.994       1.494
20150821       1.269       1.712       1.841       1.375
20150822       1.149       1.586       1.710       1.210
20150823       1.051       1.472       1.586       1.103
20150824       0.974       1.371       1.471       0.980
20150825      11.036       7.788       2.243       1.511
20150826      59.660      90.915       9.296       4.406
20150827      57.364      70.408      69.546      77.034
20150828      45.099      24.729      55.220      43.703
20150829      22.835      10.380      21.453      21.176
20150830      14.023       8.768      10.408      11.578
20150831       9.639       7.532       8.742      12.032
20150901       6.953       6.262       7.533       8.808
20150902      66.578      55.250      12.003      11.128
20150903      96.577      78.989      66.753      82.466
20150904      47.801      20.543      57.408      63.924
20150905      27.636      12.828      20.381      20.630
20150906      25.869      10.468      15.908      19.308
20150907      16.945       8.994      10.189      20.062
20150908      11.738       7.538       8.567      14.552
20150909       8.512       6.292       7.209       9.990
20150910       6.340       5.391       6.341       7.425
20150911       4.799       4.470       5.308       5.584
20150912       4.232       3.965       4.505       4.229
20150913      18.371      16.957       4.719       4.174
20150914      38.395      16.354      13.451      16.091
20150915     102.845      73.959      29.437      47.425
20150916     111.077      87.646      79.149      90.661
20150917      60.325      45.695      78.428      82.971
20150918      54.747      58.650      53.885      47.611
20150919      28.905      13.928      42.516      35.587
20150920      17.278      11.278      13.951      13.353
20150921      12.394       9.311      11.352      13.934
20150922      10.115       8.177       9.959      10.860
20150923      11.150      12.697       9.891      10.277
20150924      10.876       8.373      11.060       9.953
20150925      20.385      19.997      11.187      11.242
20150926      17.449       9.691      14.458      18.300
20150927      12.304       8.191       9.686      13.630
20150928       9.051       8.556       8.191      10.549
20150929       6.981       7.237       6.927       7.944
20150930       5.505       3.150       5.846       6.100
20151001       4.485       2.922       6.119       4.886
20151002       4.048       2.719       5.179       3.859
20151003       3.737       2.527       2.715       3.808
20151004       3.484       3.456       2.523       3.485
20151005       3.288       3.206       2.339       3.181
20151006       3.116       3.091       2.205       3.010
20151007       3.058       2.935       2.996       2.931
20151008       2.960       2.697       2.818       2.904
20151009       2.908       2.798       2.806       2.834
20151010       3.100       3.307       2.926       2.844
20151011       3.212       2.649       2.863       2.966
20151012       3.229       2.476       2.645       3.008
20151013       3.287       2.601       2.494       3.065
20151014       3.220       2.193       2.393       3.138
20151015       3.035       2.034       2.297       3.003
20151016       2.838       1.896       2.152       2.865
20151017       2.648       1.768       1.989       2.818
20151018       2.485       1.663       1.928       2.626
20151019       2.343       1.581       1.799       2.404
20151020       2.229       1.487       1.668       2.154
20151021       2.169       1.463       1.646       2.224
20151022       2.164       3.034       1.752       2.464
20151023       2.264       2.652       2.576       2.569
20151024       2.253       2.201       2.475       2.160
20151025       2.219       2.194       2.390       1.997
20151026       2.139       1.605       2.004       2.024
20151027       2.042       1.497       1.867       1.991
20151028       1.952       1.409       1.692       1.832
20151029       1.885       1.436       1.388       1.833
20151030       1.818       1.391       1.349       1.896
20151031       1.826       2.158       1.587       2.120
20151101       1.916       1.960       1.891       2.115
20151102       1.943       1.749   -9999.000   -9999.000
20151103       1.913       1.639       1.707       1.668
20151104       1.841       1.539       1.560       1.737
20151105       1.772       1.494       1.542       1.855
20151106       1.724       1.770       1.509       1.738
20151107       2.299       5.269       3.484       3.181
20151108       4.490      15.583       4.411       2.192
20151109       7.242      15.218       7.704       4.627
20151110       7.982       9.073      12.699       7.016
20151111       6.053       7.321       8.781       6.912
20151112       4.456       6.165       7.541       5.454
20151113       4.093       6.379       6.575       4.163
20151114       4.212       5.114       6.390       3.631
20151115       3.932       4.184       4.965       3.848
20151116       3.607       3.490       4.131       3.321
20151117       3.339       2.877       3.775       3.267
20151118       3.179       2.608       3.142       3.087
20151119       3.055       2.481       2.586       2.883
20151120       2.595       2.257       2.434       2.852
20151121       2.148       2.094       2.257       2.492
20151122       1.921       1.942       2.094       2.042
20151123       1.766       1.801       1.969       2.107
20151124       1.800       1.671       1.918       1.728
20151125       2.014       1.608       1.702       1.656
20151126       1.936       1.459       2.146       2.164
20151127       1.880       1.364       3.404       2.466
20151128       2.440       6.972       1.400       1.714
20151129       3.091       4.606       4.997       3.505
20151130       3.102       3.534       4.510       2.724
20151201       2.876       3.232       3.609       2.583
20151202       2.616       3.144       3.226       2.968
20151203       2.410       2.673       2.950       2.561
20151204       2.363       2.325       3.407       2.711
20151205       2.343       3.975       5.504       3.760
20151206       2.577      12.902       4.225       2.875
20151207       3.074      18.251       8.398       3.354
20151208       3.140       8.761      13.023       4.649
20151209       3.220       8.685       9.021       2.812
20151210       3.477       9.176       7.832       2.966
20151211       3.424      11.782       8.133       3.247
20151212       3.149       7.238       8.606       3.265
20151213       2.917       6.077       7.238       2.648
20151214       2.400       5.131       6.077       2.637
20151215       2.089       4.386       5.131       2.253
20151216       1.928       3.863       4.386       1.933
20151217       1.877       3.342       3.938       1.790
20151218       1.943       2.857       3.795       1.765
20151219       2.000       3.965       3.881       1.885
20151220       2.439       3.072       4.903       2.410
20151221       3.940       6.190   -9999.000   -9999.000
20151222       4.871       5.838   -9999.000   -9999.000
20151223       4.331       5.743       5.538       5.050
20151224       3.872       4.638       5.302       3.894
20151225       3.958       8.209       4.666       3.694
20151226       3.990       5.643       6.618       4.230
20151227       3.323       4.825       5.581       3.683
20151228       3.016       4.174       4.825       3.063
20151229       2.889       3.626       4.174       2.760
20151230       2.833       3.167       3.658       2.606
20151231       3.118      13.335       3.167       2.572
20160101       3.488       7.290       8.427       3.967
20160102       3.449      16.084       6.733       3.207
20160103       3.214       6.302      12.364       3.135
20160104       2.982       5.400       6.302       2.580
20160105       2.764       4.632       5.400       2.810
20160106       2.526       3.951       4.632       2.539
20160107       2.256       3.419       3.951       2.310
20160108       2.138       2.971       3.428       2.082
20160109       2.102       2.577       2.979       1.942
20160110       2.091       2.270       2.577       1.884
20160111       2.086       2.106       2.270       1.917
20160112       2.081       1.961       2.106       1.965
20160113       2.076       1.819       1.954       1.974
20160114       2.076       1.687       1.812       1.967
20160115       2.076       1.565       1.687       1.929
20160116       2.076       1.452       1.565       1.933
20160117       2.075       1.347       1.452       1.886
20160118       2.072       1.250       1.347       1.826
20160119       2.073       1.159       1.250       1.894
20160120       2.071       1.075       1.159       1.917
20160121       2.070       0.997       1.075       1.910
20160122       2.066       0.925       0.997       1.872
20160123       2.070       0.855       0.925       1.861
20160124       2.066       0.794       1.015       1.953
20160125       2.066       0.736       1.423       2.042
20160126       2.066       0.683       0.926       1.848
20160127       1.889       3.156       1.025       1.864
20160128       1.292       9.296       2.332       2.856
20160129       1.297       4.604       6.446       1.878
20160130       1.367      19.573       4.188       1.123
20160131       1.398       6.722      11.934       1.886
20160201       1.398       5.517       6.699       1.004
20160202       1.398       4.483       5.533       1.410
20160203       1.398       3.792       4.483       1.253
20160204       1.398       3.219       3.761       1.233
20160205       1.398       2.848       3.196       1.320
20160206       1.398       2.446       3.027       1.579
20160207       1.330       5.211       2.915       1.582
20160208       1.544      11.681       4.947       1.577
20160209       1.898      18.616       7.916       2.186
20160210       1.986       6.384      14.632       1.756
20160211       1.912       5.288       6.343       1.393
20160212       1.726       4.453       5.288       1.780
20160213       1.625       3.804       4.453       1.626
20160214       1.487       3.250       3.804       1.518
20160215       1.377       2.811       3.250       1.326
20160216       1.330       2.429       2.811       1.308
20160217       1.298       2.193       2.429       1.240
20160218       1.275       2.061       2.110       1.188
20160219       1.246       1.909       1.966       1.216
20160220       1.226       1.900       1.909       1.210
20160221       1.237       1.691       1.819       1.283
20160222       1.233       1.569       1.689       1.238
20160223       1.225       1.455       1.568       1.220
20160224       1.174       1.340       1.455       1.215
20160225       1.100       1.243       1.350       1.231
20160226       1.038       1.755       1.252       1.184
20160227       1.023       1.381       1.564       1.216
20160228       1.009       1.184       1.378       1.046
20160229       0.989       1.099       1.184       0.986
20160301       0.975       1.019       1.099       0.908
20160302       0.969       0.993       1.019       0.924
20160303       0.982       0.917       0.945       0.986
20160304       1.070       0.871       0.877       1.014
20160305       1.108       0.789       0.851       1.000
20160306       1.109       0.732       0.789       1.118
20160307       1.111       0.679       0.732       1.035
20160308       1.091       0.630       0.679       1.062
20160309       1.055       0.557       0.630       1.036
20160310       1.025       0.516       0.585       0.972
20160311       0.987       0.479       0.542       0.929
20160312       0.954       0.444       0.479       1.000
20160313       0.940       0.412       0.532       1.025
20160314       1.040       2.190       2.961       4.324
20160315       2.376       7.720       5.116       4.232
20160316       5.388      10.187      11.022       7.027
20160317       9.432      11.489      14.309       8.338
20160318      13.172      14.096      11.874       9.553
20160319      11.956       7.172      10.796      13.255
20160320       9.758       6.160       7.302      10.152
20160321       7.806       5.259       6.062       8.720
20160322       6.325       5.182       5.338       8.093
20160323   -9999.000   -9999.000       4.327       5.316
20160324       4.395       4.617   -9999.000   -9999.000
20160325       4.035       3.845   -9999.000   -9999.000
20160326       3.794       3.816   -9999.000   -9999.000
20160327       4.384       9.413       4.955       4.764
20160328       7.744      19.982       6.891       6.393
20160329      20.516      42.226      24.823      21.461
20160330      19.796      21.308      29.148      19.386
20160331      12.214       9.436      16.738      12.598
20160401       8.223       7.916       9.449       8.059
20160402       6.041       7.507       8.334       8.759
20160403       4.812       6.951       7.379       5.995
20160404       5.052       6.880       7.057       4.720
20160405       9.319      10.689      10.722       6.534
20160406      15.791      10.179      10.657       8.559
20160407      17.988      10.410       8.913      14.834
20160408      16.268      12.379       9.437      17.180
20160409      13.245       8.332      10.399      15.099
20160410      10.796       6.728       8.191      11.196
20160411       9.161       6.230       7.122       9.492
20160412       8.440       5.619       6.259       8.343
20160413       8.557       6.276       6.090       7.896
20160414       9.082      17.957       7.314       9.566
20160415       9.288      12.143      13.137      12.005
20160416       8.967       8.143      10.936       8.311
20160417       8.213      13.216       8.553       7.313
20160418       7.634      12.433      10.582       9.608
20160419       7.631      13.670       9.803       6.237
20160420       7.797      15.036      11.685       7.425
20160421       7.576      13.907      13.491       7.536
20160422       8.207      12.546      10.379       5.886
20160423       7.563       6.490       9.484       6.210
20160424       6.202       5.590       6.536       5.591
20160425       5.259       5.114       5.667       5.490
20160426       4.514       4.328       5.037       4.713
20160427       4.164       4.086       4.530       4.138
20160428       3.967       4.094       4.185       3.898
20160429       3.787       5.341       5.469       4.784
20160430       4.092      18.447       5.848       4.953
20160501       4.483       9.460      11.902       5.604
20160502       5.222      12.182       9.537       3.939
20160503       6.303      14.186      12.859       7.380
20160504      12.737      21.994      14.211       5.756
20160505      14.006      17.972      19.118      12.255
20160506      16.518      18.996      18.530      14.195
20160507      20.656      24.643      19.365      16.126
20160508      29.397      26.560      25.356      22.662
20160509      42.543      27.609      27.276      26.918
20160510      48.566      25.106      26.979      36.412
20160511      52.102      21.500      24.428      38.398
20160512      44.422      17.378      19.549      38.049
20160513      40.101      16.688      17.052      33.608
20160514      26.966       9.227      13.330      30.370
20160515      18.168       6.280       8.527      18.732
20160516      14.742       6.075       6.514      11.869
20160517      14.683       8.016       6.768      12.834
20160518      14.968       7.837       7.885      17.082
20160519      18.418       8.626       8.376      16.658
20160520      28.301       9.123       8.692      18.723
20160521      35.087      15.840      10.247      30.509
20160522      35.222      14.874      15.032      36.889
20160523      54.122      27.105      20.689      43.157
20160524      39.604      16.074      20.603      50.096
20160525      26.454      10.866      14.816      30.712
20160526      17.963       8.980      10.655      20.493
20160527      13.706       8.822       9.067      15.392
20160528      12.107       8.132       8.947      11.900
20160529      12.305       7.316       8.929      11.198
20160530      16.191      12.749       7.567       9.679
20160531      15.321       8.758      11.700      15.017
20160601      12.188       6.064       8.297      12.215
20160602       9.424       5.245       7.193      11.105
20160603       7.367       7.299       5.334       8.140
20160604       6.098       5.024       6.581       6.858
20160605       4.711       4.353       5.014       5.265
20160606       3.980       3.842       4.343       4.256
20160607       3.664       3.436       3.906       3.674
20160608       3.387       3.156       3.446       3.212
20160609       2.986       2.850       3.132       3.130
20160610       2.647       2.646       2.878       2.820
20160611       2.320       2.376       2.627       2.506
20160612       2.078       2.209       2.384       2.079
20160613       1.879       2.057       2.258       2.026
20160614       1.702       1.903       2.052       1.768
20160615       1.559       1.769       1.903       1.652
20160616       1.636       6.544       2.262       1.898
20160617       1.799       3.351       5.188       1.729
20160618       2.062       3.809       5.019       2.274
20160619       2.175       3.390       4.469       2.301
20160620       2.108       2.595       3.245       1.825
20160621       2.692       6.988       3.701       2.548
20160622       3.041       3.882       5.723       2.716
20160623       2.819       3.237       3.882       2.514
20160624       2.533       2.822       3.239       2.400
20160625       2.526       6.277       3.671       2.925
20160626       3.764       3.837       5.310       2.629
20160627      16.900      11.385       6.338       3.944
20160628      13.788       6.241       9.338      17.917
20160629       8.910       5.043       6.157      11.445
20160630       7.556       6.283       5.823       9.194
20160701      11.694       6.292       6.634       6.868
20160702      14.366       6.879       6.819      11.546
20160703      14.144       6.296       6.953      13.881
20160704      10.819       5.051       6.772      13.620
20160705       7.538       4.576       5.072       9.445
20160706       5.977       5.966       5.007       7.784
20160707       5.030       4.398       5.626       5.547
20160708       4.084       3.828       4.365       4.439
20160709       3.575       3.391       3.844       3.594
20160710       3.126       3.012       3.407       3.289
20160711       3.496       5.635       3.384       3.202
20160712       5.344       5.665       6.117       4.336
20160713       7.685       5.404       6.690       6.046
20160714      10.451       7.880       6.180       7.486
20160715      11.086       6.697       9.520      12.057
20160716      10.249       5.291       7.231      11.152
20160717       7.648       4.487       5.251       8.898
20160718       5.205       3.879       4.475       6.710
20160719       4.038       3.420       3.886       4.758
20160720       3.595       3.325       3.434       3.598
20160721       3.217       2.776       3.250       3.175
20160722       2.935       2.906       2.853       2.966
20160723       2.859       2.542       2.820       2.684
20160724       3.023       3.067       2.974       3.063
20160725       3.223       3.421       2.996       2.953
20160726       3.781       5.424       3.881       3.583
20160727       3.879       3.419       5.132       3.995
20160728       7.465       5.481       3.998       3.725
20160729       9.328       3.710       4.878       6.104
20160730       9.175       7.923       4.302       9.322
20160731       8.374       5.556       6.429       9.082
