date          Qobs       Qsimobs        Qsim       Qusi
20150801       7.894       7.315       8.840       7.130
20150802       9.223      11.097       9.448       8.431
20150803       9.510      11.027       9.537       9.442
20150804       8.903       8.016       9.592       8.509
20150805       8.094       7.022       8.020       7.732
20150806       7.128       6.651       7.011       7.372
20150807       8.014       6.737       7.390       7.530
20150808      10.482       6.391      10.204      11.282
20150809      10.245       8.024       7.724      11.390
20150810       9.120       6.704       9.076      12.017
20150811       7.911       6.105       6.420       8.382
20150812       9.010      12.265       7.054       8.666
20150813      39.885       8.676       9.411       9.495
20150814       9.024       8.743       8.581       8.477
20150815       7.672       7.027       7.754       8.886
20150816       7.076       6.449       6.756       6.737
20150817       6.367       6.158       6.449       6.671
20150818       5.835       5.941       6.158       6.074
20150819       5.450       5.700       5.915       5.659
20150820       5.015       5.412       5.670       5.282
20150821       4.631       5.165       5.412       4.865
20150822       4.322       4.981       5.165       4.504
20150823       3.998       4.727       4.954       4.103
20150824       3.769       4.653       4.745       3.835
20150825       3.613       4.372       4.580       3.612
20150826       3.425       4.169       4.391       3.556
20150827       3.310       3.975       4.175       3.350
20150828       3.199       3.932       3.993       3.183
20150829       3.467       4.192       3.960       3.060
20150830       3.883       3.952       3.955       3.188
20150831       3.874       3.961       3.844       3.820
20150901       3.910       4.352       4.814       4.736
20150902       3.773       3.838       4.264       3.896
20150903       3.447       3.651       3.895       3.726
20150904       3.331       3.467       3.682       3.427
20150905       3.717       4.555       3.759       3.470
20150906       4.375       6.220       6.124       5.546
20150907       4.398       3.956       4.736       4.127
20150908       4.035       3.763       3.940       3.796
20150909       3.812       3.777       3.788       3.933
20150910       3.689       3.511       3.685       3.655
20150911       3.379       3.350       3.435       3.603
20150912       3.196       3.196       3.350       3.289
20150913       3.061       3.048       3.196       3.024
20150914       2.978       2.911       3.049       2.946
20150915       2.870       2.824       2.908       2.816
20150916       2.825       2.690       2.797       2.702
20150917       2.830       2.810       2.678       2.724
20150918       3.110       2.611       2.833       2.814
20150919      14.369      29.412       7.018       7.388
20150920      13.395      14.355      19.243      19.236
20150921      11.398      11.344      14.338      11.610
20150922      10.520       8.736      11.291       9.802
20150923      10.087       7.783       9.523       9.294
20150924      10.379       7.527       8.268       9.142
20150925       9.753       5.765       6.838       8.572
20150926       9.631       6.497       6.158       8.787
20150927      12.323      10.757       7.178      10.508
20150928      11.844       7.588       8.841      12.779
20150929      11.174       6.019       7.414      10.427
20150930      11.331       9.188       6.805      10.319
20151001      10.066       8.785       7.750      11.808
20151002       9.559       6.590       7.590       9.290
20151003       9.710       6.371       7.192       8.955
20151004       8.625       5.744       6.094       8.386
20151005       7.925       6.608       6.052       8.210
20151006       7.060       5.280       5.939       7.542
20151007       6.077       5.019       5.250       6.030
20151008       6.194       4.798       5.019       5.442
20151009       4.576       4.587       4.798       5.570
20151010       4.573       4.385       4.587       4.601
20151011       5.102       4.192       4.654       4.733
20151012       5.035       5.110       5.597       6.327
20151013       5.164       6.486       4.754       5.477
20151014       5.253       5.578       5.866       5.387
20151015       5.637       6.543       6.261       5.195
20151016       5.639       6.285       6.447       5.905
20151017       5.647       6.706       7.237       6.391
20151018       6.423       7.920       6.988       6.148
20151019       6.885      19.470       7.001       6.170
20151020       6.551       5.994       6.840       6.142
20151021       6.224       5.759       6.061       5.765
20151022       5.727       5.474      14.295       5.983
20151023       5.074       5.207       5.311       5.460
20151024       4.788       4.981       5.226       5.046
20151025       5.257       4.907       5.137       4.309
20151026       4.355       5.566       4.984       5.056
20151027       3.557       5.767       5.583       4.756
20151028       3.605       5.058       5.599       3.652
20151029       3.760       4.490       5.033       3.253
20151030       2.792       4.358       4.512       3.509
20151031       2.737       3.850       4.185       2.923
20151101       4.029       4.955       5.583       3.150
20151102       4.493      12.664   -9999.000   -9999.000
20151103       4.169      10.791       9.975       7.285
20151104       3.981       9.098      10.029       4.069
20151105       3.448       7.635       8.802       3.918
20151106       2.920       6.697       7.762       3.309
20151107       2.979       5.783       6.553       2.801
20151108       3.110       5.560       5.874       2.752
20151109       2.872       5.221       5.475       3.088
20151110       2.997       5.252       5.455       2.939
20151111       2.802       4.795       5.193       2.944
20151112       2.919       5.043       5.147       3.062
20151113       4.940       5.636       5.331       3.050
20151114       7.162       5.159       5.234       4.485
20151115       8.566       4.999       5.378       7.082
20151116      12.156       4.137       4.782       7.219
20151117      14.079       3.832       4.185      10.006
20151118      12.668       3.796       4.113      12.692
20151119      12.504       3.493       3.745      11.011
20151120      14.517       3.335       3.567      10.358
20151121      18.804       3.349       3.282      11.603
20151122      20.002       3.015       3.228      14.676
20151123      19.355       2.802       2.974      15.409
20151124      21.609       2.590       2.807      15.034
20151125      20.945       2.526       2.797      18.566
20151126      18.996       2.339       2.500      16.184
20151127      17.655       2.392       2.526       2.526
20151128      16.116       2.555       2.646       2.641
20151129      15.130       2.305       2.506       2.496
20151130      13.474       2.269       2.463       2.449
20151201      10.781       3.227       2.869       2.872
20151202       8.973       2.425       2.766       2.732
20151203       8.376       2.203       2.534       2.519
20151204       6.984       1.882       2.116       2.121
20151205       5.874       1.751       1.897       1.900
20151206       5.675       3.504       2.332       2.330
20151207       5.388       2.698       3.038       2.979
20151208       5.340       2.982       2.745       2.734
20151209       5.546       2.642       2.690       2.665
20151210       5.499       3.274       2.720       2.702
20151211       5.775       2.149       2.672       2.625
20151212       5.578       1.805       2.210       2.203
20151213       5.448       1.862       2.336       2.344
20151214       5.441       2.119       1.827       1.802
20151215       5.730       2.616       2.755       2.735
20151216       6.572       5.376       3.885       3.854
20151217       7.141       3.087       4.728       4.619
20151218       7.956       2.265       2.900       2.875
20151219       8.626       2.568       2.567       2.568
20151220       8.159       1.723       2.146       2.117
20151221       8.104       1.550   -9999.000   -9999.000
20151222       8.109       1.222   -9999.000   -9999.000
20151223       8.270       1.186       1.185       1.183
20151224       8.218       0.985       1.269       1.267
20151225       7.636       0.986       1.000       1.001
20151226       7.654       2.928       2.093       2.083
20151227       8.148       2.992       3.249       3.194
20151228       8.150       1.717       2.316       2.261
20151229       8.613       1.161       1.611       1.599
20151230       8.089       0.894       1.167       1.171
20151231       6.641       0.851       0.926       0.924
20160101       5.999       0.806       0.863       0.863
20160102       6.861       0.600       0.754       0.756
20160103       7.832       0.517       0.605       0.600
20160104       7.510       0.528       0.564       0.561
20160105       7.650       0.509       0.495       0.499
20160106       8.230       0.629       0.518       0.523
20160107       8.956       0.454       0.536       0.526
20160108       9.301       0.501       0.472       0.462
20160109       9.442       2.614       0.557       0.563
20160110       9.401       1.342       1.839       1.779
20160111       8.932       1.008       1.198       1.178
20160112       8.730       0.669       0.820       0.831
20160113       8.729       0.525       0.654       0.666
20160114       8.707       0.414       0.520       0.509
20160115       8.714       0.432       0.562       0.571
20160116       8.550       0.497       0.595       0.584
20160117       8.974       0.758       1.101       1.105
20160118       8.303       0.554       0.594       0.587
20160119       7.797       0.361       0.681       0.661
20160120       7.559       0.359       0.340       0.341
20160121       7.309       0.261       0.322       0.332
20160122       7.269       1.398       0.288       0.284
20160123       7.215       0.890       1.418       1.379
20160124       6.805       0.556       0.738       0.730
20160125       6.331       0.419       0.660       0.657
20160126       6.168       0.487       0.592       0.584
20160127       6.314       0.798       1.187       1.176
20160128       6.059       0.447       0.691       0.689
20160129       6.068       0.395       0.413       0.415
20160130       5.619       0.263       0.542       0.540
20160131       5.709       0.296       0.687       0.683
20160201       5.529       0.427       0.650       0.657
20160202       5.397       0.602       0.391       0.381
20160203       5.162       0.435       0.417       0.408
20160204       4.991       0.291       0.420       0.420
20160205       4.678       0.213       0.366       0.366
20160206       4.486       0.236       0.358       0.357
20160207       4.402       0.422       0.723       0.731
20160208       4.426       0.312       0.574       0.555
20160209       4.323       0.317       0.837       0.847
20160210       4.399       0.566       1.379       1.367
20160211       4.519       0.543       0.862       0.854
20160212       4.517       0.888       0.702       0.682
20160213       4.405       0.612       0.646       0.636
20160214       4.547       0.353       0.771       0.759
20160215       4.307       0.330       1.223       1.193
20160216       3.983       0.448       0.392       0.380
20160217       4.424       0.452       0.424       0.409
20160218       3.961       0.249       0.341       0.341
20160219       3.411       0.163       0.263       0.255
20160220       3.304       0.119       0.177       0.167
20160221       2.996       0.141       0.280       0.277
20160222       2.711       0.098       0.901       0.887
20160223       2.931       0.097       0.274       0.280
20160224       3.063       0.641       0.778       0.785
20160225       3.115       0.314       0.549       0.519
20160226       3.125       0.322       0.302       0.313
20160227       3.172       0.164       0.253       0.248
20160228       3.212       0.299       0.163       0.164
20160229       3.140       0.403       0.288       0.280
20160301       2.950       0.260       0.261       0.255
20160302       2.296       0.246       0.229       0.231
20160303       1.927       0.183       0.234       0.239
20160304       2.043       0.116       0.232       0.230
20160305       2.391       0.071       0.164       0.170
20160306       2.610       0.052       0.143       0.135
20160307       2.938       0.052       0.090       0.083
20160308       2.854       0.064       0.241       0.245
20160309       2.658       0.091       0.162       0.153
20160310       2.514       1.367       0.041       0.045
20160311       2.550       0.437       0.719       0.686
20160312       2.647       0.652       0.464       0.471
20160313       2.635      10.069       0.494       0.479
20160314       2.414       7.538       5.563       5.145
20160315       2.294       4.056       3.469       3.429
20160316       1.932       3.215       2.944       3.011
20160317       1.779       2.366       3.956       3.961
20160318       1.826       2.991       2.539       2.513
20160319       1.791       2.894       2.921       2.870
20160320       1.748       2.475       2.730       2.681
20160321       1.771       2.459       2.555       2.524
20160322       1.846       1.987       1.934       1.910
20160323   -9999.000   -9999.000       1.399       1.390
20160324       1.800       0.837   -9999.000   -9999.000
20160325       1.688       0.691   -9999.000   -9999.000
20160326       1.640       0.806   -9999.000   -9999.000
20160327       1.607       0.592       0.800       0.786
20160328       1.349       0.837       0.597       0.606
20160329       1.163       1.610       0.743       0.787
20160330       0.922       1.910       1.455       1.607
20160331       0.739       1.338       1.395       1.387
20160401       1.009       1.083       1.251       1.263
20160402       1.316       0.947       1.078       1.081
20160403       0.960       0.942       0.951       0.947
20160404       0.590       0.812       0.966       0.975
20160405       0.536       0.799       1.031       1.031
20160406       0.503       0.871       0.842       0.843
20160407       0.517       1.855       1.481       1.480
20160408       0.570       2.685       2.148       2.118
20160409       0.640       2.075       2.387       2.311
20160410       0.653       1.477       1.968       2.023
20160411       0.653       1.261       1.530       1.525
20160412       0.642       1.509       1.429       1.422
20160413       0.751       1.308       1.650       1.625
20160414       1.091       1.307       1.392       1.392
20160415       0.891       0.932       1.352       1.345
20160416       2.080       0.800       0.964       0.965
20160417       0.568       1.534       1.318       1.314
20160418       0.646       0.914       1.141       1.124
20160419       0.755       0.756       0.902       0.909
20160420       0.602       0.855       0.880       0.882
20160421       1.443       0.693       0.782       0.770
20160422       0.748       0.731       0.843       1.938
20160423       0.549       0.583       0.780       0.914
20160424       0.919       0.611       0.630       0.516
20160425       1.428       0.496       0.571       0.899
20160426       0.542       0.765       0.863       2.570
20160427       0.811       3.369       1.339       1.050
20160428       1.621      10.928       3.503       1.667
20160429       2.583      11.547       7.078       2.167
20160430       3.918      20.725      11.744       2.574
20160501       5.045      21.675      16.804       4.195
20160502       6.117      26.054      20.888       6.833
20160503       7.783      30.150      24.298       8.157
20160504      11.031      43.046      29.042       9.275
20160505      15.706      44.845      37.451      17.062
20160506      21.507      49.099      42.405      21.640
20160507      30.938      61.769      45.545      26.433
20160508      45.393      74.072      57.073      38.698
20160509      47.539      63.853      65.160      52.705
20160510      50.522      46.046      55.090      44.008
20160511      49.390      35.367      43.840      40.878
20160512      43.625      36.388      34.862      40.197
20160513      46.275      40.068      34.795      39.332
20160514      45.840      36.638      37.418      43.004
20160515      44.988      35.485      36.223      39.534
20160516      42.948      32.448      34.618      39.212
20160517      38.897      30.399      32.766      39.144
20160518      35.670      27.847      29.285      32.582
20160519      31.608      26.210      27.257      32.572
20160520      29.570      26.516      32.151      36.279
20160521      29.956      25.978      25.639      28.584
20160522      40.267      35.479      29.167      31.547
20160523      49.702      31.943      34.302      40.666
20160524      67.768      46.544      39.073      46.979
20160525      59.312      32.455      38.923      58.279
20160526      49.660      25.751      32.006      43.843
20160527      43.692      22.806      25.642      41.037
20160528      46.678      21.325      23.433      37.115
20160529      41.269      18.152      21.234      33.323
20160530      38.189      15.993      18.841      29.679
20160531      36.985      16.706      15.773      27.398
20160601      31.618      13.862      15.777      27.156
20160602      26.677      12.439      13.841      30.028
20160603      23.981      12.039      12.578      21.151
20160604      22.043      14.935      13.412      22.172
20160605      19.340      14.651      14.089      20.031
20160606      17.026      12.703      13.902      17.043
20160607      15.778      11.425      13.043      15.672
20160608      38.893      45.428      16.232      18.373
20160609      39.964      30.876      31.645      40.144
20160610      32.195      28.031      29.339      34.879
20160611      28.296      22.982      26.540      27.418
20160612      26.631      19.819      22.987      23.255
20160613      23.714      17.301      21.799      24.951
20160614      22.376      15.899      18.716      20.644
20160615      20.835      14.523      15.965      18.478
20160616      19.929      13.657      15.264      18.191
20160617      27.816      16.639      17.258      21.285
20160618      65.414      57.212      26.720      33.444
20160619      44.885      34.691      36.389      54.843
20160620      34.931      28.344      32.708      37.268
20160621      32.297      26.826      29.618      30.066
20160622      29.715      25.064      27.065      29.438
20160623      25.720      21.393      25.001      26.024
20160624      23.950      18.544      21.215      21.483
20160625      24.461      21.805      24.441      26.706
20160626      21.667      17.133      20.717      23.947
20160627      19.605      15.244      17.589      18.221
20160628      17.769      13.611      15.142      16.393
20160629      17.981      15.699      13.724      15.113
20160630      21.122      17.076      16.768      18.280
20160701      19.035      13.018      15.203      18.033
20160702      17.035      12.254      15.754      18.943
20160703      16.169      10.936      12.032      13.552
20160704      15.527      19.868      12.736      12.741
20160705      24.986      23.565      18.591      18.632
20160706      33.464      34.551      28.664      27.000
20160707      46.586      41.109      27.443      29.742
20160708      34.414      28.394      33.727      41.765
20160709      29.548      24.944      28.610      29.724
20160710      35.016      31.021      25.575      26.797
20160711      37.092      38.264      29.016      30.199
20160712      29.697      27.531      32.449      33.681
20160713      25.489      24.275      28.806      27.034
20160714      24.615      25.107      25.217      23.577
20160715      22.889      21.684      23.834      22.841
20160716      20.979      18.596      21.162      20.265
20160717      37.892      29.873      23.393      23.200
20160718      27.373      20.986      24.864      34.461
20160719      22.287      18.531      21.148      22.414
20160720      19.164      16.470      19.383      20.576
20160721      16.687      14.573      16.410      17.211
20160722      14.809      13.057      14.573      15.259
20160723      13.136      11.680      13.057      13.608
20160724      12.517      11.536      11.680      12.087
20160725      13.651      16.078      11.171      11.518
20160726      15.046      13.077      14.287      14.369
20160727      15.979      15.262      13.610      14.469
20160728      21.119      19.566      17.954      18.295
20160729      20.433      14.414      16.837      20.170
20160730      23.504      18.592      16.304      18.506
20160731      20.263      18.897      16.724      22.203
