date          Qobs       Qsimobs        Qsim       Qusi
20150801      83.898      84.254      88.643      93.215
20150802      84.531      81.072      84.531      80.428
20150803     115.165     124.054      84.039      78.827
20150804      92.960      97.287     103.169     125.001
20150805     150.783     106.443     100.138      89.230
20150806     157.365     102.461     103.081     123.462
20150807     129.171      94.681      99.677     147.721
20150808     114.372      90.738      98.161     122.709
20150809     100.367      87.283      92.457     113.106
20150810      99.603      83.175      86.691      94.087
20150811      96.740      79.473      83.231      93.384
20150812     106.315      80.993      79.917      92.928
20150813      77.095      74.887      80.134     104.852
20150814      69.570      71.516      74.993      74.564
20150815      64.318      68.692      71.625      69.024
20150816      65.196      66.244      68.653      60.930
20150817      68.313      63.642      66.079      61.178
20150818      66.865      60.856      63.529      65.117
20150819      60.833      58.598      60.871      65.614
20150820      61.630      56.299      58.474      56.783
20150821      65.547      54.035      56.159      54.836
20150822      57.049      51.935      54.026      62.059
20150823      51.653      50.571      51.935      54.481
20150824      61.373      48.906      50.480      50.669
20150825      48.423      48.009      48.892      49.513
20150826      62.463      49.161      48.436      46.691
20150827      73.201      54.797      48.335      47.165
20150828      90.387      88.404      65.770      96.721
20150829      69.692      67.068      72.146     102.481
20150830      58.867      62.070      67.425      69.613
20150831      63.366      61.251      64.767      59.117
20150901      55.659      57.293      61.141      54.334
20150902      45.963      54.877      56.392      47.549
20150903      46.572      53.580      57.116      47.233
20150904      47.555      51.143      53.179      43.989
20150905      52.486      69.067      52.629      46.566
20150906      58.048      65.067      68.528      58.943
20150907      55.795      62.415      61.761      58.144
20150908      53.990      57.710      60.782      55.830
20150909      49.202      56.074      59.263      51.650
20150910      45.476      53.638      56.917      47.749
20150911      42.654      51.424      52.341      43.845
20150912      40.491      49.345      51.365      41.930
20150913      39.439      47.636      49.410      40.858
20150914      40.482      46.623      47.184      37.445
20150915      41.178      45.521      45.996      40.445
20150916      43.679      45.459      47.418      43.052
20150917      45.972      43.760      46.997      42.990
20150918      53.310      47.485      46.392      48.895
20150919      56.690      49.530      48.316      54.648
20150920      54.599      49.327      50.333      60.328
20150921      50.232      45.302      49.117      55.570
20150922      48.173      48.774      45.105      46.829
20150923      46.020      44.069      46.436      48.004
20150924      43.297      43.179      44.149      43.005
20150925      46.797      48.594      46.561      46.311
20150926      52.194      49.524      46.602      45.531
20150927      46.144      44.913      47.069      53.331
20150928      42.697      42.821      44.522      45.067
20150929      40.405      41.437      42.891      41.898
20150930      38.381      37.819      41.877      40.787
20151001      39.131      37.866      42.229      39.371
20151002      40.867      38.039      41.530      39.422
20151003      42.222      39.671      39.877      40.942
20151004      39.172      40.056      38.830      43.421
20151005      37.751      39.544      37.352      39.413
20151006      36.083      38.503      36.469      37.868
20151007      34.117      37.678      38.492      35.087
20151008      31.765      36.862      37.650      33.175
20151009      31.460      36.436      36.934      31.050
20151010      31.251      35.696      36.316      31.743
20151011      30.652      34.956      35.599      30.895
20151012      30.063      34.145      34.856      29.470
20151013      29.366      33.435      34.115      29.648
20151014      28.657      32.629      33.458      28.910
20151015      27.737      32.110      32.646      28.225
20151016      34.924      31.617      32.114      27.136
20151017      38.535      31.102      31.606      33.576
20151018      34.026      30.608      31.102      34.704
20151019      41.939      30.128      30.607      31.053
20151020      45.066      29.650      30.120      39.141
20151021      44.050      29.219      29.672      39.121
20151022      32.034      31.113      30.097      43.633
20151023      39.252      43.593      35.782      35.874
20151024      36.669      34.526      37.309      34.996
20151025      27.385      36.641      35.427      35.805
20151026      45.850      39.146      39.009      21.331
20151027      42.572      37.641      39.504      46.469
20151028      38.814      33.777      37.302      39.704
20151029      44.978      31.805      34.908      34.412
20151030      40.759      31.070      32.738      40.779
20151031      38.518      31.281      31.369      40.707
20151101      36.710      30.866      31.188      37.396
20151102      36.667      30.685   -9999.000   -9999.000
20151103      39.449      30.241      30.481      31.326
20151104      40.835      30.713      30.746      32.398
20151105      40.016      29.754      30.164      34.008
20151106      38.550      29.272      29.676      33.980
20151107      29.695      30.288      30.097      31.076
20151108      27.191      30.592      30.033      24.514
20151109      31.302      29.944      30.718      17.250
20151110      20.820      29.425      30.242      30.557
20151111      32.278      33.114      31.792      24.124
20151112      33.573      29.847      32.219      31.481
20151113      30.983      29.077      29.675      29.314
20151114      17.875      28.639      29.066      29.282
20151115      21.544      28.776      28.998      17.492
20151116      31.231      28.016      29.151      20.795
20151117      31.581      27.858      29.206      28.319
20151118      32.277      27.333      27.752      30.393
20151119      32.295      26.904      27.289      29.431
20151120      34.331      26.493      27.813      31.836
20151121      31.734      26.303      26.812      32.870
20151122      29.373      25.689      26.225      30.059
20151123      34.467      25.773      26.969      29.482
20151124      33.761      25.427      26.433      33.919
20151125      36.483      25.142      25.481      31.955
20151126      35.658      24.624      26.143      39.190
20151127      38.147      43.624      29.623      43.959
20151128      25.285      39.944      38.017      44.092
20151129      22.707      34.960      37.756      24.920
20151130      30.388      32.197      34.973      18.650
20151201      32.645      36.187      33.746      27.958
20151202      34.372      35.883      36.263      34.410
20151203      34.149      38.643      35.258      34.826
20151204      26.236      35.218      35.717      34.829
20151205      24.803      33.493      35.436      28.182
20151206      22.185      42.074      35.631      26.784
20151207      29.178      59.468      46.139      27.284
20151208      34.656      46.920      46.781      32.524
20151209      31.575      55.418      46.528      33.116
20151210      31.118      55.800      52.578      32.680
20151211      29.957      53.176      53.573      33.031
20151212      18.222      53.520      53.149      29.624
20151213      26.301      50.429      52.086      17.350
20151214      37.039      45.860      50.161      21.523
20151215      31.196      44.428      46.638      35.342
20151216      37.627      40.703      44.025      29.106
20151217      40.333      38.666      42.810      36.440
20151218      35.642      51.427      40.567      39.170
20151219  -10000.000      53.531      53.084      42.853
20151220      32.526      60.017      56.086      37.033
20151221      34.209      62.189   -9999.000   -9999.000
20151222      19.435      58.941   -9999.000   -9999.000
20151223      15.235      56.650      58.811      21.572
20151224      13.268      53.485      56.342      17.617
20151225      18.209      55.145      54.095      14.657
20151226      22.655      67.495      57.600      14.923
20151227      23.406      54.674      62.021      23.768
20151228      31.609      49.873      54.303      20.458
20151229      25.229      47.414      49.969      28.527
20151230      22.389      45.610      46.984      24.883
20151231  -10000.000      57.399      44.944      22.397
20160101  -10000.000      53.466      52.203      28.487
20160102  -10000.000      51.246      52.158      52.329
20160103  -10000.000      48.018      50.660      50.697
20160104  -10000.000      45.344      47.970      47.964
20160105  -10000.000      42.926      45.338      45.343
20160106  -10000.000      40.507      42.915      42.915
20160107      38.082      38.562      40.507      40.507
20160108      32.378      36.778      38.564      38.564
20160109  -10000.000      35.742      36.779      31.913
20160110      30.473      35.176      35.743      31.035
20160111      33.865      35.123      35.326      35.322
20160112      33.970      34.351      35.219      35.101
20160113      33.741      33.921      34.417      34.401
20160114      32.972      33.231      33.866      33.811
20160115      34.272      32.865      33.249      33.256
20160116      34.387      32.279      32.822      32.793
20160117      32.802      32.586      32.363      32.348
20160118      35.863      36.609      34.662      34.510
20160119      36.680      34.276      36.021      35.102
20160120      36.032      32.716      34.913      34.543
20160121      37.983      33.349      33.207      33.049
20160122      35.493      30.826      32.602      32.194
20160123      29.858      29.958      30.846      30.847
20160124      25.927      29.734      30.059      30.442
20160125      29.043      31.697      31.824      34.041
20160126      26.682      59.390      30.838      31.354
20160127      19.352      52.831      50.209      51.270
20160128      17.515      52.203      52.451      53.316
20160129      17.530      46.801      51.070      50.807
20160130      18.068      62.170      48.732      48.754
20160131      16.801      52.709      55.745      56.566
20160201      16.083      48.866      52.679      52.720
20160202      16.059      46.765      49.878      49.835
20160203      16.163      45.933      47.699      47.659
20160204      16.190      49.569      48.528      48.161
20160205      16.907      44.991      48.623      47.802
20160206      15.689      40.705      43.851      43.488
20160207      15.614      41.522      40.844      42.692
20160208      16.392      51.897      40.471      42.034
20160209      15.654      46.818      47.428      47.872
20160210      18.398      43.586      45.297      45.404
20160211      23.561      43.242      44.402      44.400
20160212      20.521      41.682      44.062      43.752
20160213      17.668      39.518      41.576      41.295
20160214      15.163      37.118      39.417      39.257
20160215      23.175      36.412      37.414      37.412
20160216      26.122      35.104      36.609      36.453
20160217      26.698      34.585      35.227      35.329
20160218      27.842      33.187      35.082      35.090
20160219      30.776      32.214      33.926      33.938
20160220      23.710      32.194      32.316      32.318
20160221      16.701      32.037      32.148      32.141
20160222      22.152      30.784      31.677      31.666
20160223      28.017      29.968      30.877      30.885
20160224      25.081      35.500      32.126      32.142
20160225      27.233      37.122      34.234      33.186
20160226      25.231      46.742      37.754      37.397
20160227      20.761      42.078      43.823      41.105
20160228      15.902      39.205      41.203      40.116
20160229      23.117      35.184      38.177      37.672
20160301      20.275      33.546      35.340      35.433
20160302      18.175      32.613      33.506      33.498
20160303      18.805      30.901      32.430      32.282
20160304      17.783      29.900      31.552      31.541
20160305      15.919      31.756      31.382      31.770
20160306      14.983      28.911      30.498      30.084
20160307      26.511      28.005      29.078      29.014
20160308      29.791      27.567      28.315      28.272
20160309      28.673      26.361      27.417      27.479
20160310      31.379      26.918      26.656      26.987
20160311      29.447      26.140      26.907      26.959
20160312      29.507      25.629      26.213      26.463
20160313      22.083      25.037      25.652      25.656
20160314      29.717      35.997      29.856      31.806
20160315      35.667      33.214      33.635      30.072
20160316      21.866      30.592      36.261      39.520
20160317      13.593      31.953      32.412      23.909
20160318      23.883      34.329      31.368      20.821
20160319      19.409      31.702      34.017      33.719
20160320      16.262      32.387      32.869      19.782
20160321      15.634      30.886      32.388      20.332
20160322      12.083      30.559      30.816      25.166
20160323   -9999.000   -9999.000      29.379      11.933
20160324      19.864      21.267   -9999.000   -9999.000
20160325      19.041      20.941   -9999.000   -9999.000
20160326      19.010      20.847   -9999.000   -9999.000
20160327      23.886      37.795      20.979      20.790
20160328      25.164      43.581      26.823      20.912
20160329      21.080      51.520      34.698      36.282
20160330      36.432      46.680      46.930      21.319
20160331      35.284      43.075      45.585      23.477
20160401      38.248      41.684      43.864      36.347
20160402      26.067      39.203      41.651      30.085
20160403      23.308      37.625      39.563      28.078
20160404      34.896      41.807      37.516      25.315
20160405      38.838      46.196      41.029      27.159
20160406      36.496      47.077      44.573      32.251
20160407      33.896      49.223      44.760      32.277
20160408      37.723      45.202      47.090      30.044
20160409      25.548      42.176      45.055      30.022
20160410      15.146      40.144      42.171      22.651
20160411      26.570      38.003      40.128      17.450
20160412      30.307      36.572      38.240      14.291
20160413      36.808      34.988      36.652      16.422
20160414      27.665      33.521      34.970      24.840
20160415      24.467      32.682      33.751      18.851
20160416      22.916      31.350      33.010      23.621
20160417      24.348      30.183      31.372      22.218
20160418      26.046      30.109      30.369      22.423
20160419      27.539      30.707      30.944      31.767
20160420      27.346      40.836      31.564      29.927
20160421      23.077      35.988      38.284      22.386
20160422      26.352      38.761      36.705      22.569
20160423      24.788      34.740      37.400      17.786
20160424      27.638      31.624      34.606      19.789
20160425      33.886      29.709      31.723      25.653
20160426      24.379      28.540      30.080      26.762
20160427      29.493      27.529      28.693      24.630
20160428      32.569      28.134      27.474      24.244
20160429      23.350      38.390      29.129      28.760
20160430      17.399      36.997      35.622      21.493
20160501      15.928      40.381      35.992      19.818
20160502      28.237      38.566      36.546      19.410
20160503      31.855      44.208      38.630      20.895
20160504      50.018      45.085      41.339      19.380
20160505      40.416      52.464      44.165      39.520
20160506      33.038      61.180      51.249      49.895
20160507      33.128      68.094      59.609      42.245
20160508      59.348      82.170      68.047      36.677
20160509     106.963      88.828      79.453      55.225
20160510     145.928      98.661      87.455     105.986
20160511     121.108      88.006      91.817     137.403
20160512     127.791      92.024      89.902     115.706
20160513     106.635      87.054      89.896     115.743
20160514      66.493      82.072      86.753      96.825
20160515      57.638      79.096      82.681      77.178
20160516      56.985      74.722      79.647      56.564
20160517      66.611      78.654      75.036      54.249
20160518      70.280      73.395      77.653      61.665
20160519      70.219      71.818      74.915      57.335
20160520      61.335      68.851      71.281      65.281
20160521      74.369      77.030      73.025      55.611
20160522     112.404      82.377      75.528      63.518
20160523     218.294      98.028      81.999      96.962
20160524     201.691      88.754      90.187     188.779
20160525     159.988      84.794      89.171     193.959
20160526     147.363      81.366      84.222     153.167
20160527     143.901      80.314      81.618     127.003
20160528     164.920      88.742      80.465     126.046
20160529     185.735      94.641      84.117     160.373
20160530     197.969      90.227      93.222     196.028
20160531     301.985      97.606      90.791     177.589
20160601     340.149     132.424      94.594     260.995
20160602     331.802     111.699     137.528     419.299
20160603     325.354     135.972     138.218     311.351
20160604     234.907     105.023      91.885     287.947
20160605     163.320      71.161      92.479     193.358
20160606     142.721      83.785      71.240     126.506
20160607     150.565      78.604      77.376     138.670
20160608     173.580      84.042      78.853     138.084
20160609     109.160      61.922      71.838     154.836
20160610      77.241      59.155      62.148      94.444
20160611      62.265      56.361      59.168      78.279
20160612      65.364      55.764      56.380      61.508
20160613      78.028      54.883      55.202      61.659
20160614      81.030      57.289      54.159      74.602
20160615      96.797      60.518      59.099      87.965
20160616     109.552      65.646      63.243     102.119
20160617     134.406      75.763      68.141     111.794
20160618     128.492      53.697      65.783     118.273
20160619     100.199      48.096      50.417      99.179
20160620      82.040      46.236      47.916      95.363
20160621      92.935      46.185      47.413      80.052
20160622      99.334      44.967      45.930      76.160
20160623      87.720      43.384      45.030      95.701
20160624      88.744      42.564      43.650      82.088
20160625     113.226      71.260      43.957      83.277
20160626     116.516      50.977      55.617     123.803
20160627     178.437      56.163      58.561     112.183
20160628     147.864      78.098      61.186     178.642
20160629     108.968      53.216      69.495     165.305
20160630      99.518      50.304      52.585      87.728
20160701     103.219      51.571      50.254      90.426
20160702      92.953      47.887      50.833      95.210
20160703      94.441      55.785      51.377      90.341
20160704      79.088      48.741      52.573      96.275
20160705      76.184      53.893      55.274      85.858
20160706      92.493      62.314      55.162      78.541
20160707      80.441      53.352      56.500      90.339
20160708      68.721      49.930      52.754      75.047
20160709      69.573      52.856      51.257      67.532
20160710      75.051      55.161      56.221      71.808
20160711      76.889      54.351      53.880      74.692
20160712      92.149      66.378      54.975      74.572
20160713      83.653      61.519      60.311      93.602
20160714      99.391      91.887      60.844      81.726
20160715      88.879      67.518      76.072     104.465
20160716      81.305      64.955      65.779      80.764
20160717      77.319      62.311      65.591      75.703
20160718      69.596      63.391      64.436      77.083
20160719      63.874      58.532      61.637      68.505
20160720      60.777      55.812      58.734      59.834
20160721      61.599      53.634      55.914      58.661
20160722      67.884      51.812      53.604      59.133
20160723      73.488      55.764      53.855      64.641
20160724      91.659      71.202      62.509      80.960
20160725      83.235      66.298      64.547      95.060
20160726      81.260      60.461      63.917      82.016
20160727     108.898     117.610      67.991      82.004
20160728      92.421      71.949      88.514     128.370
20160729      81.958      68.343      75.871      79.863
20160730      76.415      90.340      76.829      85.990
20160731      95.362      98.374     105.824     107.662
