date          Qobs       Qsimobs        Qsim       Qusi
20150801      11.452       9.849      13.479      13.399
20150802      10.012       9.573      10.723       9.672
20150803       8.278       8.112       9.225       8.599
20150804       7.511       7.471       8.079       7.448
20150805      21.114      36.146      11.521      10.787
20150806      23.352      17.059      25.244      27.489
20150807      18.426      13.198      17.510      19.611
20150808      14.557      10.328      12.951      14.574
20150809      11.468       9.188      10.267      12.021
20150810       9.490       8.458       9.080      10.335
20150811       8.735       8.079       8.585       9.233
20150812       8.621       8.934       8.188       8.142
20150813       7.411       7.639       8.398       8.542
20150814       6.226       7.085       7.637       7.076
20150815       5.335       6.663       7.082       5.964
20150816       4.664       6.284       6.657       5.114
20150817       4.199       5.919       6.282       4.482
20150818       3.769       5.575       5.919       4.046
20150819       3.437       5.235       5.575       3.602
20150820       3.099       4.923       5.250       3.235
20150821       2.826       4.638       4.935       2.949
20150822       2.586       4.388       4.635       2.700
20150823       2.397       4.116       4.378       2.441
20150824       2.232       3.817       4.130       2.231
20150825       3.385       5.168       3.925       2.112
20150826      10.834      22.208       6.513       3.498
20150827      18.834      28.397      17.104      19.370
20150828      23.451      22.820      25.079      23.685
20150829      18.021      14.668      20.060      19.791
20150830      13.615      11.888      15.166      14.288
20150831      10.567       9.866      11.844      11.678
20150901       8.547       8.875       9.990       9.201
20150902      21.042      18.246      10.075       8.782
20150903      30.491      71.282      19.867      23.900
20150904      26.528      30.212      47.230      40.334
20150905      23.971      49.260      31.571      22.950
20150906      22.193      25.462      38.960      24.932
20150907      17.957      16.634      25.010      17.773
20150908      14.419      12.730      16.635      13.447
20150909      11.769      10.875      12.726      11.473
20150910       9.793      10.019      10.906      10.348
20150911       8.273       9.306      10.021       9.279
20150912       7.608       8.737       9.322       7.700
20150913       9.585      15.694       9.375       7.663
20150914      11.564      12.634      12.386      10.654
20150915      19.105      18.289      12.627      10.793
20150916      39.651      86.072      29.090      27.910
20150917      43.985      41.451      64.262      55.323
20150918      51.222      80.393      45.560      36.675
20150919      38.328      38.133      61.723      52.790
20150920      28.960      24.965      39.569      30.560
20150921      23.013      16.339      24.930      21.392
20150922      20.050      13.107      16.796      15.628
20150923      23.390      24.467      19.686      21.160
20150924      21.918      12.648      19.124      20.829
20150925      27.895      33.092      18.480      22.164
20150926      24.723      15.235      24.914      27.586
20150927      20.296      11.804      15.005      16.476
20150928      16.913      10.603      11.789      14.822
20150929      14.529       9.885      10.599      15.448
20150930      12.504       7.317       9.883      13.940
20151001      10.959       6.909       9.235      11.796
20151002       9.650       6.523       8.632      10.514
20151003       8.440       6.156       6.525       9.226
20151004       7.620       7.279       6.156       8.173
20151005       6.961       6.878       5.808       7.223
20151006       6.612       6.638       5.484       6.495
20151007       6.268       6.449       6.595       6.396
20151008       5.876       6.045       6.304       6.121
20151009       5.821       5.795       6.175       5.675
20151010       6.195       6.242       5.829       5.524
20151011       6.072       5.874       5.854       6.256
20151012       5.862       5.606       5.804       5.915
20151013       5.566       5.335       5.574       5.655
20151014       5.128       5.022       5.297       5.362
20151015       4.700       4.733       5.022       4.827
20151016       4.348       4.458       4.733       4.514
20151017       4.038       4.198       4.458       4.160
20151018       3.791       3.958       4.198       3.774
20151019       3.597       3.731       3.952       3.594
20151020       3.455       3.532       3.726       3.454
20151021       3.361       3.314       3.512       3.274
20151022       3.351       3.762       3.344       3.212
20151023       3.520       3.470       3.468       3.511
20151024       3.600       3.239       3.375       3.306
20151025       3.696       3.876       3.306       3.489
20151026       3.593       3.355       3.435       3.913
20151027       3.410       3.150       3.355       3.308
20151028       3.262       2.955       3.150       3.188
20151029       3.157       2.770       2.955       3.010
20151030       3.056       2.593       2.769       2.997
20151031       3.118       3.297       2.606       2.846
20151101       3.348       3.645       2.963       3.439
20151102       3.698       3.205   -9999.000   -9999.000
20151103       3.687       2.958       3.209       3.388
20151104       3.500       2.766       2.958       3.459
20151105       3.252       2.591       2.761       3.240
20151106       3.090       2.451       2.586       3.146
20151107       4.312       5.800       3.214       3.697
20151108       6.136       6.738       4.657       3.858
20151109       6.800       8.262       6.075       6.681
20151110       6.383       6.959       7.738       6.941
20151111       5.421       6.508       6.947       6.117
20151112       4.653       6.024       6.492       5.255
20151113       4.233       5.845       6.113       4.498
20151114       3.735       5.467       5.886       4.056
20151115       3.373       5.078       5.410       3.546
20151116       3.157       4.722       5.362       3.187
20151117       3.287       5.557       4.993       3.137
20151118       3.321       4.565       5.422       3.062
20151119       3.071       4.211       4.567       3.155
20151120       2.807       3.897       4.209       2.813
20151121       3.041       3.622       3.899       2.627
20151122       3.496       3.372       3.622       2.773
20151123       4.943       3.156       3.373       3.138
20151124       3.620       2.987       3.193       4.581
20151125       2.691       2.777       2.989       3.524
20151126       2.477       2.588       2.782       2.526
20151127       2.829       2.422       3.173       2.502
20151128       3.111       4.822       2.518       2.662
20151129       3.119       4.287       4.018       4.103
20151130       3.153       3.826       4.220       2.966
20151201       3.423       3.539       3.822       2.962
20151202       3.058       3.292       3.571       3.265
20151203       2.849       3.204       3.344       2.909
20151204       2.771       3.920       3.486       3.046
20151205       3.039       3.847       4.440       2.751
20151206       3.165       3.822       3.883       2.832
20151207       3.046       3.122       3.712       2.946
20151208       2.995       2.818       3.179       2.890
20151209       3.227       2.922       2.955       2.856
20151210       3.138       2.572       2.754       2.928
20151211       3.026       2.584       2.579       2.866
20151212       3.144       2.276       2.543       2.729
20151213       2.817       2.158       2.301       2.894
20151214       3.297       2.043       2.156       2.636
20151215       6.857       1.949       2.044       2.715
20151216       9.992       1.886       1.948       5.874
20151217       8.857       1.979       1.929       9.222
20151218       2.865       2.065       1.961       9.258
20151219       2.391       2.297       2.409       3.189
20151220       2.493       3.294       3.153       3.425
20151221       2.824       6.141   -9999.000   -9999.000
20151222       2.916       4.599   -9999.000   -9999.000
20151223       3.110       4.703       4.763       2.864
20151224       3.157       4.172       4.670       2.901
20151225       3.239       4.220       4.335       3.094
20151226       2.976       3.832       4.172       3.017
20151227       3.680       3.492       3.835       2.836
20151228       3.615       3.361       3.567       3.062
20151229       2.669       3.096       3.353       3.546
20151230       2.521       2.910       3.136       2.505
20151231       2.506       2.876       2.966       2.449
20160101       2.478       2.757       2.982       2.448
20160102       2.501       3.080       2.844       2.425
20160103       2.452       2.697       3.035       2.359
20160104       2.379       2.373       2.689       2.266
20160105       2.306       2.278       2.393       2.231
20160106       3.224       2.142       2.265       2.145
20160107       8.896       2.039       2.135       2.462
20160108       7.262       2.023       2.029       8.066
20160109       4.895       2.053       2.011       7.077
20160110       2.859       2.357       2.132       5.142
20160111       2.533       3.287       2.488       3.069
20160112       2.387       2.693       3.236       2.434
20160113       2.298       2.821       2.719       2.256
20160114       2.223       2.428       2.768       2.133
20160115       2.140       2.182       2.412       2.061
20160116       2.059       2.373       2.318       2.096
20160117       1.973       2.037       2.318       1.913
20160118       1.924       1.895       2.034       1.859
20160119       1.843       1.782       1.898       1.770
20160120       1.788       1.696       1.787       1.764
20160121       1.754       1.614       1.693       1.717
20160122       1.680       1.550       1.618       1.698
20160123       1.633       1.740       1.562       1.604
20160124       1.613       1.545       1.699       1.572
20160125       1.626       1.494       1.547       1.550
20160126       1.569       1.453       1.493       1.493
20160127       1.537       1.655       1.544       1.537
20160128       1.526       2.408       1.703       1.603
20160129       1.523       1.760       2.279       1.909
20160130       1.575       2.664       2.020       2.016
20160131       1.535       2.057       2.598       2.195
20160201       1.477       1.817       2.033       1.985
20160202       1.499       2.077       2.045       2.046
20160203       1.500       1.964       2.080       1.928
20160204       1.472       1.686       1.946       1.850
20160205       1.448       1.567       1.685       1.686
20160206       1.438       1.676       1.701       1.700
20160207       1.484       2.403       1.882       1.802
20160208       1.561       2.131       2.406       2.042
20160209       1.606       2.608       2.462       2.310
20160210       1.600       1.965       2.495       2.161
20160211       1.559       1.757       1.958       1.940
20160212       1.543       1.603       1.757       1.757
20160213       1.521       1.486       1.628       1.625
20160214       1.463       1.401       1.483       1.485
20160215       1.452       1.307       1.401       1.390
20160216       1.460       1.237       1.306       1.307
20160217       1.447       1.178       1.238       1.237
20160218       1.391       1.141       1.194       1.193
20160219       1.343       1.121       1.143       1.144
20160220       1.332       1.361       1.238       1.229
20160221       1.403       1.755       1.540       1.437
20160222       1.373       1.320       1.668       1.431
20160223       1.325       1.256       1.358       1.358
20160224       1.302       1.168       1.251       1.243
20160225       1.277       1.104       1.177       1.176
20160226       1.249       1.052       1.106       1.104
20160227       1.216       1.012       1.053       1.052
20160228       1.183       0.979       1.010       1.012
20160229       1.156       0.945       0.976       0.979
20160301       1.145       0.917       0.947       0.945
20160302       1.235       1.581       1.163       1.162
20160303       1.308       1.621       1.673       1.410
20160304       1.304       1.545       1.654       1.463
20160305       1.295       2.058       1.775       1.655
20160306       1.262       1.518       1.990       1.681
20160307       1.250       1.699       1.629       1.603
20160308       1.232       1.430       1.673       1.530
20160309       1.208       1.257       1.418       1.388
20160310       1.184       1.153       1.259       1.256
20160311       1.148       1.067       1.150       1.153
20160312       1.126       0.994       1.066       1.067
20160313       1.109       0.951       0.996       0.994
20160314       1.179       1.432       1.012       1.052
20160315       1.374       4.124       1.779       2.354
20160316       1.460       6.313       3.745       2.998
20160317       1.618      16.180       5.959       2.455
20160318       1.760      15.912      10.381       2.322
20160319       1.711       9.737      12.410       2.340
20160320       1.683       8.589       9.829       1.461
20160321       1.609       7.448       8.496       1.578
20160322       1.566       7.492       7.480       1.538
20160323   -9999.000   -9999.000       7.063       1.566
20160324       1.511       6.519   -9999.000   -9999.000
20160325       1.478       6.139   -9999.000   -9999.000
20160326       1.439       5.829   -9999.000   -9999.000
20160327       1.509       6.144       6.111       1.513
20160328       1.710       7.340       6.029       1.580
20160329       2.592       6.654       9.157       2.245
20160330       2.972       5.753       6.644       2.372
20160331       2.460       5.201       5.710       2.854
20160401       2.321       4.967       5.244       2.343
20160402       2.107       4.739       5.094       2.227
20160403       2.078       4.323       4.738       2.047
20160404       2.200       4.570       4.527       2.040
20160405       3.275       6.834       5.990       2.545
20160406       4.221       7.011       7.188       3.340
20160407       4.694       7.228       6.310       4.441
20160408       4.576       7.105       6.488       4.789
20160409       4.367       5.542       6.684       4.710
20160410       4.093       4.854       5.523       3.648
20160411       3.985       5.471       4.856       3.686
20160412       4.060       4.722       4.959       3.906
20160413       4.030       4.890       4.676       3.713
20160414       3.920       4.674       4.949       4.469
20160415       4.127       4.386       4.999       4.087
20160416       4.277       4.021       4.459       3.841
20160417       4.256       3.789       4.023       3.962
20160418       4.353       4.709       3.761       4.003
20160419       4.718       5.283       4.072       4.457
20160420       4.932       6.688       4.763       4.793
20160421       5.212       6.790       6.020       5.423
20160422       5.411       7.078       6.143       4.783
20160423       4.985       5.696       6.267       5.194
20160424       4.603       5.364       5.704       4.623
20160425       4.372       5.095       5.438       4.400
20160426       4.075       4.977       5.195       4.302
20160427       3.854       4.568       5.000       3.841
20160428       3.696       4.288       4.570       3.598
20160429       4.079       5.340       4.708       4.073
20160430       5.043       5.261       5.650       4.048
20160501       4.960       5.215       5.352       4.774
20160502       4.905       4.936       5.125       4.380
20160503       5.921       6.227       5.495       5.745
20160504       7.955      11.886       5.789       5.877
20160505       9.675      18.159      10.726      10.484
20160506      12.460      26.616      17.260      14.348
20160507      17.007      43.680      26.465      16.770
20160508      25.684      65.600      43.833      26.450
20160509      38.108      86.332      64.042      32.605
20160510      52.386      95.318      82.774      44.236
20160511      63.498      90.186      90.210      53.819
20160512      74.283      81.214      85.771      58.787
20160513      76.514      69.591      77.636      66.567
20160514      63.882      44.402      62.731      63.222
20160515      52.407      32.431      43.959      45.347
20160516      46.804      26.455      32.348      39.842
20160517      44.965      29.226      27.859      39.407
20160518      42.382      26.341      27.969      43.514
20160519      49.036      28.693      31.114      46.143
20160520      69.620      30.164      29.555      46.582
20160521      84.865      61.989      33.136      67.866
20160522      90.696      41.193      53.335      89.314
20160523     112.328      79.804      53.975      90.784
20160524      98.783      47.226      64.713     107.648
20160525      75.542      34.214      45.684      74.371
20160526      56.746      25.799      33.722      57.303
20160527      44.045      22.796      26.027      45.037
20160528      37.898      22.214      22.923      37.189
20160529      34.433      22.164      23.201      36.952
20160530      32.782      19.323      21.086      29.745
20160531      29.610      16.538      19.451      29.022
20160601      26.280      15.447      16.566      25.345
20160602      22.581      13.938      17.892      26.589
20160603      19.344      12.061      15.287      20.864
20160604      16.372      10.216      11.971      15.619
20160605      13.345       8.753      10.169      14.395
20160606      10.999       7.678       8.753      11.937
20160607       9.361       7.002       7.680       9.558
20160608       7.922       6.609       7.001       8.784
20160609       6.526       6.233       6.608       7.717
20160610       5.603       5.922       6.235       6.106
20160611       4.871       5.563       5.909       5.438
20160612       4.461       5.240       5.596       4.616
20160613       4.164       5.014       5.538       4.383
20160614       3.845       4.750       4.997       3.906
20160615       3.665       4.439       4.727       3.671
20160616       5.215       7.316       4.652       3.501
20160617       5.566       5.709       6.300       5.306
20160618       5.472       5.873       5.771       5.352
20160619       4.918       5.241       5.723       5.358
20160620       4.412       4.769       5.209       4.633
20160621       7.562       9.949       5.666       4.657
20160622       8.176       6.574       7.656       7.869
20160623       6.242       6.008       6.572       7.711
20160624       5.175       5.509       6.004       5.914
20160625       5.001       6.765       6.636       5.902
20160626       7.717       5.566       6.224       5.020
20160627      21.392      19.619       7.316       6.157
20160628      22.826      12.311      13.919      24.088
20160629      17.289       9.094      11.184      20.220
20160630      15.061       8.611       9.271      15.034
20160701      15.152      17.991       9.834      14.987
20160702      15.154      14.624      16.543      19.706
20160703      19.129      18.021      16.728      16.448
20160704      16.824      11.659      16.162      18.225
20160705      15.228      10.875      12.742      14.799
20160706      15.447      16.069      12.681      14.988
20160707      13.745      10.156      13.985      14.740
20160708      11.103       8.551      10.029      10.897
20160709       9.774       9.560       9.412      10.778
20160710       8.897       8.275       9.028       9.527
20160711      10.245      10.680      10.190      10.174
20160712      12.388      13.162      10.925      10.982
20160713      15.200      12.840      13.490      13.939
20160714      17.303      17.333      14.332      14.829
20160715      15.232      12.281      15.398      17.355
20160716      11.508      10.687      12.370      12.822
20160717       9.400       8.713      10.356      10.003
20160718       7.958       7.935       8.763       8.081
20160719       6.953       7.348       7.933       7.515
20160720       6.232       7.159       7.381       6.640
20160721       5.450       6.478       7.059       5.960
20160722       4.879       6.098       6.492       5.280
20160723       4.416       5.742       6.384       4.795
20160724       4.576       6.163       6.134       4.430
20160725       5.633       8.462       5.962       4.175
20160726       6.698      10.456       8.392       6.590
20160727       6.858       9.345      11.603       8.707
20160728       9.011      16.200      10.678       7.922
20160729       8.532       9.318      13.312       9.665
20160730       8.228      14.469      11.065       8.021
20160731       7.768      11.841      12.074       8.209
