date          Qobs       Qsimobs        Qsim       Qusi
20150801       1.366       0.471       0.437       1.225
20150802       1.280       0.399       0.423       1.281
20150803       1.321       0.740       0.465       1.314
20150804       1.203       0.486       0.433       1.178
20150805       1.098       0.467       0.454       1.161
20150806       1.042       0.404       0.751       1.576
20150807       1.196       0.386       0.487       1.066
20150808       1.237       0.576       0.480       1.125
20150809       1.175       0.404       0.399       1.016
20150810       1.100       0.374       0.397       1.131
20150811       1.111       0.344       0.367       0.952
20150812       1.310       0.721       0.451       1.169
20150813       1.251       0.590       0.663       1.326
20150814       1.161       0.451       0.451       1.123
20150815       1.051       0.404       0.451       1.135
20150816       1.010       0.381       0.404       1.003
20150817       0.944       0.322       0.372       0.946
20150818       0.919       0.283       0.338       0.885
20150819       0.895       0.254       0.300       0.886
20150820       0.838       0.227       0.255       0.866
20150821       0.743       0.203       0.227       0.832
20150822       0.712       0.182       0.204       0.629
20150823       0.686       0.165       0.182       0.685
20150824       0.658       0.147       0.165       0.655
20150825       0.638       0.131       0.147       0.638
20150826       0.631       0.148       0.134       0.540
20150827       0.627       0.130       0.273       1.152
20150828       0.908       0.780       0.480       2.140
20150829       1.386       1.136       0.699       0.966
20150830       1.296       0.944       0.875       1.499
20150831       1.165       0.730       1.282       1.218
20150901       1.023       0.501       0.603       0.834
20150902       0.951       0.432       0.480       0.891
20150903       0.860       0.387       0.449       0.874
20150904       0.826       0.347       0.402       0.801
20150905       1.092       0.859       0.647       1.312
20150906       1.182       0.651       0.867       1.091
20150907       1.365       0.666       0.767       1.168
20150908       1.373       0.498       0.596       1.120
20150909       1.308       0.499       0.541       1.140
20150910       1.191       0.437       0.489       1.256
20150911       1.101       0.392       0.396       1.151
20150912       1.012       0.351       0.392       1.036
20150913       0.963       0.383       0.351       0.956
20150914       0.888       0.353       0.314       0.923
20150915       0.835       0.311       0.291       0.848
20150916       1.553       0.547       0.695       1.618
20150917       1.204       0.362       0.452       1.304
20150918       1.244       0.530       0.384       1.113
20150919       1.730       1.198       0.592       1.268
20150920       2.288       1.145       1.303       1.966
20150921       2.073       1.037       0.961       1.635
20150922       1.768       0.740       0.687       1.602
20150923       1.588       0.675       0.587       1.680
20150924       1.415       0.639       0.672       1.385
20150925       1.614       1.105       0.788       1.497
20150926       2.204       1.933       1.175       1.744
20150927       1.945       1.268       1.488       1.887
20150928       1.729       0.812       0.893       1.385
20150929       1.562       0.722       0.828       1.325
20150930       2.128       0.804       0.826       1.549
20151001       3.549       2.191       1.178       1.988
20151002       3.263       1.608       2.238       2.724
20151003       2.889       1.581       1.422       2.561
20151004       5.596       1.786       1.641       2.111
20151005       3.716       1.973       1.506       2.725
20151006       2.931       1.061       1.175       2.995
20151007       2.436       0.954       1.061       2.232
20151008       2.069       0.856       0.924       2.292
20151009       1.784       0.773       0.851       1.862
20151010       1.576       0.692       0.773       1.574
20151011       1.374       0.621       0.692       1.504
20151012       1.251       0.557       0.621       1.308
20151013       1.135       0.500       0.560       1.097
20151014       1.039       0.448       0.529       1.058
20151015       0.955       0.402       0.449       0.970
20151016       0.902       0.363       0.402       0.905
20151017       0.854       0.430       0.362       0.786
20151018       0.812       0.376       0.389       0.712
20151019       0.784       0.375       0.342       0.772
20151020       0.762       0.338       0.368       0.720
20151021       0.740       0.393       0.546       1.093
20151022       0.907       0.699       0.624       1.131
20151023       1.373       4.815       1.073       1.414
20151024       1.131       1.400       3.503       1.987
20151025       1.808       2.386       1.960       1.298
20151026       1.731       4.146       2.418       1.868
20151027       1.769       2.626       3.466       1.969
20151028       1.590       1.329       2.200       1.534
20151029       1.380       0.907       1.330       1.175
20151030       1.252       0.800       0.908       0.986
20151031       1.209       0.832       0.853       1.124
20151101       1.217       1.149       1.068       1.406
20151102       1.198       0.827   -9999.000   -9999.000
20151103       1.070       0.768       0.869       1.189
20151104       1.145       1.284       1.185       1.514
20151105       1.095       0.782       0.830       0.938
20151106       1.032       0.696       0.792       1.020
20151107       1.020       0.796       0.789       1.056
20151108       1.047       0.867       0.838       1.039
20151109       1.059       0.700       0.796       0.966
20151110       1.627       1.075       1.140       1.534
20151111       2.048       3.332       2.073       2.400
20151112       2.156       2.857       2.481       2.522
20151113       1.799       1.316       2.071       1.680
20151114       1.781       0.990       1.359       1.219
20151115       3.130       3.655       1.652       1.794
20151116       2.326       1.454       2.547       2.534
20151117       2.032       1.463       1.634       1.672
20151118       1.742       1.000       1.314       1.553
20151119       1.573       0.899       1.003       1.421
20151120       1.540       0.934       0.909       1.476
20151121       1.397       0.834       0.887       1.418
20151122       1.294       0.872       0.857       1.367
20151123       1.531       1.589       1.273       1.687
20151124       2.627       1.313       1.352       1.526
20151125       2.515       1.652       1.328       2.104
20151126       2.388       1.532       1.626       2.006
20151127       7.263       5.330       2.688       3.066
20151128       6.584       7.294       3.688       6.458
20151129       4.618       3.367       4.749       5.204
20151130       3.679       2.660       3.303       3.018
20151201       3.205       2.785       2.418       2.454
20151202       3.049       2.115       2.248       2.239
20151203       3.151       3.439       2.438       2.702
20151204       2.720       2.608       3.204       2.777
20151205       2.909       2.358       2.999       2.803
20151206       3.552       3.619       2.641       2.618
20151207       3.025       2.975       2.750       2.757
20151208       2.466       1.659       2.131       2.173
20151209       2.283       1.699       1.859       1.788
20151210       2.648       2.097       1.885       2.186
20151211       2.876       2.663       2.731       2.800
20151212       3.791       4.256       2.413       2.830
20151213       2.913       2.374       2.622       2.862
20151214       2.488       1.694       2.418       2.327
20151215       3.338       2.660       1.983       2.216
20151216       2.675       2.273       2.009       2.498
20151217       2.252       1.613       2.372       2.577
20151218       2.252       1.645       1.781       1.822
20151219       2.730       2.049       2.076       2.332
20151220       4.582       4.527       3.356       3.783
20151221       3.879       4.051   -9999.000   -9999.000
20151222       3.235       2.781   -9999.000   -9999.000
20151223       3.182       2.427       2.717       2.609
20151224       3.090       2.235       2.571       2.555
20151225       2.832       1.804       2.010       2.252
20151226       2.529       2.533       1.723       1.998
20151227       2.097       1.383       1.618       1.929
20151228       1.779       1.144       1.441       1.593
20151229       1.587       1.055       1.276       1.708
20151230       1.414       1.098       1.167       1.643
20151231       1.316       0.956       1.166       1.347
20160101       1.172       0.905       0.949       1.135
20160102       1.051       0.788       0.907       1.015
20160103       0.973       0.708       0.788       0.970
20160104       0.877       0.637       0.708       0.909
20160105       0.829       0.573       0.637       0.780
20160106       0.785       0.515       0.573       0.774
20160107       0.756       0.465       0.515       0.706
20160108       0.640       0.417       0.464       0.682
20160109       0.620       0.375       0.417       0.595
20160110       0.611       0.337       0.375       0.572
20160111       0.612       0.339       0.372       0.633
20160112       0.603       0.294       0.322       0.574
20160113       0.561       0.263       0.313       0.568
20160114       0.555       0.236       0.281       0.528
20160115       0.553       0.212       0.236       0.522
20160116       0.571       0.191       0.212       0.524
20160117       0.546       0.172       0.224       0.594
20160118       0.489       0.287       0.172       0.572
20160119       0.497       0.313       0.213       0.478
20160120       0.500       0.230       0.295       0.490
20160121       0.513       0.258       0.230       0.476
20160122       0.500       0.229       0.442       0.871
20160123       0.543       0.358       0.579       1.067
20160124       0.890       1.856       0.890       1.336
20160125       1.886       2.344       1.837       2.273
20160126       3.211       3.008       2.209       2.107
20160127       3.214       2.238       3.021       2.931
20160128       2.680       1.478       1.991       2.229
20160129       3.146       1.328       1.667       1.906
20160130       3.508       1.612       1.187       2.198
20160131       2.591       2.528       1.302       2.979
20160201       2.091       1.764       1.218       2.037
20160202       3.598       2.490       1.305       1.583
20160203       2.390       1.715       2.031       2.881
20160204       1.963       1.957       1.775       1.996
20160205       1.691       1.812       2.142       1.953
20160206       1.924       1.502       1.838       1.642
20160207       1.898       1.584       1.577       1.539
20160208       1.809       1.241       1.384       1.686
20160209       1.837       1.176       1.170       1.494
20160210       2.096       1.058       1.190       1.557
20160211       1.700       1.081       1.002       1.850
20160212       1.402       0.834       0.967       1.344
20160213       1.246       0.750       0.834       1.320
20160214       1.076       0.675       0.750       1.173
20160215       1.006       0.607       0.675       0.994
20160216       0.938       0.613       0.607       0.942
20160217       0.953       1.023       0.808       1.129
20160218       1.030       1.013       0.904       1.011
20160219       0.922       0.762       0.811       0.869
20160220       0.872       0.819       0.770       0.804
20160221       0.862       0.696       0.762       0.812
20160222       0.869       0.665       0.837       0.848
20160223       0.872       0.834       0.715       0.873
20160224       0.966       0.847       1.160       1.099
20160225       1.041       0.906       0.899       0.988
20160226       1.164       1.091       0.888       1.075
20160227       1.577       1.725       0.831       0.994
20160228       1.332       1.368       0.840       1.247
20160229       1.270       1.467       1.036       1.062
20160301       1.119       0.904       0.927       0.952
20160302       1.046       0.853       0.886       0.881
20160303       0.995       0.759       0.812       0.927
20160304       0.847       0.702       0.763       0.930
20160305       0.829       0.735       0.848       0.882
20160306       0.837       0.619       0.690       0.762
20160307       0.800       0.550       0.638       0.766
20160308       0.775       0.577       0.644       0.724
20160309       0.750       0.505       0.562       0.705
20160310       0.729       0.491       0.508       0.662
20160311       0.726       0.508       0.472       0.659
20160312       0.724       0.459       0.504       0.676
20160313       1.138       0.538       0.614       0.838
20160314       5.103       1.954       1.037       1.537
20160315       3.501       1.121       1.058       4.218
20160316       2.848       0.962       1.067       2.610
20160317       2.567       0.897       0.937       2.031
20160318       2.464       1.041       1.054       2.394
20160319       2.423       0.779       0.874       1.945
20160320       2.953       1.251       1.045       2.159
20160321       2.776       1.144       1.234       2.607
20160322       2.759       1.212       1.120       2.256
20160323   -9999.000   -9999.000       1.291       2.381
20160324       2.156       0.973   -9999.000   -9999.000
20160325       1.855       0.937   -9999.000   -9999.000
20160326       1.675       0.889   -9999.000   -9999.000
20160327       1.610       1.008       0.931       1.438
20160328       1.546       1.048       0.968       1.457
20160329       1.412       1.090       1.021       1.470
20160330       1.350       1.026       1.210       1.580
20160331       1.300       0.855       1.009       1.175
20160401       1.323       0.994       0.909       1.074
20160402       1.400       0.867       1.114       1.251
20160403       1.409       0.946       0.940       1.286
20160404       1.384       0.926       0.845       1.234
20160405       1.362       0.880       0.828       1.211
20160406       1.065       0.820       0.792       1.212
20160407       1.031       0.854       0.805       0.921
20160408       1.017       0.790       0.728       0.878
20160409       0.993       0.689       0.805       0.909
20160410       0.955       0.594       0.650       0.798
20160411       0.938       0.535       0.594       0.796
20160412       0.941       0.505       0.545       0.816
20160413       0.919       0.482       0.521       0.816
20160414       0.887       0.424       0.451       0.753
20160415       0.875       0.479       0.504       0.892
20160416       0.875       0.386       0.447       0.769
20160417       0.867       0.443       0.470       0.833
20160418       0.878       0.468       0.479       0.834
20160419       0.930       1.186       0.681       1.026
20160420       0.990       1.212       1.025       0.954
20160421       1.535       1.996       1.195       1.039
20160422       1.550       1.946       1.203       1.440
20160423       1.414       1.363       1.621       1.290
20160424       1.397       0.999       1.350       1.136
20160425       1.337       0.893       0.987       1.088
20160426       1.241       0.938       0.833       1.093
20160427       1.122       0.840       0.830       1.145
20160428       1.046       0.789       0.764       1.005
20160429       1.008       0.847       0.837       1.004
20160430       0.996       0.835       0.886       1.008
20160501       0.960       0.773       0.793       0.936
20160502       0.877       0.758       0.769       0.899
20160503       0.841       0.745       0.767       0.863
20160504       0.851       0.686       0.863       0.909
20160505       0.773       0.612       0.650       0.712
20160506       0.736       0.586       0.619       0.718
20160507       0.714       0.537       0.586       0.696
20160508       0.722       0.535       0.642       0.788
20160509       0.731       0.440       0.518       0.634
20160510       0.649       0.438       0.450       0.677
20160511       0.638       0.375       0.405       0.576
20160512       0.657       0.341       0.354       0.569
20160513       0.682       0.344       0.478       0.812
20160514       0.713       0.471       0.470       0.841
20160515       0.761       0.496       0.532       0.796
20160516       0.769       0.360       0.417       0.635
20160517       0.768       0.420       0.473       0.880
20160518       0.775       0.345       0.407       0.641
20160519       0.764       0.300       0.332       0.669
20160520       0.736       0.271       0.300       0.736
20160521       0.716       0.260       0.304       0.712
20160522       0.696       0.261       0.258       0.589
20160523       0.679       0.283       0.327       0.752
20160524       0.658       0.217       0.256       0.566
20160525       0.638       0.197       0.217       0.562
20160526       0.616       0.176       0.196       0.620
20160527       0.598       0.159       0.177       0.592
20160528       0.584       0.144       0.159       0.581
20160529       0.566       0.129       0.144       0.576
20160530       0.547       0.116       0.129       0.550
20160531       0.541       0.228       0.116       0.451
20160601       0.541       0.187       0.135       0.424
20160602       0.540       0.167       0.400       1.081
20160603       0.532       0.135       0.148       0.514
20160604       0.508       0.121       0.135       0.525
20160605       0.484       0.108       0.121       0.502
20160606       0.474       0.097       0.108       0.467
20160607       0.468       0.087       0.097       0.470
20160608       0.465       0.092       0.123       0.550
20160609       0.462       0.081       0.089       0.370
20160610       0.452       0.078       0.079       0.378
20160611       0.442       0.065       0.074       0.434
20160612       0.437       0.058       0.065       0.449
20160613       0.433       0.052       0.058       0.441
20160614       0.421       0.047       0.052       0.443
20160615       0.407       0.042       0.047       0.431
20160616       0.399       0.039       0.042       0.421
20160617       0.396       0.034       0.037       0.409
20160618       0.397       0.035       0.038       0.347
20160619       0.416       0.115       0.217       2.008
20160620       0.440       0.188       0.086       0.422
20160621       0.447       0.106       0.135       0.311
20160622       0.446       0.090       0.102       0.366
20160623       0.444       0.080       0.108       0.426
20160624       0.443       0.083       0.118       0.518
20160625       0.440       0.148       0.142       0.612
20160626       0.441       0.095       0.093       0.344
20160627       0.459       0.245       0.103       0.408
20160628       0.509       0.253       0.418       0.845
20160629       0.518       0.174       0.257       0.499
20160630       0.514       0.151       0.223       0.594
20160701       0.510       0.152       0.160       0.478
20160702       0.506       0.140       0.150       0.440
20160703       0.504       0.419       0.455       1.387
20160704       0.504       0.275       0.307       0.383
20160705       0.504       0.209       0.244       0.443
20160706       0.504       0.267       0.218       0.438
20160707       0.502       0.196       0.237       0.402
20160708       0.497       0.180       0.194       0.466
20160709       0.494       0.196       0.193       0.464
20160710       0.493       0.162       0.179       0.432
20160711       0.493       0.178       0.239       0.624
20160712       0.493       0.175       0.200       0.480
20160713       0.493       0.292       0.160       0.404
20160714       0.493       0.205       0.224       0.384
20160715       0.493       0.194       0.192       0.412
20160716       0.493       0.196       0.190       0.414
20160717       0.495       0.250       0.323       0.736
20160718       0.497       0.345       0.246       0.477
20160719       0.500       0.225       0.208       0.436
20160720       0.502       0.239       0.258       0.518
20160721       0.504       0.189       0.220       0.454
20160722       0.502       0.171       0.461       1.023
20160723       0.501       0.306       0.265       0.664
20160724       0.501       0.189       0.235       0.419
20160725       0.499       0.179       0.202       0.458
20160726       0.497       0.380       0.340       0.826
20160727       0.498       0.535       0.680       0.902
20160728       0.502       0.319       0.451       0.546
20160729       0.507       0.301       0.663       0.906
20160730       0.510       0.332       0.602       0.857
20160731       0.511       0.295       0.299       0.414
