date          Qobs       Qsimobs        Qsim       Qusi
20150801       8.940       4.091       4.568       9.832
20150802       7.075       5.778       4.345       8.273
20150803       6.497       4.367       5.792       7.507
20150804       6.215       4.454       4.935       5.735
20150805       8.936       5.624       4.694       6.087
20150806       8.865       4.791       6.176       9.234
20150807      12.704       7.386       5.049       8.100
20150808      11.156       7.287       6.217      10.647
20150809       8.389       4.687       6.594      10.080
20150810       9.215       5.039       5.066       6.753
20150811      10.232       6.279       4.585       7.944
20150812      12.078       6.863       5.436       8.518
20150813       8.211       4.084       6.038      10.318
20150814       6.418       4.039       4.763       7.013
20150815       6.433       4.863       4.741       6.775
20150816       8.033       6.075       5.012       6.384
20150817       8.326       5.165       5.883       7.867
20150818       6.951       4.458       5.336       7.047
20150819       5.538       4.731       4.942       6.547
20150820       5.178       5.161       4.974       5.602
20150821       5.326       5.029       5.331       5.520
20150822       6.695       6.033       5.256       5.197
20150823       7.517       5.600       5.793       6.263
20150824       6.307       4.987       5.666       6.543
20150825       5.546       5.248       5.096       5.489
20150826       6.394       5.025       5.203       5.447
20150827       6.149       4.593       4.861       5.844
20150828       5.733       4.286       7.347       9.099
20150829       6.608       5.139       4.632       5.209
20150830       8.148       5.993       4.738       6.111
20150831       6.983       5.312       6.080       8.146
20150901       4.889       3.320       4.772       5.696
20150902       3.923       3.272       3.532       3.768
20150903       3.457       3.253       3.442       3.616
20150904       3.973       3.911       2.774       2.923
20150905      11.056      10.652       5.235       4.825
20150906       9.414       6.496       9.269      11.517
20150907       7.041       7.421       5.977       7.262
20150908       6.649       3.927       6.005       5.459
20150909       4.932       3.375       5.513       5.400
20150910       3.916       3.167       4.090       4.320
20150911       3.645       2.939       3.478       3.840
20150912       3.260       3.100       3.291       3.401
20150913       3.084       4.066       3.493       3.449
20150914       3.782       4.294       4.140       3.700
20150915       4.655       5.092       4.712       3.840
20150916       5.334       6.498       5.298       5.542
20150917       4.210       3.441       5.428       4.882
20150918       6.018       5.183       3.525       3.200
20150919      15.107      11.255       4.823       4.462
20150920      14.408      13.199       9.118      14.021
20150921       7.382       3.985       9.641      11.326
20150922       4.730       2.813       4.080       4.179
20150923       3.651       2.861       3.095       3.566
20150924       3.669       3.320       3.001       3.613
20150925       5.904       8.078       3.298       3.660
20150926      10.605      20.469       7.156       6.911
20150927       7.762       7.312      10.093       8.454
20150928       4.947       3.386       7.967       5.170
20150929       4.223       3.574       3.989       2.955
20150930       5.718       4.476       3.559       4.212
20151001      10.150       9.271       4.668       5.229
20151002      10.740       4.978       5.258       8.524
20151003       9.965      11.827       7.749      10.969
20151004       6.735       4.925       8.781       9.988
20151005       4.975       2.833       5.277       4.715
20151006       3.515       2.694       3.178       3.916
20151007       2.708       3.921       2.935       3.524
20151008       2.334       3.828       3.558       3.149
20151009       2.308       3.596       3.436       2.316
20151010       2.198       2.977       3.061       2.071
20151011       2.010       2.062       2.665       1.962
20151012       1.836       2.047       1.964       1.596
20151013       1.693       1.918       1.937       1.703
20151014       1.583       1.954       1.899       1.615
20151015       1.482       1.854       1.858       1.542
20151016       1.406       1.748       1.802       1.468
20151017       1.354       1.476       1.580       1.288
20151018       1.336       1.721       1.451       1.190
20151019       1.313       1.452       1.485       1.328
20151020       1.284       1.314       1.380       1.178
20151021       1.385       1.934       1.719       1.655
20151022       3.827       3.587       3.628       3.204
20151023      21.695      28.100       6.310       5.681
20151024       8.695       6.396      17.053      19.794
20151025       9.977      21.666       8.937       9.429
20151026      10.125      11.547      17.886      14.064
20151027       8.770       6.614       9.936       6.682
20151028       5.474       2.956       4.895       4.742
20151029       3.800       2.079       2.832       3.050
20151030       2.830       1.906       2.558       3.672
20151031       4.192       5.128       2.536       3.231
20151101      10.986       9.576       8.144       8.312
20151102       9.296       5.639   -9999.000   -9999.000
20151103       6.727       4.378       4.953       6.396
20151104      14.978      18.887       4.479       6.668
20151105       9.899       5.611      12.717      10.649
20151106       5.838       3.408       4.714       5.414
20151107       5.944       5.103       4.719       5.830
20151108       5.481       6.202       3.969       3.958
20151109       6.192       9.324       5.431       7.601
20151110      15.217      28.402      11.003       9.055
20151111      17.017      19.701      25.563      22.102
20151112      12.610      15.043      17.342      14.460
20151113       8.376       8.556      12.179       9.271
20151114       7.845       5.881       7.234       5.451
20151115      15.121      34.093       9.849      10.678
20151116       8.402       7.384      18.392      14.504
20151117       5.898       7.138       9.393       5.535
20151118       4.388       7.273       7.061       4.519
20151119       3.310       2.313       5.012       3.468
20151120       2.600       1.933       2.313       1.788
20151121       2.288       1.861       1.933       2.180
20151122       2.046       1.793       1.861       2.107
20151123       1.955       1.727       2.252       2.552
20151124       2.382       7.389       1.879       2.035
20151125       2.775       7.299       7.171       6.899
20151126       3.984       5.287      10.544       5.411
20151127      81.332      57.956      17.352      12.747
20151128      35.618      53.546      37.511      55.063
20151129      10.162      13.413      36.901      30.290
20151130       6.312       8.849      12.368       5.005
20151201       5.034       7.819       7.226       4.844
20151202       8.928       8.917      10.486       6.923
20151203      16.808      20.099       7.012       7.778
20151204       8.503      12.322      15.322      16.653
20151205      21.093      22.210      11.284       8.505
20151206      17.163      19.921      15.752      18.165
20151207      13.580      20.990      19.056      15.252
20151208      10.444       5.796      15.254      12.082
20151209      20.144      18.008       7.490       5.096
20151210      19.051      17.611      12.826      26.037
20151211      14.339      16.483      15.496      17.277
20151212       9.502       9.222      11.027      10.021
20151213       6.273       4.219       6.902       5.515
20151214       4.417       2.614       3.715       3.470
20151215       3.472       3.625       2.645       3.569
20151216       2.823       2.092       4.228       5.768
20151217       6.839       3.940       8.220       8.494
20151218      36.750      21.688       6.867       9.296
20151219      37.026      28.307      29.064      55.505
20151220      40.518      24.323      32.184      39.691
20151221      27.591      26.972   -9999.000   -9999.000
20151222      14.537      11.253   -9999.000   -9999.000
20151223      12.530      13.545      14.567      11.986
20151224      13.846      17.481      13.285      11.937
20151225      19.281      18.827      11.432       9.999
20151226      11.853       9.382      13.068      12.921
20151227       6.507       2.599       7.283       6.882
20151228       4.571       1.980       6.019       7.037
20151229       3.785       4.648       4.580       9.340
20151230       4.672       8.236       6.003       7.664
20151231       9.669       8.961       7.678       5.043
20160101       7.576       6.235       6.315       7.412
20160102       4.731       2.876       4.839       4.934
20160103       3.204       1.988       2.813       2.801
20160104       2.284       1.806       1.936       2.295
20160105       2.010       1.737       1.806       2.011
20160106       1.901       1.672       1.737       1.832
20160107       1.745       1.608       1.672       1.820
20160108       1.503       1.547       1.608       1.703
20160109       1.302       1.489       1.547       1.425
20160110       1.193       1.433       1.489       1.329
20160111       1.234       1.390       1.435       1.156
20160112       1.247       1.374       1.389       1.241
20160113       1.227       1.328       1.337       1.177
20160114       1.193       1.281       1.288       1.224
20160115       1.176       1.232       1.282       1.133
20160116       1.131       1.186       1.232       1.173
20160117       1.152       1.141       1.186       1.138
20160118       1.198       1.114       1.141       1.118
20160119       1.206       1.066       1.106       1.164
20160120       1.197       1.025       1.066       1.105
20160121       1.151       0.987       1.025       1.139
20160122       1.097       0.950       1.083       1.276
20160123       1.152       1.878       1.113       1.273
20160124       1.604       9.874       2.550       3.222
20160125       6.091      14.953      11.174       8.150
20160126      23.552      27.976      13.180       6.291
20160127      12.585      13.347      19.925      21.136
20160128       8.241       7.967      12.137       8.288
20160129       8.319       8.215       7.241       5.632
20160130      15.159      34.710       5.967       5.075
20160131       6.682       8.509      24.655      17.297
20160201       4.224       3.622       8.516       4.083
20160202       5.507       6.067       3.268       2.367
20160203       4.465       3.874       4.137       4.605
20160204       3.251       2.669       3.189       3.259
20160205       2.537       2.395       6.632       7.691
20160206       4.261      12.310       3.176       4.040
20160207       5.885      11.639      11.153       9.404
20160208       6.304      15.236      10.257       7.118
20160209       4.630      10.576      10.094       5.930
20160210       3.216       6.913       7.785       3.946
20160211       2.401       3.634       5.253       2.684
20160212       1.983       1.865       3.092       1.584
20160213       1.740       1.783       1.865       1.353
20160214       1.493       1.717       1.783       1.736
20160215       1.502       1.653       1.717       1.523
20160216       1.453       1.591       1.653       1.535
20160217       1.457       5.856       1.634       1.580
20160218       1.522       8.560       3.866       5.879
20160219       1.448       3.306       5.638       2.026
20160220       1.354       8.819       2.939       1.151
20160221       1.343       4.608       5.914       2.194
20160222       1.351       5.456       3.776       1.304
20160223       1.402       3.514       3.322       1.575
20160224       1.494       2.857       2.780       1.414
20160225       1.568       2.888       2.576       1.489
20160226       1.766       8.582       2.373       1.679
20160227       1.865       3.527       5.966       2.506
20160228       1.739       3.297       3.145       1.468
20160229       1.582       3.452       2.573       1.592
20160301       1.419       5.150       3.184       1.951
20160302       1.311       6.312       4.251       2.099
20160303       1.254       3.514       4.475       1.860
20160304       1.185       2.407       2.985       1.164
20160305       1.169       3.641       2.327       1.300
20160306       1.144       1.748       2.594       1.467
20160307       1.101       1.427       1.583       0.901
20160308       1.060       1.372       1.427       1.058
20160309       1.041       1.329       1.372       1.131
20160310       1.024       4.132       1.419       1.472
20160311       1.018       6.788       3.429       2.398
20160312       1.026       6.739       5.479       1.549
20160313       1.549      11.212       7.887       1.860
20160314      16.076      31.899      13.666       3.566
20160315      12.772      12.939      21.319      17.516
20160316       7.937       7.095      14.182       9.646
20160317       5.496       4.449       8.925       6.523
20160318       5.364       5.237       4.058       3.942
20160319       5.112       1.987       3.793       4.075
20160320       5.910       3.826       3.038       3.114
20160321       5.456       2.951       3.409       5.636
20160322       4.511       3.809       3.345       5.347
20160323   -9999.000   -9999.000       3.334       3.814
20160324       2.863       1.857   -9999.000   -9999.000
20160325       2.673       6.306   -9999.000   -9999.000
20160326       3.306       7.558   -9999.000   -9999.000
20160327      11.196      19.487       8.941       5.224
20160328      10.824      18.340      13.201      11.561
20160329       7.179      16.956      13.804      11.498
20160330       6.064       7.917      11.489       6.850
20160331       4.079       4.573       6.738       4.191
20160401       2.886       2.494       3.630       2.394
20160402       2.518       5.227       3.013       2.370
20160403       3.125       6.089       4.723       3.970
20160404       3.110       7.715       5.124       3.545
20160405       3.688       7.406       6.661       3.567
20160406       4.498       5.472       5.242       3.397
20160407       6.625       9.486       4.870       3.717
20160408       5.684       3.718       6.898       6.002
20160409       3.811       2.307       3.009       2.897
20160410       2.800       1.900       1.982       2.256
20160411       2.339       1.896       1.898       2.556
20160412       2.252       2.291       1.858       2.359
20160413       2.248       2.175       1.926       2.234
20160414       2.128       1.799       1.863       1.902
20160415       1.993       1.852       1.823       2.265
20160416       1.841       1.708       1.724       1.908
20160417       1.726       1.968       1.706       1.772
20160418       1.766       3.343       2.027       2.249
20160419       2.055       4.974       2.491       2.295
20160420       2.768       6.993       4.231       2.648
20160421       4.248       9.849       6.456       4.012
20160422       5.814       6.235       7.093       4.641
20160423       4.200       2.451       4.356       3.611
20160424       3.037       2.019       2.315       2.412
20160425       2.396       1.976       1.929       2.373
20160426       2.042       3.141       1.840       2.260
20160427       1.810       3.083       2.534       2.338
20160428       1.726       3.777       2.595       1.882
20160429       1.774       6.496       3.734       2.186
20160430       1.804       7.893       5.207       2.327
20160501       1.953       7.566       5.655       1.575
20160502       2.713       9.453       6.081       2.171
20160503       7.938      13.368       8.444       3.046
20160504       7.453      11.123       9.509       7.801
20160505       7.132      11.297       9.978       6.095
20160506       9.640      13.344       9.778       6.340
20160507       9.318      11.216      11.118       9.257
20160508      13.490       9.719      11.543       9.659
20160509      17.759      11.767      10.416      10.968
20160510      15.569      12.618      10.908      16.507
20160511      11.137       6.890       9.642      13.081
20160512       9.774       7.900       7.256       8.536
20160513       6.813       3.216       5.740       8.022
20160514       4.976       1.741       2.936       3.561
20160515       4.145       1.960       1.761       3.259
20160516       3.332       1.895       1.730       4.231
20160517       3.162       3.821       1.928       3.624
20160518       2.972       2.102       2.939       3.778
20160519       2.638       1.998       1.887       2.293
20160520       2.606       3.116       1.909       2.662
20160521       6.048       5.955       3.225       3.942
20160522      10.625       8.332       5.589       6.315
20160523      11.193       6.846       6.900      10.628
20160524       8.259       3.895       5.138       8.097
20160525       6.572       4.056       3.362       5.752
20160526       6.758       4.824       3.547       6.023
20160527       7.167       5.231       4.577       7.363
20160528       9.433       6.710       5.317       7.351
20160529      11.288       7.230       6.481       9.764
20160530      11.271       7.537       6.555       9.943
20160531      15.088      10.112       7.061      10.589
20160601      14.945       7.008       8.537      13.384
20160602      16.135       7.924       7.050      12.058
20160603      14.595       6.046       7.131      14.781
20160604      10.637       4.955       5.153      11.334
20160605       7.684       4.367       4.436       9.338
20160606       7.249       4.458       4.258       6.849
20160607       8.980       5.585       4.719       7.848
20160608       9.542       4.375       4.824       8.739
20160609       6.378       2.880       3.333       6.995
20160610       4.418       1.932       2.406       4.400
20160611       3.880       2.452       2.067       3.664
20160612       4.655       3.754       2.600       4.591
20160613       5.468       3.913       3.457       5.185
20160614       5.507       3.966       3.423       5.357
20160615       5.594       3.754       3.667       5.147
20160616       6.878       4.095       3.804       5.530
20160617       7.802       4.305       3.949       6.925
20160618       8.393       3.413       3.880       7.171
20160619       7.722       2.830       2.888       5.920
20160620       5.771       2.639       2.550       5.901
20160621       7.012       4.890       3.308       6.136
20160622       7.003       3.974       4.155       7.476
20160623       6.849       4.125       4.487       6.788
20160624       7.797       4.519       4.220       6.101
20160625       9.815       5.659       4.621       7.665
20160626       8.783       3.963       4.490       8.204
20160627      11.833       6.372       4.367       7.610
20160628      11.196       5.191       5.454      10.000
20160629       7.635       3.692       4.777       8.433
20160630       6.451       3.921       3.789       6.300
20160701       6.686       4.305       3.721       6.069
20160702       6.296       4.246       4.092       6.710
20160703       8.382       7.379       6.060       8.162
20160704       6.620       3.954       4.898       7.310
20160705       5.851       4.305       4.379       5.596
20160706       5.292       4.020       3.430       4.648
20160707       4.781       2.833       3.373       4.103
20160708       4.311       3.558       2.974       3.864
20160709       5.508       5.468       4.291       5.651
20160710       7.198       5.420       4.975       5.380
20160711       6.920       5.071       5.857       8.220
20160712       7.989       5.873       5.669       6.528
20160713       7.015       4.778       5.095       7.236
20160714       6.348       4.143       4.357       6.025
20160715       6.017       3.688       3.600       4.997
20160716       7.438       4.730       3.616       5.035
20160717      12.793       6.222       5.091       7.164
20160718      11.461       7.239       5.606      10.183
20160719       7.624       4.322       5.970       9.156
20160720       8.373       5.803       4.450       6.237
20160721       8.373       5.387       5.641       7.951
20160722       8.569       6.693       5.775       8.245
20160723       9.313       8.198       6.871       9.413
20160724       7.693       5.529       6.977       8.481
20160725       7.378       5.504       6.039       7.069
20160726       8.693       8.807       6.493       8.430
20160727       7.226       5.386       7.325       8.091
20160728       6.627       5.756       8.109       8.151
20160729       6.767       5.814       7.902       7.200
20160730       6.178       5.452       7.625       9.021
20160731       5.512       4.988       5.494       5.541
