date          Qobs       Qsimobs        Qsim       Qusi
20150801       0.901       0.520       0.574       1.702
20150802       0.592       0.519       0.547       0.892
20150803       0.453       0.453       0.499       0.532
20150804       0.420       0.406       0.453       0.422
20150805       1.198       1.438       0.551       0.473
20150806       1.113       0.681       0.760       1.489
20150807       0.728       0.616       0.683       0.866
20150808       0.530       0.557       0.631       0.712
20150809       0.389       0.503       0.557       0.514
20150810       0.306       0.452       0.503       0.368
20150811       0.253       0.406       0.452       0.282
20150812       0.214       0.364       0.406       0.236
20150813       0.178       0.323       0.363       0.202
20150814       0.151       0.286       0.323       0.163
20150815       0.128       0.252       0.286       0.139
20150816       0.116       0.222       0.252       0.123
20150817       0.110       0.192       0.222       0.105
20150818       0.091       0.167       0.192       0.095
20150819       0.078       0.144       0.167       0.080
20150820       0.069       0.125       0.144       0.067
20150821       0.060       0.109       0.125       0.060
20150822       0.051       0.095       0.109       0.054
20150823       0.049       0.082       0.095       0.045
20150824       0.046       0.072       0.082       0.041
20150825       1.460       0.537       0.151       0.086
20150826       5.203       3.994       0.515       1.521
20150827       5.655       2.771       1.497       8.585
20150828       5.122       1.995       1.901       3.902
20150829       2.455       1.020       1.414       2.552
20150830       1.368       0.932       1.020       1.467
20150831       0.906       0.851       0.932       1.241
20150901       0.742       0.775       0.876       0.934
20150902      18.927      12.321       2.277       1.890
20150903      28.661      14.026      11.155      23.306
20150904       9.950       3.871       8.803      15.721
20150905       4.308       1.723       3.452       4.101
20150906       2.848       1.158       1.658       2.010
20150907       1.731       1.030       1.124       1.752
20150908       1.182       0.943       1.030       1.499
20150909       0.862       0.906       0.981       1.064
20150910       0.675       0.827       0.901       0.828
20150911       0.549       0.754       0.786       0.641
20150912       0.494       0.686       0.755       0.497
20150913       0.646       0.809       0.687       0.457
20150914       0.887       0.874       0.791       0.686
20150915       9.792       9.387       1.199       1.248
20150916      13.476      10.457       8.031      14.216
20150917      13.631       6.886       8.733      12.308
20150918      16.963      10.884       8.236      10.143
20150919       5.655       2.214       6.602       9.759
20150920       2.720       1.154       2.214       2.144
20150921       1.690       1.076       1.156       1.507
20150922       1.433       0.991       1.139       1.573
20150923       1.856       2.084       1.092       1.247
20150924       1.658       1.298       1.221       1.872
20150925       2.015       1.381       1.432       1.666
20150926       1.602       1.049       1.151       1.640
20150927       1.138       0.960       1.049       1.365
20150928       0.886       0.879       0.960       1.005
20150929       0.742       0.804       0.879       0.846
20150930       0.655       0.625       0.803       0.698
20151001       0.565       0.568       0.733       0.585
20151002       0.501       0.515       0.669       0.530
20151003       0.447       0.466       0.515       0.467
20151004       0.406       0.531       0.466       0.412
20151005       0.369       0.481       0.421       0.375
20151006       0.341       0.435       0.379       0.334
20151007       0.317       0.393       0.435       0.318
20151008       0.291       0.354       0.393       0.294
20151009       0.283       0.322       0.372       0.277
20151010       0.280       0.315       0.322       0.264
20151011       0.269       0.282       0.289       0.290
20151012       0.260       0.258       0.280       0.252
20151013       0.303       0.261       0.259       0.244
20151014       0.251       0.226       0.231       0.317
20151015       0.229       0.202       0.230       0.219
20151016       0.216       0.177       0.203       0.213
20151017       0.206       0.155       0.177       0.194
20151018       0.197       0.139       0.155       0.178
20151019       0.188       0.127       0.139       0.179
20151020       0.183       0.119       0.127       0.170
20151021       0.179       0.113       0.115       0.169
20151022       0.191       0.252       0.109       0.164
20151023       0.185       0.193       0.161       0.282
20151024       0.174       0.168       0.193       0.166
20151025       0.168       0.157       0.169       0.157
20151026       0.159       0.139       0.144       0.161
20151027       0.152       0.125       0.137       0.143
20151028       0.146       0.115       0.126       0.134
20151029       0.145       0.109       0.112       0.131
20151030       0.146       0.099       0.105       0.139
20151031       0.144       0.110       0.099       0.134
20151101       0.144       0.114       0.091       0.160
20151102       0.144       0.102   -9999.000   -9999.000
20151103       0.139       0.096       0.096       0.133
20151104       0.135       0.086       0.093       0.128
20151105       0.132       0.096       0.088       0.126
20151106       0.136       0.142       0.084       0.129
20151107       0.259       0.420       0.176       0.256
20151108       1.098       1.108       0.298       0.279
20151109       1.163       0.786       0.521       0.878
20151110       0.833       0.728       0.745       1.217
20151111       0.610       0.664       0.715       0.806
20151112       0.519       0.633       0.664       0.605
20151113       0.538       0.819       0.627       0.521
20151114       0.679       0.778       0.705       0.592
20151115       0.581       0.701       0.693       0.655
20151116       0.490       0.647       0.701       0.538
20151117       0.469       0.577       0.699       0.508
20151118       0.426       0.520       0.636       0.480
20151119       0.403       0.486       0.544       0.398
20151120       0.322       0.436       0.482       0.356
20151121       0.296       0.394       0.436       0.299
20151122       0.274       0.356       0.394       0.266
20151123       0.263       0.312       0.356       0.270
20151124       0.269       0.280       0.343       0.260
20151125       0.291       0.323       0.287       0.238
20151126       0.282       0.259       0.343       0.314
20151127       0.288       0.231       0.496       0.479
20151128       0.679       0.935       0.263       0.256
20151129       1.324       0.875       0.784       0.964
20151130       1.237       0.857       0.821       1.295
20151201       0.867       0.822       0.824       1.240
20151202       0.666       0.757       0.825       0.855
20151203       0.569       0.716       0.755       0.634
20151204       0.760       0.652       0.933       0.733
20151205       1.388       2.288       1.027       0.988
20151206       2.299       2.123       1.479       2.034
20151207       2.090       1.468       1.708       2.410
20151208       1.330       1.030       1.445       1.484
20151209       1.344       1.398       1.084       1.099
20151210       1.353       1.052       1.011       1.180
20151211       1.105       0.950       1.018       1.161
20151212       0.809       0.870       0.948       0.972
20151213       0.650       0.796       0.870       0.722
20151214       0.481       0.728       0.796       0.617
20151215       0.418       0.665       0.728       0.446
20151216       0.386       0.601       0.665       0.390
20151217       0.389       0.548       0.609       0.344
20151218       0.394       0.500       0.566       0.406
20151219       0.392       0.535       0.535       0.389
20151220       0.478       0.634       0.522       0.366
20151221       0.562       0.548   -9999.000   -9999.000
20151222       0.526       0.499   -9999.000   -9999.000
20151223       0.509       0.588       0.522       0.530
20151224       0.478       0.513       0.502       0.523
20151225       0.515       0.603       0.540       0.491
20151226       0.378       0.526       0.515       0.536
20151227       0.351       0.479       0.526       0.367
20151228       0.356       0.435       0.479       0.304
20151229       0.343       0.394       0.435       0.331
20151230       0.343       0.361       0.451       0.344
20151231       0.515       0.857       0.359       0.320
20160101       0.712       0.847       0.729       0.792
20160102       0.906       0.978       0.789       0.693
20160103       0.780       0.826       0.877       0.951
20160104       0.657       0.756       0.826       0.708
20160105       0.562       0.691       0.756       0.597
20160106       0.466       0.632       0.691       0.528
20160107       0.438       0.549       0.632       0.436
20160108       0.411       0.500       0.576       0.408
20160109       0.370       0.455       0.525       0.394
20160110       0.354       0.413       0.455       0.352
20160111       0.348       0.374       0.413       0.328
20160112       0.347       0.337       0.374       0.318
20160113       0.324       0.305       0.337       0.322
20160114       0.269       0.275       0.305       0.310
20160115       0.210       0.247       0.275       0.236
20160116       0.169       0.221       0.247       0.194
20160117       0.155       0.198       0.221       0.151
20160118       0.134       0.174       0.198       0.144
20160119       0.100       0.160       0.174       0.117
20160120       0.047       0.147       0.160       0.102
20160121       0.034       0.136       0.147       0.048
20160122       0.034       0.125       0.136       0.031
20160123       0.031       0.112       0.125       0.032
20160124       0.029       0.104       0.116       0.030
20160125       0.028       0.096       0.152       0.036
20160126       0.027       0.088       0.220       0.070
20160127       0.031       0.403       0.143       0.032
20160128       0.112       2.016       0.359       0.085
20160129       0.151       1.865       1.037       0.211
20160130       0.218       2.613       1.378       0.242
20160131       0.211       1.188       1.666       0.373
20160201       0.168       1.004       1.114       0.139
20160202       0.167       0.948       1.018       0.199
20160203       0.173       1.005       0.924       0.194
20160204       0.154       0.905       0.935       0.227
20160205       0.141       0.826       0.898       0.143
20160206       0.146       0.772       0.890       0.148
20160207       0.265       1.638       0.878       0.182
20160208       1.152       2.644       1.329       0.441
20160209       2.213       2.964       1.743       1.230
20160210       2.003       1.168       1.748       1.833
20160211       1.380       1.060       1.147       1.199
20160212       0.974       0.973       1.060       1.292
20160213       0.801       0.893       0.973       0.867
20160214       0.583       0.819       0.893       0.804
20160215       0.463       0.750       0.819       0.528
20160216       0.419       0.687       0.750       0.429
20160217       0.480       0.617       0.687       0.390
20160218       0.434       0.594       0.628       0.458
20160219       0.385       0.542       0.604       0.408
20160220       0.400       0.653       0.547       0.354
20160221       0.373       0.547       0.595       0.426
20160222       0.335       0.499       0.547       0.370
20160223       0.297       0.455       0.499       0.322
20160224       0.248       0.414       0.455       0.280
20160225       0.270       0.376       0.414       0.232
20160226       0.331       0.341       0.376       0.230
20160227       0.329       0.308       0.342       0.318
20160228       0.355       0.279       0.308       0.310
20160229       0.240       0.250       0.279       0.335
20160301       0.284       0.225       0.250       0.246
20160302       0.420       0.203       0.225       0.215
20160303       0.369       0.181       0.202       0.384
20160304       0.332       0.234       0.183       0.356
20160305       0.282       0.185       0.201       0.340
20160306       0.246       0.174       0.186       0.300
20160307       0.233       0.165       0.172       0.233
20160308       0.223       0.163       0.163       0.222
20160309       0.214       0.145       0.158       0.228
20160310       0.209       0.133       0.145       0.209
20160311       0.204       0.130       0.139       0.209
20160312       0.200       0.118       0.136       0.224
20160313       0.196       0.110       0.126       0.210
20160314       0.208       0.440       0.398       0.576
20160315       0.284       1.162       0.693       0.590
20160316       0.708       2.980       1.243       0.538
20160317       1.950       2.407       3.008       1.514
20160318       2.921       2.099       2.401       1.496
20160319       2.697       1.524       1.925       2.292
20160320       2.055       1.383       1.473       2.359
20160321       1.833       1.285       1.392       1.937
20160322       1.734       1.237       1.261       1.700
20160323   -9999.000   -9999.000       1.096       1.565
20160324       1.353       0.771   -9999.000   -9999.000
20160325       1.203       0.726   -9999.000   -9999.000
20160326       1.231       0.829   -9999.000   -9999.000
20160327       1.931       1.084       0.891       1.304
20160328       3.129       1.236       0.964       1.832
20160329       6.638       3.542       1.408       3.002
20160330       5.216       1.470       1.953       5.882
20160331       2.968       1.071       1.326       2.615
20160401       1.966       0.947       1.050       1.970
20160402       1.560       1.012       0.952       1.698
20160403       1.579       0.921       0.930       1.546
20160404       1.919       1.028       0.956       1.264
20160405       4.332       3.423       1.239       2.131
20160406       4.467       1.324       2.058       4.515
20160407       3.114       1.133       1.256       2.737
20160408       3.050       2.250       1.141       2.388
20160409       2.746       2.877       1.807       3.713
20160410       2.339       1.244       1.603       2.261
20160411       1.709       1.118       1.212       1.455
20160412       1.427       1.029       1.128       1.519
20160413       1.229       0.945       1.023       1.254
20160414       1.085       0.886       0.947       1.055
20160415       1.015       0.816       0.876       0.940
20160416       1.053       0.850       0.815       0.866
20160417       1.131       1.040       0.963       1.224
20160418       1.020       0.929       0.912       1.192
20160419       0.884       0.949       0.898       0.974
20160420       0.734       0.864       0.868       0.873
20160421       0.637       0.793       0.864       0.696
20160422       0.577       0.728       0.793       0.577
20160423       0.508       0.668       0.728       0.558
20160424       0.452       0.613       0.669       0.494
20160425       0.440       0.711       0.678       0.462
20160426       0.453       0.701       0.684       0.496
20160427       0.439       0.650       0.632       0.432
20160428       0.417       0.597       0.626       0.400
20160429       0.405       0.665       0.764       0.513
20160430       0.743       2.960       0.785       0.608
20160501       1.070       2.073       1.314       1.404
20160502       1.081       1.227       1.361       1.049
20160503       0.898       1.106       1.230       0.880
20160504       0.779       1.011       1.157       0.938
20160505       0.614       0.927       1.021       0.784
20160506       0.513       0.851       0.927       0.671
20160507       0.444       0.781       0.851       0.472
20160508       0.390       0.716       0.781       0.420
20160509       0.346       0.655       0.716       0.356
20160510       0.300       0.582       0.655       0.326
20160511       0.263       0.531       0.599       0.278
20160512       0.296       0.483       0.547       0.240
20160513       0.203       0.439       0.483       0.309
20160514       0.185       0.398       0.439       0.202
20160515       0.169       0.360       0.398       0.170
20160516       0.156       0.325       0.360       0.159
20160517       0.143       0.292       0.325       0.138
20160518       0.133       0.261       0.292       0.131
20160519       0.125       0.233       0.261       0.134
20160520       0.125       0.206       0.232       0.120
20160521       0.140       0.218       0.238       0.138
20160522       0.164       0.188       0.234       0.149
20160523       1.114       2.276       0.489       0.373
20160524       1.576       1.403       0.912       1.528
20160525       0.942       0.943       1.087       1.587
20160526       0.572       0.863       0.943       0.868
20160527       0.415       0.789       0.863       0.558
20160528       0.330       0.721       0.789       0.404
20160529       0.353       0.760       0.722       0.346
20160530       0.657       1.875       0.772       0.340
20160531       0.765       0.966       1.407       1.176
20160601       0.519       0.873       0.954       0.698
20160602       0.369       0.797       0.874       0.549
20160603       0.288       0.726       0.797       0.356
20160604       0.239       0.661       0.729       0.300
20160605       0.202       0.600       0.661       0.227
20160606       0.171       0.543       0.600       0.191
20160607       0.148       0.491       0.543       0.162
20160608       0.127       0.660       0.491       0.138
20160609       0.111       0.534       0.578       0.139
20160610       0.105       0.483       0.561       0.113
20160611       0.098       0.435       0.483       0.098
20160612       0.090       0.390       0.435       0.088
20160613       0.082       0.349       0.390       0.079
20160614       0.074       0.310       0.349       0.074
20160615       0.071       0.274       0.310       0.076
20160616       0.090       0.513       0.324       0.074
20160617       0.084       0.380       0.410       0.110
20160618       0.083       0.341       0.399       0.094
20160619       0.111       0.375       0.341       0.085
20160620       0.094       0.313       0.347       0.122
20160621       0.127       0.537       0.425       0.123
20160622       0.130       0.405       0.438       0.164
20160623       0.116       0.362       0.405       0.117
20160624       0.097       0.322       0.375       0.128
20160625       0.088       0.306       0.322       0.100
20160626       0.119       0.322       0.315       0.098
20160627       0.238       0.713       0.414       0.137
20160628       0.284       0.500       0.533       0.263
20160629       0.189       0.448       0.496       0.286
20160630       0.147       0.464       0.453       0.198
20160701       0.163       0.460       0.467       0.167
20160702       0.265       0.445       0.448       0.164
20160703       0.364       0.506       0.447       0.260
20160704       0.302       0.416       0.456       0.368
20160705       0.214       0.373       0.416       0.282
20160706       0.184       0.553       0.373       0.218
20160707       0.153       0.426       0.472       0.212
20160708       0.121       0.380       0.442       0.142
20160709       0.099       0.339       0.381       0.125
20160710       0.083       0.301       0.339       0.102
20160711       0.085       0.267       0.302       0.088
20160712       0.151       0.608       0.275       0.080
20160713       0.224       0.528       0.452       0.133
20160714       0.479       0.630       0.653       0.326
20160715       0.445       0.518       0.581       0.495
20160716       0.345       0.466       0.509       0.437
20160717       0.253       0.419       0.463       0.318
20160718       0.196       0.374       0.418       0.240
20160719       0.162       0.333       0.374       0.182
20160720       0.138       0.294       0.333       0.146
20160721       0.114       0.261       0.294       0.126
20160722       0.097       0.232       0.271       0.119
20160723       0.086       0.203       0.231       0.085
20160724       0.099       0.203       0.231       0.086
20160725       0.324       0.172       0.192       0.077
20160726       0.570       0.306       0.244       0.338
20160727       0.544       0.224       0.304       0.645
20160728       0.385       0.309       0.233       0.477
20160729       0.379       0.238       0.315       0.406
20160730       0.365       0.340       0.272       0.386
20160731       0.427       0.296       0.288       0.372
