date          Qobs       Qsimobs        Qsim       Qusi
20150801       0.411       0.535       0.630       0.412
20150802       0.387       0.566       0.572       0.311
20150803       0.387       0.574       0.540       0.323
20150804       0.273       0.487       0.532       0.356
20150805       4.166       6.695       0.776       0.492
20150806       1.944       1.097       3.085       4.197
20150807       0.832       0.552       1.077       0.732
20150808       0.565       0.526       0.552       0.518
20150809       0.377       0.483       0.514       0.574
20150810       0.273       0.456       0.482       0.356
20150811       0.241       0.422       0.446       0.270
20150812       0.245       0.396       0.513       0.364
20150813       0.178       0.363       0.393       0.232
20150814       0.140       0.335       0.363       0.169
20150815       0.113       0.309       0.335       0.135
20150816       0.094       0.285       0.309       0.112
20150817       0.081       0.264       0.285       0.086
20150818       0.069       0.243       0.263       0.074
20150819       0.062       0.224       0.243       0.068
20150820       0.056       0.206       0.224       0.061
20150821       0.051       0.190       0.206       0.055
20150822       0.047       0.175       0.190       0.047
20150823       0.043       0.161       0.175       0.044
20150824       0.040       0.148       0.161       0.041
20150825       0.050       0.236       0.148       0.050
20150826       0.337       2.195       0.689       0.216
20150827       8.651       3.951       2.107       1.426
20150828       4.083       5.086       2.581       4.098
20150829       1.245       0.776       2.892       3.367
20150830       0.576       0.369       0.757       0.382
20150831       0.363       0.341       0.368       0.274
20150901       0.263       0.316       0.343       0.382
20150902      11.135       2.364       0.408       0.359
20150903       8.002       3.258       3.749       9.113
20150904       2.701       1.154       1.821       3.208
20150905       4.152       4.068       1.027       1.228
20150906       1.900       0.659       2.534       3.436
20150907       0.806       0.491       0.606       0.586
20150908       0.524       0.455       0.488       0.653
20150909       0.367       0.423       0.454       0.534
20150910       0.278       0.393       0.423       0.352
20150911       0.224       0.364       0.392       0.260
20150912       0.200       0.338       0.364       0.218
20150913       0.211       0.365       0.341       0.192
20150914       0.296       0.328       0.337       0.204
20150915       3.054       0.322       0.324       0.252
20150916       5.350       5.817       3.119       3.514
20150917      11.804       2.876       5.168       7.498
20150918      13.134      13.829       9.688      12.512
20150919       2.954       2.408       6.369       7.801
20150920       1.267       0.562       2.335       1.796
20150921       0.721       0.496       0.573       0.404
20150922       0.755       0.471       0.497       0.554
20150923       2.698       2.041       1.091       1.034
20150924       1.340       0.555       1.019       2.064
20150925       3.007       1.900       2.393       2.556
20150926       1.453       0.556       0.896       1.883
20150927       0.787       0.517       0.555       0.862
20150928       0.546       0.481       0.517       0.806
20150929       0.429       0.447       0.481       0.548
20150930       0.355       0.268       0.447       0.402
20151001       0.302       0.249       0.416       0.350
20151002       0.258       0.231       0.387       0.294
20151003       0.220       0.214       0.231       0.236
20151004       0.201       0.311       0.214       0.210
20151005       0.188       0.289       0.198       0.180
20151006       0.171       0.268       0.184       0.198
20151007       0.159       0.249       0.268       0.154
20151008       0.147       0.232       0.249       0.156
20151009       0.141       0.219       0.232       0.158
20151010       0.139       0.204       0.219       0.149
20151011       0.136       0.189       0.203       0.132
20151012       0.131       0.175       0.189       0.142
20151013       0.129       0.177       0.175       0.124
20151014       0.121       0.163       0.167       0.120
20151015       0.115       0.152       0.161       0.116
20151016       0.112       0.142       0.152       0.103
20151017       0.108       0.132       0.143       0.101
20151018       0.107       0.122       0.133       0.108
20151019       0.105       0.115       0.124       0.109
20151020       0.104       0.109       0.115       0.094
20151021       0.129       0.108       0.107       0.098
20151022       0.262       0.197       0.115       0.117
20151023       0.240       0.179       0.125       0.292
20151024       0.187       0.162       0.154       0.265
20151025       0.446       0.227       0.484       0.439
20151026       0.387       0.193       0.174       0.444
20151027       0.284       0.180       0.195       0.363
20151028       0.231       0.168       0.182       0.278
20151029       0.207       0.156       0.168       0.218
20151030       0.184       0.147       0.158       0.196
20151031       0.189       0.157       0.148       0.176
20151101       0.214       0.154       0.140       0.194
20151102       0.198       0.142   -9999.000   -9999.000
20151103       0.170       0.133       0.142       0.192
20151104       0.156       0.123       0.132       0.160
20151105       0.144       0.115       0.123       0.152
20151106       0.142       0.111       0.116       0.130
20151107       1.999       4.009       1.399       1.549
20151108       1.831       2.640       2.163       0.950
20151109       2.575       1.654       2.805       2.122
20151110       2.257       1.120       1.656       1.588
20151111       0.981       0.338       0.403       1.156
20151112       0.583       0.316       0.338       0.468
20151113       0.834       0.294       0.319       0.565
20151114       0.868       0.518       0.305       0.630
20151115       0.566       0.314       0.331       0.701
20151116       0.426       0.290       0.311       0.592
20151117       0.366       0.275       0.293       0.421
20151118       0.311       0.316       0.273       0.373
20151119       0.244       0.250       0.269       0.304
20151120       0.147       0.233       0.250       0.234
20151121       0.166       0.217       0.233       0.130
20151122       0.158       0.202       0.217       0.156
20151123       0.159       0.189       0.202       0.144
20151124       0.180       0.176       0.201       0.156
20151125       0.223       0.167       0.176       0.176
20151126       0.165       0.154       0.165       0.220
20151127       0.216       0.143       0.990       0.871
20151128       2.311       5.194       0.146       0.169
20151129       1.358       1.432       2.983       3.251
20151130       0.643       0.292       1.165       0.568
20151201       0.434       0.272       0.294       0.193
20151202       0.369       0.254       0.298       0.442
20151203       0.325       0.250       0.254       0.342
20151204       0.262       0.226       0.277       0.374
20151205       0.471       0.215       2.990       2.098
20151206       1.174       4.766       0.361       0.400
20151207       0.957       4.103       2.473       1.648
20151208       0.626       0.643       3.402       1.029
20151209       2.280       3.000       1.225       0.287
20151210       2.326       2.312       1.678       2.280
20151211       1.470       1.453       1.678       1.610
20151212       0.710       0.459       1.186       0.800
20151213       0.431       0.429       0.459       0.290
20151214       0.274       0.401       0.429       0.406
20151215       0.206       0.375       0.401       0.278
20151216       0.192       0.350       0.375       0.194
20151217       0.244       0.327       0.351       0.182
20151218       0.298       0.305       0.518       0.260
20151219       0.322       1.213       1.188       0.853
20151220       2.632       3.533       2.191       0.535
20151221       3.369       2.370   -9999.000   -9999.000
20151222       1.751       1.007   -9999.000   -9999.000
20151223       1.237       0.638       0.888       1.010
20151224       0.792       0.457       0.694       0.804
20151225       2.951       2.512       0.452       0.632
20151226       1.190       0.719       1.462       3.721
20151227       0.514       0.504       0.650       0.488
20151228       0.390       0.471       0.504       0.382
20151229       0.317       0.440       0.471       0.388
20151230       0.288       0.412       0.440       0.333
20151231       0.276       0.425       0.412       0.264
20160101       0.250       0.384       0.409       0.324
20160102       0.227       0.377       0.384       0.252
20160103       0.180       0.344       0.369       0.238
20160104       0.174       0.322       0.344       0.166
20160105       0.185       0.301       0.322       0.162
20160106       0.120       0.281       0.301       0.183
20160107       0.092       0.263       0.281       0.127
20160108       0.310       0.246       0.263       0.090
20160109       0.366       0.230       0.246       0.274
20160110       0.272       0.215       0.230       0.338
20160111       0.206       0.201       0.215       0.262
20160112       0.147       0.188       0.201       0.190
20160113       0.122       0.176       0.188       0.142
20160114       0.110       0.164       0.176       0.124
20160115       0.105       0.154       0.164       0.108
20160116       0.100       0.144       0.154       0.104
20160117       0.095       0.134       0.144       0.094
20160118       0.091       0.126       0.134       0.094
20160119       0.088       0.117       0.126       0.090
20160120       0.084       0.110       0.117       0.081
20160121       0.080       0.103       0.110       0.078
20160122       0.076       0.096       0.103       0.075
20160123       0.074       0.089       0.096       0.074
20160124       0.075       0.083       0.090       0.069
20160125       0.075       0.078       0.084       0.068
20160126       0.076       0.073       0.083       0.069
20160127       0.081       0.149       0.083       0.081
20160128       0.103       1.173       0.078       0.078
20160129       0.105       0.305       0.538       0.130
20160130       0.184       3.527       0.249       0.044
20160131       0.135       0.628       1.578       0.349
20160201       0.116       0.243       0.492       0.042
20160202       0.111       0.227       0.243       0.062
20160203       0.107       0.212       0.227       0.103
20160204       0.101       0.199       0.212       0.101
20160205       0.097       0.186       0.199       0.111
20160206       0.101       0.174       0.597       0.176
20160207       0.161       1.902       0.848       0.614
20160208       0.975       5.011       0.996       0.272
20160209       0.911       3.184       2.618       1.205
20160210       0.611       1.359       2.068       0.735
20160211       0.407       0.441       0.991       0.251
20160212       0.305       0.354       0.412       0.184
20160213       0.248       0.331       0.354       0.268
20160214       0.208       0.310       0.331       0.246
20160215       0.235       0.290       0.310       0.208
20160216       0.340       0.271       0.290       0.220
20160217       0.339       0.254       0.271       0.308
20160218       0.255       0.238       0.254       0.336
20160219       0.266       0.223       0.237       0.232
20160220       0.327       0.208       0.223       0.243
20160221       0.246       0.195       0.208       0.316
20160222       0.159       0.182       0.195       0.250
20160223       0.129       0.170       0.182       0.157
20160224       0.118       0.159       0.170       0.128
20160225       0.111       0.149       0.159       0.118
20160226       0.108       0.140       0.149       0.100
20160227       0.105       0.131       0.140       0.105
20160228       0.102       0.122       0.131       0.100
20160229       0.099       0.114       0.122       0.102
20160301       0.098       0.107       0.114       0.088
20160302       0.098       0.100       0.107       0.092
20160303       0.098       0.093       0.100       0.088
20160304       0.099       0.087       0.093       0.088
20160305       0.102       0.082       0.087       0.098
20160306       0.103       0.077       0.082       0.096
20160307       0.104       0.072       0.077       0.096
20160308       0.104       0.067       0.072       0.096
20160309       0.104       0.063       0.067       0.096
20160310       0.103       0.059       0.063       0.100
20160311       0.102       0.055       0.059       0.118
20160312       0.102       0.051       0.055       0.110
20160313       0.103       0.048       0.051       0.094
20160314       0.150       0.057       0.564       0.857
20160315       0.562       0.947       1.261       0.856
20160316       2.753       1.270       1.624       1.656
20160317       1.915       0.901       2.231       8.183
20160318       1.755       3.919       1.139       1.176
20160319       1.014       0.319       2.263       2.018
20160320       0.699       0.559       0.706       0.392
20160321       0.598       0.531       0.554       0.406
20160322       0.506       0.575       0.472       0.532
20160323   -9999.000   -9999.000       0.496       0.510
20160324       0.387       0.437   -9999.000   -9999.000
20160325       0.340       0.406   -9999.000   -9999.000
20160326       0.311       0.418   -9999.000   -9999.000
20160327       0.498       2.150       0.529       0.443
20160328       1.488       3.512       1.965       1.301
20160329       2.859       4.914       3.500       2.453
20160330       5.732       4.564       3.917       3.231
20160331       3.228       1.122       2.888       3.841
20160401       1.758       0.567       1.090       1.234
20160402       1.088       0.942       0.653       1.203
20160403       0.914       0.776       1.109       1.844
20160404       1.358       1.802       1.270       1.471
20160405       3.278       4.894       2.364       2.340
20160406       3.399       2.366       3.431       3.359
20160407       3.428       2.014       2.699       2.492
20160408       2.959       2.122       1.794       2.330
20160409       2.012       1.248       1.962       2.694
20160410       1.647       0.888       1.165       1.462
20160411       1.942       1.479       1.002       1.239
20160412       2.474       1.166       1.220       1.726
20160413       2.325       1.223       1.172       2.221
20160414       1.836       1.384       1.336       2.441
20160415       1.765       1.068       1.292       2.282
20160416       2.559       1.727       2.238       3.058
20160417       1.959       1.358       1.770       3.596
20160418       1.789       1.005       1.206       1.598
20160419       2.450       1.384       1.238       1.496
20160420       2.800       1.343       1.124       2.570
20160421       2.888       1.131       1.274       2.866
20160422       2.728       1.075       1.064       2.503
20160423       1.885       0.659       0.882       1.948
20160424       1.414       0.617       0.653       1.074
20160425       1.125       0.583       0.702       1.828
20160426       0.984       0.557       0.611       1.194
20160427       1.000       0.533       0.552       0.753
20160428       1.217       0.590       0.540       0.725
20160429       1.719       3.211       1.256       4.396
20160430       3.714       4.904       2.811       4.112
20160501       4.876       8.641       4.508       5.346
20160502       3.321       3.575       5.610       4.784
20160503       4.542       3.237       3.513       2.564
20160504       4.876       2.710       4.214       4.685
20160505       4.579       1.822       2.580       3.578
20160506       5.026       1.338       1.817       2.887
20160507       5.000       1.113       1.307       3.906
20160508       5.572       0.957       1.125       4.469
20160509       5.035       0.886       0.969       1.884
20160510       4.021       0.777       0.879       3.988
20160511       3.053       0.624       0.762       3.032
20160512       2.354       0.537       0.613       2.415
20160513       1.883       0.496       0.564       1.627
20160514       1.035       0.425       0.472       1.751
20160515       0.709       0.396       0.425       0.846
20160516       0.593       0.370       0.396       0.627
20160517       0.501       0.345       0.370       0.562
20160518       0.441       0.321       0.353       0.475
20160519       0.910       0.546       0.384       0.420
20160520       2.294       0.419       0.409       0.696
20160521       2.746       1.209       0.678       1.516
20160522       3.677       0.502       0.646       2.520
20160523      27.409      14.637       2.768       4.013
20160524       7.453      14.738       9.358      14.689
20160525       2.310       2.672       8.119       8.643
20160526       1.010       0.676       2.627       1.696
20160527       0.603       0.526       0.677       0.350
20160528       0.548       0.498       0.602       0.603
20160529       0.732       0.600       0.688       0.597
20160530       1.349       0.805       1.488       1.354
20160531       0.689       0.501       0.535       1.215
20160601       0.432       0.463       0.500       0.654
20160602       0.298       0.429       0.550       0.453
20160603       0.217       0.397       0.433       0.372
20160604       0.157       0.368       0.397       0.220
20160605       0.127       0.339       0.367       0.156
20160606       0.108       0.313       0.339       0.118
20160607       0.097       0.288       0.312       0.110
20160608       0.081       0.275       0.288       0.096
20160609       0.070       0.249       0.270       0.081
20160610       0.064       0.230       0.249       0.085
20160611       0.061       0.211       0.230       0.060
20160612       0.061       0.195       0.211       0.062
20160613       0.058       0.179       0.195       0.058
20160614       0.069       0.167       0.179       0.057
20160615       0.048       0.153       0.166       0.073
20160616       0.065       0.169       0.181       0.064
20160617       0.059       0.144       0.153       0.077
20160618       0.070       0.303       0.147       0.059
20160619       0.055       0.168       0.171       0.074
20160620       0.052       0.153       0.164       0.060
20160621       2.028       2.547       0.944       0.372
20160622       0.695       0.247       0.825       2.295
20160623       0.331       0.228       0.247       0.199
20160624       0.206       0.210       0.228       0.332
20160625       0.232       0.210       0.233       0.200
20160626       0.156       0.187       0.201       0.200
20160627       0.251       0.263       0.662       0.523
20160628       0.192       0.197       0.225       0.256
20160629       0.126       0.181       0.194       0.193
20160630       0.191       0.169       0.198       0.142
20160701       0.442       0.197       0.192       0.128
20160702       0.882       0.216       0.322       0.577
20160703       1.113       0.309       0.292       0.742
20160704       0.553       0.203       0.220       0.892
20160705       0.293       0.190       0.203       0.525
20160706       0.180       0.183       0.400       0.537
20160707       0.125       0.170       0.178       0.181
20160708       0.097       0.154       0.167       0.117
20160709       0.082       0.144       0.175       0.120
20160710       0.075       0.138       0.145       0.080
20160711       0.079       0.224       0.170       0.104
20160712       0.163       0.214       0.170       0.077
20160713       0.287       0.591       0.272       0.256
20160714       0.880       0.369       0.238       0.179
20160715       0.365       0.244       0.264       0.650
20160716       0.192       0.229       0.244       0.384
20160717       0.130       0.212       0.227       0.198
20160718       0.093       0.199       0.212       0.148
20160719       0.079       0.182       0.197       0.109
20160720       0.071       0.170       0.182       0.080
20160721       0.057       0.155       0.169       0.070
20160722       0.048       0.146       0.157       0.063
20160723       0.043       0.177       0.204       0.080
20160724       0.041       0.144       0.183       0.063
20160725       0.036       0.132       0.143       0.049
20160726       0.060       0.161       0.133       0.043
20160727       0.069       0.168       0.154       0.062
20160728       0.283       0.614       0.186       0.105
20160729       0.246       0.195       0.209       0.182
20160730       0.871       0.501       0.241       0.266
20160731       0.613       0.251       0.248       0.549
