date          Qobs       Qsimobs        Qsim       Qusi
20150801      65.469      45.050      49.916      71.781
20150802      52.429      39.559      46.399      59.050
20150803      46.619      44.895      40.500      48.993
20150804      42.226      34.453      41.079      45.325
20150805      40.073      36.602      35.883      38.209
20150806      41.629      37.962      36.262      38.853
20150807      38.645      33.045      35.979      40.739
20150808      37.015      31.045      33.005      37.026
20150809      36.179      29.659      32.535      37.119
20150810      35.650      31.594      32.012      35.551
20150811      34.578      27.971      29.444      34.768
20150812      45.387      55.348      32.081      36.185
20150813      50.881      41.579      47.127      54.757
20150814      53.020      35.525      41.726      47.272
20150815      47.929      30.790      35.497      45.831
20150816      45.062      28.540      31.222      43.377
20150817      40.989      25.038      28.267      40.629
20150818      35.377      23.270      25.319      37.475
20150819      30.089      21.882      23.372      33.323
20150820      25.822      20.774      21.865      28.470
20150821      22.602      19.790      20.670      24.847
20150822      20.224      19.062      19.827      22.203
20150823      18.185      18.459      19.319      20.136
20150824      16.642      18.058      18.581      17.916
20150825      15.998      16.806      18.054      16.096
20150826      15.961      15.223      16.688      14.670
20150827      17.156      15.301      15.249      14.024
20150828      19.792      14.336      16.027      17.828
20150829      38.177      57.146      23.843      27.223
20150830      69.628      86.370      43.041      48.939
20150831      85.660      74.909      60.103      73.594
20150901      82.780      54.342      64.672      77.234
20150902      66.841      43.051      53.091      69.291
20150903      50.922      35.633      43.104      57.367
20150904      38.766      29.304      35.458      44.830
20150905      30.536      28.413      29.982      33.826
20150906      25.540      23.516      27.363      28.434
20150907      21.772      21.077      25.521      24.196
20150908      19.920      17.810      20.428      19.013
20150909      17.509      16.275      18.406      18.114
20150910      15.330      13.805      16.578      15.331
20150911      13.312      12.019      12.901      13.517
20150912      11.720      10.589      12.019      11.883
20150913      10.562       9.547      10.577      10.337
20150914       9.901       8.884       9.566       9.718
20150915       9.508       8.266       8.899       9.189
20150916       9.110       7.744       8.271       8.511
20150917       8.766       7.788       7.729       8.580
20150918       9.299       8.025       9.731      10.428
20150919      22.135      16.256      13.056      14.412
20150920      40.699      26.142      24.466      30.945
20150921      39.481      15.868      31.925      45.495
20150922      31.670      13.252      16.450      35.547
20150923      25.765      11.276      13.249      28.787
20150924      21.748      12.680      12.679      23.928
20150925      18.567       9.843      10.974      21.107
20150926      23.918      24.556      14.879      23.852
20150927      34.925      21.339      21.234      28.944
20150928      34.018      15.612      20.355      31.946
20150929      29.388      13.415      15.311      27.453
20150930      34.868      33.490      26.212      47.188
20151001      54.084      53.676      35.910      53.117
20151002     137.121     202.825      64.356      84.481
20151003     163.626     171.747     133.895     179.748
20151004     148.811     148.391     142.482     154.358
20151005     121.876     100.122     122.781     123.607
20151006      89.260      71.836      98.389      94.990
20151007      63.139      57.265      71.835      69.543
20151008      44.756      46.847      55.589      52.091
20151009      32.733      39.941      46.040      39.537
20151010      24.868      34.033      39.941      28.629
20151011      21.142      33.756      37.000      25.022
20151012      20.282      29.848      34.288      20.623
20151013      19.227      25.607      29.411      19.677
20151014      24.791      48.994      31.479      21.288
20151015      27.996      35.794      33.234      25.958
20151016      47.659     100.436      51.223      35.434
20151017      61.178      82.230      62.460      59.689
20151018      62.846      59.441      68.105      55.746
20151019      53.767      48.033      57.986      51.067
20151020      42.959      39.295      48.230      45.492
20151021      36.364      36.178      41.838      39.295
20151022      40.916      51.673      45.809      42.129
20151023      55.321      57.255      50.819      46.737
20151024      54.998      41.503      50.074      53.218
20151025      53.029      44.880      44.930      50.774
20151026      63.260      48.794      44.495      50.329
20151027      72.495      42.573      45.690      59.063
20151028      58.390      30.780      38.501      57.546
20151029      44.195      25.812      30.980      50.149
20151030      33.583      21.904      26.496      39.721
20151031      27.810      19.582      29.458      38.195
20151101      53.246      73.640      39.260      45.392
20151102      98.801     133.620   -9999.000   -9999.000
20151103     124.152     109.624     112.279     104.244
20151104     133.936     128.211     107.050     118.517
20151105     119.104      97.588     102.328     122.825
20151106      92.619      67.944      85.323      95.677
20151107      68.740      53.514      68.128      76.273
20151108      57.872      60.752      59.954      64.890
20151109      51.469      51.945      52.888      55.780
20151110      43.544      48.227      50.516      49.267
20151111      42.294      55.778      48.987      44.569
20151112      42.972      47.192      50.588      40.160
20151113      40.117      38.928      46.204      39.124
20151114      35.732      35.493      39.225      35.908
20151115      29.742      28.178      33.775      31.201
20151116      23.761      23.909      28.131      25.844
20151117      19.320      20.930      24.355      20.967
20151118      15.922      17.972      20.619      16.846
20151119      13.033      15.315      17.375      14.268
20151120      10.682      13.120      15.671      12.019
20151121       9.113      12.122      13.048       9.669
20151122       7.934       9.934      11.446       7.668
20151123       7.117       9.603      10.498       8.121
20151124       6.629       8.983      10.727       7.726
20151125       6.247       8.331       9.139       6.695
20151126       6.613      11.548      11.645       8.786
20151127      10.389      42.179      17.019      10.107
20151128      19.336      38.012      27.784      12.040
20151129      21.343      26.108      33.264      15.705
20151130      19.460      21.597      26.097      18.018
20151201      17.298      20.913      22.418      18.640
20151202      15.495      21.818      20.557      15.488
20151203      14.854      22.879      22.538      17.269
20151204      21.379      71.857      28.415      18.245
20151205      23.551      35.909      41.211      24.462
20151206      24.405      49.599      42.050      25.242
20151207      26.726      44.183      46.310      24.355
20151208      25.982      39.346      38.604      23.921
20151209      29.012      42.488      40.368      27.795
20151210      40.589      71.645      38.955      24.750
20151211      43.214      62.458      45.645      43.026
20151212      49.888      91.877      52.100      37.192
20151213      43.359      51.194      65.391      48.702
20151214      35.037      41.023      52.209      34.428
20151215      28.073      34.262      41.068      29.302
20151216      25.488      35.197      36.297      25.965
20151217      24.612      26.610      31.135      21.154
20151218      24.399      30.218      34.640      29.868
20151219      37.373      33.350      33.256      25.262
20151220      66.903      84.562      46.301      45.864
20151221     107.463     103.376   -9999.000   -9999.000
20151222     127.760     111.057   -9999.000   -9999.000
20151223     114.262      70.002      90.747     113.526
20151224      94.189      94.362      77.348      99.678
20151225      80.432     101.517      80.878      94.043
20151226      68.583      65.811      80.863      75.564
20151227      54.132      52.035      65.231      53.713
20151228      41.807      41.801      51.751      44.535
20151229      32.020      33.719      40.274      35.323
20151230      25.297      28.788      33.699      27.666
20151231      20.298      30.628      28.662      22.717
20160101      16.339      35.196      27.855      20.299
20160102      13.134      30.507      32.773      17.486
20160103      10.252      25.439      29.761      12.369
20160104       8.175      21.773      25.439       9.704
20160105       7.455      19.512      21.773       7.745
20160106       8.871      16.305      19.128       6.316
20160107      10.259      13.401      16.060       7.579
20160108       8.752      11.490      13.710       9.224
20160109       7.093       9.608      11.732       7.975
20160110       5.838       8.461       9.617       6.518
20160111       4.969       8.377       8.760       5.518
20160112       4.487       8.247       8.500       4.864
20160113       4.240       7.680       8.085       4.080
20160114       3.999       6.644       7.383       3.888
20160115       3.941       6.112       6.599       3.913
20160116       3.933       5.695       6.591       4.133
20160117       4.001       5.646       6.094       3.892
20160118       4.124       6.536       6.913       4.425
20160119       4.099       5.459       5.835       3.485
20160120       4.010       4.797       5.172       3.594
20160121       3.933       4.797       4.887       3.518
20160122       3.911       5.515       5.404       3.886
20160123       3.824       4.337       5.097       2.975
20160124       3.811       4.734       4.871       3.522
20160125       3.697       4.049       4.530       3.667
20160126       3.964       7.235       5.263       3.963
20160127       4.146       8.660       6.039       3.343
20160128       4.285       6.023       6.670       4.243
20160129       4.395       7.675       6.279       4.180
20160130       4.837      18.966       9.389       5.462
20160131       5.180      14.761      13.056       5.416
20160201       5.584      10.538      12.930       4.466
20160202       5.788      13.801      10.618       4.731
20160203       5.500       6.817      10.197       4.152
20160204       5.598       9.445       9.493       6.144
20160205       5.246       6.658       8.296       4.418
20160206       4.885       4.181       5.528       3.688
20160207       4.714       6.505       5.974       5.889
20160208       4.472       4.595       5.341       3.240
20160209       4.288       5.263       4.013       3.684
20160210       4.160       5.158       4.718       4.516
20160211       4.040       4.054       4.890       4.005
20160212       4.055       3.211       4.290       3.298
20160213       4.224       2.928       3.212       3.018
20160214       4.108       2.581       2.828       3.532
20160215       3.990       2.605       2.646       3.784
20160216       3.941       4.994       3.452       4.620
20160217       2.166       4.423       3.745       2.852
20160218       2.104       3.564       3.555       3.496
20160219       2.030       2.240       2.799       2.630
20160220       1.984       2.166       2.403       1.732
20160221       1.944       2.360       2.848       2.260
20160222       1.932       1.868       2.364       1.612
20160223       1.959       1.443       1.668       1.641
20160224       2.002       3.936       3.247       3.862
20160225       1.975       2.383       2.831       1.583
20160226       1.930       1.615       1.766       1.464
20160227       2.037       2.772       1.910       1.884
20160228       2.126       3.945       2.960       1.844
20160229       2.113       2.366       2.997       1.432
20160301       2.056       2.005       2.627       2.108
20160302       1.963       1.472       1.898       1.058
20160303       1.897       1.311       1.544       1.163
20160304       1.838       1.230       1.418       1.488
20160305       1.796       1.087       1.254       1.501
20160306       1.770       1.132       1.249       1.340
20160307       1.756       0.895       1.123       1.298
20160308       1.745       1.532       1.159       1.756
20160309       1.759       0.778       0.958       1.001
20160310       1.799       1.068       0.979       1.422
20160311       2.041      12.477       4.415       6.279
20160312       2.354       5.323       5.630       1.122
20160313       2.655       4.192       4.169       2.516
20160314       2.933       9.573       6.961       4.272
20160315       4.096      17.968       9.852       4.177
20160316      16.455      27.534      18.269       5.400
20160317      41.780      43.204      24.658      15.977
20160318      55.413      27.634      33.515      39.800
20160319      50.822      22.102      26.879      43.157
20160320      41.683      18.087      21.967      41.758
20160321      32.334      15.475      18.453      35.420
20160322      25.604      15.030      15.309      27.287
20160323   -9999.000   -9999.000      12.884      21.483
20160324      11.810       9.728   -9999.000   -9999.000
20160325       7.553       8.636   -9999.000   -9999.000
20160326       4.568      11.269   -9999.000   -9999.000
20160327       3.696      14.639      11.112       5.726
20160328       6.007      30.185      14.657       5.852
20160329      12.032      39.930      25.408       7.343
20160330      19.697      42.314      34.409      13.172
20160331      21.134      32.030      37.744      19.305
20160401      17.939      27.014      32.053      18.931
20160402      13.792      22.802      27.697      16.793
20160403      12.387      25.031      23.817      13.614
20160404      16.602      21.625      23.040      10.848
20160405      17.574      18.054      20.686      14.849
20160406      17.526      20.947      18.530      16.857
20160407      17.432      19.654      20.208      19.047
20160408      19.980      20.354      20.827      18.147
20160409      26.519      21.208      19.142      17.869
20160410      34.701      20.437      20.919      23.017
20160411      34.545      15.639      18.569      28.481
20160412      30.418      15.627      15.637      31.366
20160413      25.564      12.983      15.305      28.565
20160414      19.718      10.679      12.785      21.568
20160415      14.472       9.938      11.580      19.652
20160416      10.259       9.557      10.285      15.155
20160417       7.023       8.678       9.765      10.493
20160418       5.089       8.814       9.412       8.247
20160419       4.068       9.497       8.454       5.393
20160420       3.844       9.581       8.624       4.237
20160421       4.662      13.811      11.232       5.469
20160422       8.660      15.693      14.014       4.931
20160423       9.945      10.046      13.418       7.078
20160424       8.599       8.364      10.627       8.415
20160425       6.192       7.044       8.606       7.755
20160426       4.046       6.453       7.107       5.665
20160427       3.536       7.105       6.458       3.930
20160428       3.296      10.350       7.690       4.371
20160429       4.780      20.161      10.233       4.880
20160430      17.332      28.120      17.824       5.329
20160501      24.304      33.485      24.753      18.962
20160502      28.272      37.845      30.437      26.642
20160503      33.659      48.781      35.581      30.981
20160504      46.362      63.007      47.106      39.034
20160505      52.431      50.859      53.038      47.823
20160506      52.693      58.983      53.043      51.250
20160507      53.355      58.500      57.306      55.960
20160508      55.650      62.276      58.280      54.791
20160509      58.938      53.829      55.163      51.456
20160510      54.092      51.600      56.390      56.886
20160511      48.454      37.072      45.903      46.665
20160512      42.953      39.219      39.342      42.070
20160513      38.375      31.233      37.875      41.999
20160514      34.333      30.486      32.266      33.172
20160515      32.787      28.803      29.235      30.462
20160516      31.573      25.458      26.069      29.163
20160517      29.901      28.728      26.413      31.175
20160518      27.494      23.848      25.879      29.776
20160519      23.565      19.246      23.293      24.082
20160520      19.337      16.792      19.862      21.698
20160521      20.830      31.726      21.010      21.992
20160522      28.468      30.017      27.468      23.528
20160523      47.162      58.946      35.334      32.526
20160524      57.969      49.885      47.315      52.569
20160525      60.938      45.793      48.236      54.628
20160526      60.498      40.008      43.859      54.421
20160527      59.713      49.725      43.334      59.264
20160528      64.526      63.868      50.597      66.422
20160529      74.614      75.033      61.924      71.942
20160530      84.970      80.445      73.008      79.242
20160531      92.360      82.070      81.106      88.925
20160601      97.561      80.176      82.639      89.573
20160602     101.627      74.518      77.557      89.713
20160603      96.733      69.585      71.365      91.082
20160604      81.534      52.904      63.845      82.369
20160605      65.487      41.503      51.614      66.828
20160606      52.080      36.259      41.951      55.368
20160607      48.193      40.019      37.075      45.362
20160608      59.908      68.396      46.317      54.541
20160609      55.184      45.242      47.660      58.954
20160610      46.081      36.240      43.189      46.355
20160611      39.771      34.689      37.071      38.934
20160612      36.261      32.802      34.078      35.716
20160613      32.819      28.785      31.299      33.440
20160614      30.982      26.182      28.710      29.202
20160615      29.839      22.376      24.181      27.441
20160616      30.210      28.461      25.250      28.785
20160617      37.388      31.922      29.135      33.681
20160618      44.758      34.289      31.385      38.308
20160619      48.552      30.775      32.700      44.494
20160620      56.791      39.128      30.412      42.559
20160621      56.630      31.792      36.085      58.558
20160622      59.393      30.555      35.474      56.436
20160623      56.724      30.145      30.064      51.399
20160624      54.293      36.160      35.277      65.154
20160625      52.713      33.038      32.261      55.054
20160626      50.295      31.321      32.779      50.837
20160627      57.076      35.184      33.053      50.383
20160628      67.702      42.533      35.631      55.642
20160629      61.106      32.055      35.292      61.199
20160630      54.880      30.457      32.574      54.245
20160701      55.643      35.862      33.868      56.132
20160702      52.883      36.465      34.524      56.908
20160703      54.254      41.766      40.249      57.755
20160704      52.400      37.445      38.705      52.037
20160705      45.612      29.838      34.719      45.636
20160706      38.645      25.355      29.023      38.961
20160707      35.758      22.740      25.211      33.696
20160708      32.303      20.373      22.135      31.899
20160709      28.251      17.876      19.567      28.610
20160710      24.917      16.300      17.814      25.172
20160711      21.895      15.145      16.248      21.813
20160712      20.902      16.633      18.897      25.408
20160713      20.774      17.356      16.862      20.559
20160714      19.450      15.593      16.128      20.843
20160715      18.181      14.192      15.191      17.928
20160716      15.901      12.462      13.879      16.697
20160717      14.044      10.961      12.740      14.729
20160718      19.411      17.894      15.863      17.535
20160719      21.671      11.571      13.301      17.648
20160720      19.182      10.585      11.375      17.105
20160721      16.864      10.141      10.669      18.904
20160722      16.415      10.040      10.304      16.988
20160723      16.577       9.332      10.025      16.156
20160724      16.044       8.745       9.427      15.053
20160725      15.382       8.261       8.629      14.215
20160726      15.362       7.577       8.187      13.876
20160727      26.326      45.714      13.854      24.330
20160728      29.606      22.662      24.670      30.565
20160729      30.243      32.586      26.727      27.835
20160730      29.350      22.492      25.794      28.088
20160731      30.120      29.598      27.195      29.386
