date          Qobs       Qsimobs        Qsim       Qusi
20150801       8.758       9.016      12.824       9.728
20150802       7.410      12.485       9.203       6.824
20150803       6.318       7.665       9.775       6.829
20150804       5.721       6.901       7.705       4.900
20150805      12.060      35.626      16.284      13.168
20150806      14.937      12.851      22.408      19.405
20150807      11.709       8.565      12.947      10.726
20150808       9.041       7.389       8.589       8.191
20150809       7.254       7.013       7.480       8.101
20150810       5.894       6.785       7.013       7.157
20150811       4.847       6.565       6.785       5.903
20150812       4.119       6.377       6.568       4.796
20150813       3.495       6.158       6.366       4.101
20150814       3.012       5.953       6.158       3.530
20150815       2.637       5.754       5.953       2.980
20150816       2.339       5.560       5.754       2.622
20150817       2.113       5.415       5.560       2.296
20150818       1.902       5.230       5.371       2.071
20150819       1.747       5.051       5.188       1.808
20150820       1.602       4.876       5.053       1.664
20150821       1.495       4.706       4.876       1.518
20150822       1.397       4.541       4.706       1.441
20150823       1.305       4.380       4.541       1.347
20150824       1.240       4.226       4.380       1.264
20150825       2.374       5.957       4.600       1.314
20150826      12.012      40.394       6.115       1.997
20150827      26.401      46.930      23.462      27.265
20150828      53.177      28.723      34.072      30.801
20150829      35.368      14.343      24.460      31.098
20150830      19.317       9.626      14.440      20.118
20150831      12.788       7.784       9.466      13.344
20150901       9.713       7.054       8.112      10.953
20150902      61.979      97.562      16.346      19.441
20150903     130.020     122.074      78.488      92.200
20150904      93.327      53.852      88.206     112.203
20150905      50.420      41.997      57.787      60.916
20150906      36.064      22.661      42.549      42.356
20150907      26.043      12.644      22.162      22.432
20150908      17.802       8.328      12.709      14.931
20150909      13.007       7.326       8.332      12.303
20150910      10.123       7.061       7.329      11.626
20150911       8.226       6.834       7.061      10.108
20150912       6.955       6.622       6.836       7.934
20150913       8.018      18.698       6.825       6.850
20150914      10.894      11.796      10.702      11.070
20150915      40.244      48.571      24.254      20.986
20150916      96.873     112.245      51.404      56.959
20150917      83.811      72.085      87.874     114.000
20150918      98.584     100.121      81.582      80.836
20150919      73.627      43.775      74.005      82.308
20150920      40.231      25.569      43.863      46.004
20150921      24.789      14.561      25.595      25.700
20150922      18.061       8.895      14.791      15.268
20150923      16.376      21.828      12.770      14.403
20150924      16.667       9.618      15.087      16.581
20150925      23.752      40.018      14.256      14.165
20150926      24.013      15.101      25.916      27.088
20150927      18.662       8.809      15.081      13.742
20150928      14.274       7.480       8.802      11.384
20150929      11.449       7.193       7.480      12.956
20150930       9.574       6.208       7.192      11.457
20151001       8.184       6.007       6.965       9.320
20151002       7.067       5.816       6.743       7.903
20151003       6.110       5.625       5.814       7.014
20151004       5.391       6.120       5.625       6.112
20151005       4.833       5.923       5.441       5.188
20151006       4.398       5.751       5.263       4.790
20151007       4.057       5.563       5.743       4.333
20151008       3.783       5.380       5.562       3.978
20151009       3.554       5.211       5.387       3.699
20151010       3.384       5.124       5.217       3.588
20151011       3.268       4.952       5.057       3.378
20151012       3.164       4.792       4.954       3.245
20151013       3.091       4.714       4.796       3.135
20151014       2.973       4.581       4.645       3.077
20151015       2.856       4.447       4.556       2.848
20151016       2.746       4.311       4.428       2.793
20151017       2.639       4.172       4.305       2.681
20151018       2.525       4.052       4.178       2.577
20151019       2.430       3.969       4.043       2.486
20151020       2.351       3.850       3.934       2.399
20151021       2.367       3.777       3.836       2.268
20151022       2.435       4.549       3.742       2.370
20151023       2.410       4.071       4.045       2.590
20151024       2.357       3.954       4.000       2.308
20151025       2.297       3.897       3.969       2.369
20151026       2.213       3.763       3.828       2.268
20151027       2.141       3.675       3.763       2.140
20151028       2.077       3.568       3.640       2.141
20151029       2.040       3.530       3.549       2.014
20151030       2.006       3.440       3.455       2.006
20151031       2.012       3.666       3.410       1.969
20151101       2.034       3.502       3.368       2.027
20151102       2.061       3.407   -9999.000   -9999.000
20151103       2.062       3.327       3.381       1.944
20151104       2.052       3.291       3.292       2.023
20151105       2.024       3.222       3.219       2.009
20151106       2.027       3.255       3.178       2.026
20151107       2.987       5.316       4.016       2.495
20151108       9.193      11.464       4.592       2.657
20151109      12.526      10.327       6.099       7.255
20151110      13.328       7.932       9.237      11.991
20151111      10.869       7.031       7.751      11.609
20151112       8.665       6.467       6.906       9.901
20151113       8.119       7.878       6.590       8.373
20151114       8.649       7.241       7.049       8.009
20151115       7.992       6.775       6.839       8.389
20151116       7.055       6.530       6.734       7.599
20151117       6.391       7.665       6.967       7.444
20151118       5.677       6.645       7.006       6.181
20151119       5.109       6.131       6.606       5.524
20151120       4.152       5.789       6.143       4.817
20151121       3.481       5.516       5.789       4.099
20151122       3.136       5.279       5.515       3.434
20151123       2.846       5.101       5.278       3.133
20151124       2.937       5.086       5.135       2.890
20151125       3.242       4.890       5.008       2.883
20151126       3.130       4.636       4.866       3.182
20151127       2.881       4.468       5.023       3.322
20151128       4.540       7.027       4.711       2.980
20151129       5.702       7.899       6.450       5.466
20151130       5.543       6.637       7.044       6.096
20151201       4.764       6.495       6.641       5.333
20151202       4.339       6.548       6.515       4.892
20151203       4.118       6.565       6.493       4.438
20151204       4.022       7.635       7.632       4.967
20151205       4.258       8.811       8.623       4.990
20151206       5.030      18.100       8.560       4.788
20151207       5.396      15.911      12.847       7.085
20151208       5.320       9.468      14.576       4.650
20151209       6.169      13.255      11.281       4.445
20151210       7.609      11.032       9.312       6.120
20151211       8.406       9.886      10.051       5.983
20151212       7.207       7.783       9.137       7.458
20151213       6.218       7.160       7.790       6.201
20151214       4.568       6.919       7.162       5.849
20151215       4.192       6.704       6.919       4.536
20151216       3.329       6.519       6.704       4.211
20151217       3.407       6.669       6.568       3.319
20151218       3.800       6.682       6.636       3.423
20151219       3.830       6.807       6.778       3.742
20151220       4.028       6.937       6.941       3.900
20151221       5.094       8.007   -9999.000   -9999.000
20151222       6.860       7.413   -9999.000   -9999.000
20151223       6.868       8.067       7.313       6.951
20151224       6.302       6.959       7.474       7.331
20151225       6.926      10.105       7.323       6.304
20151226       7.322       7.427       8.389       7.551
20151227       5.989       6.634       7.468       6.419
20151228       5.075       6.793       6.776       5.563
20151229       4.604       6.322       6.596       4.890
20151230       4.409       6.144       6.407       4.630
20151231       5.527      18.871       6.461       4.550
20160101       6.507      14.041      10.062       8.968
20160102       6.769      38.189      10.132       6.987
20160103       5.906      15.876      24.872       9.020
20160104       5.179       9.595      15.843       3.713
20160105       4.783       8.095       9.597       3.426
20160106       4.191       7.683       8.063       4.237
20160107       3.562       7.356       7.680       4.167
20160108       3.338       7.104       7.374       3.549
20160109       3.174       6.976       7.120       3.401
20160110       3.119       7.326       7.074       3.300
20160111       3.139       8.147       7.448       3.375
20160112       3.185       7.042       7.555       3.143
20160113       3.099       6.726       7.020       3.026
20160114       2.858       6.254       6.669       3.077
20160115       2.633       5.890       6.225       2.764
20160116       2.642       6.389       5.985       2.652
20160117       2.512       5.631       6.029       2.676
20160118       2.501       5.320       5.630       2.389
20160119       2.464       5.069       5.319       2.489
20160120       2.459       4.847       5.067       2.397
20160121       2.415       4.657       4.850       2.436
20160122       2.363       4.485       4.657       2.352
20160123       2.315       4.672       4.543       2.407
20160124       2.235       4.301       4.519       2.330
20160125       2.116       4.112       4.309       2.220
20160126       2.037       3.961       4.122       2.045
20160127       1.980       4.135       4.145       2.125
20160128       2.209       7.227       4.067       2.138
20160129       2.254       6.071       5.799       2.683
20160130       2.432       9.502       6.239       2.398
20160131       2.423       7.175       7.294       2.910
20160201       2.348       6.589       7.037       2.429
20160202       2.299       6.636       6.908       2.435
20160203       2.251       6.237       6.503       2.351
20160204       2.170       5.933       6.202       2.216
20160205       2.101       5.694       5.930       2.154
20160206       2.076       5.708       6.097       2.272
20160207       2.439       9.982       6.570       2.474
20160208       3.845      26.625       9.843       3.688
20160209       5.529      48.932      15.314       8.399
20160210       6.247      22.275      31.719       6.497
20160211       5.736      13.294      20.896       3.964
20160212       4.893       8.576      13.194       3.689
20160213       4.297       7.807       8.601       3.370
20160214       3.791       7.486       7.787       4.123
20160215       3.296       7.209       7.482       3.852
20160216       2.948       6.960       7.208       3.361
20160217       2.826       6.723       6.958       2.915
20160218       2.738       6.556       6.763       2.896
20160219       2.612       6.331       6.535       2.757
20160220       2.606       6.789       6.565       2.787
20160221       2.589       7.251       6.905       2.925
20160222       2.540       6.284       6.766       2.649
20160223       2.431       5.933       6.300       2.432
20160224       2.309       5.628       5.922       2.441
20160225       2.192       5.374       5.625       2.335
20160226       2.124       5.185       5.376       2.200
20160227       2.050       4.995       5.168       2.126
20160228       1.955       4.827       4.988       2.089
20160229       1.859       4.673       4.818       1.950
20160301       1.830       4.510       4.666       1.881
20160302       1.896       5.420       4.944       2.050
20160303       2.026       5.828       5.433       2.133
20160304       2.124       5.416       5.539       2.128
20160305       2.203       5.794       5.513       2.205
20160306       2.234       4.971       5.288       2.189
20160307       2.225       4.748       5.042       2.196
20160308       2.178       4.193       4.587       2.182
20160309       2.111       3.829       4.173       2.050
20160310       2.040       3.578       3.852       1.974
20160311       1.991       3.387       3.592       1.915
20160312       1.941       3.220       3.385       1.883
20160313       1.895       3.113       3.221       1.849
20160314       1.956       2.990       3.379       2.004
20160315       2.479       3.119       3.528       2.085
20160316       3.652       3.280       3.554       2.788
20160317       5.830       3.329       3.768       4.123
20160318       9.307       4.126       3.602       5.500
20160319      12.465       4.506       3.987       9.888
20160320      12.976       5.243       4.420      14.322
20160321      11.873       5.649       5.191      15.423
20160322      10.611       5.258       5.526      12.947
20160323   -9999.000   -9999.000       5.102      10.378
20160324       8.719       4.752   -9999.000   -9999.000
20160325       7.887       4.575   -9999.000   -9999.000
20160326       7.453       5.126   -9999.000   -9999.000
20160327      11.090       9.616       6.644      10.125
20160328      17.917      18.467      10.079      17.292
20160329      34.868      40.571      25.545      42.425
20160330      47.234      37.127      34.358      52.528
20160331      37.048      18.301      28.274      45.121
20160401      24.864      11.134      18.264      24.043
20160402      19.177      16.335      15.507      24.419
20160403      16.471      12.102      14.159      24.662
20160404      17.690      22.087      14.501      15.641
20160405      29.539      46.976      28.271      32.261
20160406      39.826      29.028      37.371      36.270
20160407      41.683      24.994      28.923      31.139
20160408      42.495      35.779      24.738      34.706
20160409      34.264      22.554      32.803      50.439
20160410      26.928      13.867      20.976      27.258
20160411      22.217      13.036      16.070      20.788
20160412      20.323      11.633      13.159      20.374
20160413      19.438      11.897      12.195      20.348
20160414      20.564      25.405      13.230      21.944
20160415      21.598      18.841      21.922      28.438
20160416      22.296      21.517      27.914      29.056
20160417      20.917      19.791      19.281      23.313
20160418      18.749      15.904      17.889      18.923
20160419      17.476      15.802      15.712      16.710
20160420      16.765      14.776      15.039      16.327
20160421      16.227      14.347      14.567      15.866
20160422      15.683      14.631      12.475      14.552
20160423      14.199       9.503      12.691      14.095
20160424      12.103       7.670       9.465      11.027
20160425      10.331       7.570       7.771       9.899
20160426       9.051       7.213       7.384      10.535
20160427       8.006       6.964       7.110       8.619
20160428       7.309       6.828       7.016       8.047
20160429       7.645      30.575      12.860      13.274
20160430      10.564      37.942      28.036      21.624
20160501      15.440      50.116      34.177      14.826
20160502      16.089      26.165      37.169      15.697
20160503      16.701      20.538      31.144      14.386
20160504      21.832      24.060      25.248      15.957
20160505      22.078      15.112      19.694      18.693
20160506      21.038      14.445      15.420      16.758
20160507      21.400      14.638      14.462      19.870
20160508      21.574      15.205      15.041      21.559
20160509      24.800      16.006      15.674      22.614
20160510      25.684      15.811      16.203      23.732
20160511      25.336      15.160      15.871      23.819
20160512      23.223      13.268      14.630      23.956
20160513      21.082      12.438      13.308      18.926
20160514      17.519       9.722      11.755      18.618
20160515      13.329       8.768       9.749      14.434
20160516      10.450       7.643       8.378      12.089
20160517       8.855       7.545       7.867       9.684
20160518       8.099       7.075       7.600       8.659
20160519       8.139       7.029       7.331       7.941
20160520      10.574       6.638       7.213       7.982
20160521      18.159      14.874       8.150      11.410
20160522      21.007      10.031      11.593      20.932
20160523      42.915      57.109      15.047      23.416
20160524      56.112      49.077      34.028      56.058
20160525      37.771      22.045      37.556      45.987
20160526      24.095      12.853      22.036      23.951
20160527      16.694       8.973      12.855      14.232
20160528      12.842       8.299       9.074      11.982
20160529      11.824       7.890       8.681      12.444
20160530      11.924      14.429       8.343      11.824
20160531      12.203       9.113      10.373      14.036
20160601      11.155       7.744       8.708      10.395
20160602       9.684       7.378       8.142      10.553
20160603       8.297       9.187       7.820       9.584
20160604       7.597       7.469       8.880       9.267
20160605       6.444       7.172       7.449       6.903
20160606       5.278       6.948       7.172       6.424
20160607       4.617       6.934       7.080       5.651
20160608       4.466       8.483       6.811       4.360
20160609       4.222       6.999       7.429       4.571
20160610       3.545       6.778       7.201       4.195
20160611       2.956       6.534       6.746       3.518
20160612       2.572       6.327       6.535       3.051
20160613       2.265       6.126       6.328       2.576
20160614       2.041       5.929       6.125       2.188
20160615       1.930       5.737       5.931       2.103
20160616       2.360      14.659       6.295       2.045
20160617       2.775       7.576       8.341       2.900
20160618       3.312       9.106       8.735       2.891
20160619       3.971       9.567       8.904       3.815
20160620       4.079       7.297       8.458       3.781
20160621       6.143      25.571       9.516       4.712
20160622       8.100      10.133      15.031       9.791
20160623       7.123       7.781      10.136       5.173
20160624       5.598       7.306       7.786       5.705
20160625       4.880      13.252       7.559       5.663
20160626      11.322       7.987       9.281       5.812
20160627      21.200      79.541      19.635      15.416
20160628      20.307      28.526      49.874      38.920
20160629      15.294      16.325      28.272      15.598
20160630      12.301      19.192      17.207      11.732
20160701      13.708      16.039      23.494      16.232
20160702      16.316      17.587      17.340      14.035
20160703      16.173      11.560      21.538      21.288
20160704      14.546       8.760      13.646      13.669
20160705      11.513       7.967       8.539      11.974
20160706       9.196       8.703       8.122      11.326
20160707       7.594       7.483       8.390       9.511
20160708       6.208       7.031       7.322       7.059
20160709       5.101       6.816       7.056       6.000
20160710  -10000.000       6.765       6.852       5.197
20160711  -10000.000       8.695       7.118       5.724
20160712  -10000.000      10.151       8.281       8.399
20160713  -10000.000       9.885       9.125       9.286
20160714  -10000.000       8.740       9.496       9.649
20160715  -10000.000       8.350       8.721       8.789
20160716  -10000.000       7.107       8.128       8.183
20160717       7.303       6.734       7.033       7.047
20160718       5.806       6.521       6.733       7.276
20160719  -10000.000       6.305       6.520       5.683
20160720  -10000.000       6.115       6.307       5.625
20160721       2.958       5.907       6.108       6.109
20160722       2.800       5.899       5.930       3.042
20160723       2.512       5.629       5.995       2.874
20160724       2.448       5.908       6.533       2.867
20160725       2.436       6.410       6.186       2.671
20160726       3.196       8.678       7.403       3.058
20160727       4.742       7.174       7.985       3.526
20160728  -10000.000       9.523       7.777       5.056
20160729  -10000.000       6.865       8.016       6.183
20160730  -10000.000      12.817       7.218       7.223
20160731  -10000.000       9.609      10.825      11.215
