date          Qobs       Qsimobs        Qsim       Qusi
20150801      71.545      58.846      65.427      74.570
20150802      60.313      46.397      54.080      60.278
20150803      83.778     118.455      91.731      96.744
20150804      59.071      51.440      79.016      91.090
20150805      74.950      86.961      58.730      48.712
20150806     151.470     206.956      99.989      81.374
20150807      78.995      99.728     140.864     145.410
20150808      69.117      98.688     140.225     120.472
20150809      66.832      82.477      88.727      64.419
20150810      51.527      58.800      71.518      56.939
20150811      38.294      45.951      55.585      42.913
20150812      36.679      44.929      50.189      38.376
20150813      36.798      44.973      70.970      58.448
20150814      30.253      40.010      42.764      35.736
20150815      25.475      37.372      39.976      31.148
20150816      21.977      34.989      37.342      25.239
20150817      19.027      32.557      34.910      22.618
20150818      16.653      30.475      32.557      19.091
20150819      14.339      28.331      30.405      17.459
20150820      12.460      26.382      28.331      14.540
20150821      10.967      24.558      26.382      13.120
20150822      10.096      22.954      24.558      11.573
20150823       9.450      21.313      22.900      10.325
20150824       9.095      19.912      21.311       9.650
20150825       8.115      18.648      19.856       9.101
20150826       7.639      18.596      18.769       8.934
20150827       8.238      17.591      17.996       8.627
20150828      55.130     270.550      59.298      31.245
20150829      62.433     172.077     170.855     126.953
20150830      33.329      78.826     160.543     114.755
20150831      28.239      78.995     109.722      38.078
20150901      24.772      37.709      74.001      29.946
20150902      21.327      26.992      44.250      20.068
20150903      19.299      28.329      30.494      17.012
20150904      17.992      25.044      26.293      18.674
20150905      42.643     151.316      42.978      30.402
20150906      71.600     106.122     118.765      92.020
20150907      65.869      81.602     102.876      75.118
20150908     103.492      48.059      88.458      66.066
20150909      80.068      57.503      71.318      81.601
20150910      47.324      35.301      53.676      61.519
20150911      32.973      31.024      29.542      45.115
20150912      26.468      29.013      31.024      30.237
20150913      23.525      27.600      29.066      25.861
20150914      21.968      25.927      27.164      23.033
20150915      20.521      24.131      25.321      21.383
20150916      18.209      23.309      24.780      21.130
20150917      16.851      21.906      23.173      18.057
20150918      21.189      53.551      29.416      23.068
20150919      50.857      65.307      52.646      38.313
20150920     112.516     119.275      72.993      60.483
20150921     132.097      91.934      89.512     109.727
20150922      76.315      59.837      72.046     102.156
20150923      55.144      42.672      54.078      58.402
20150924      41.356      32.038      38.838      39.350
20150925      37.110      56.060      39.796      42.373
20150926      94.664     137.561      80.803      71.543
20150927      96.881     107.197     120.663     130.456
20150928     105.697      82.984      91.821      77.532
20150929      65.249      49.239      68.724      84.465
20150930      49.338      44.505      51.026      48.194
20151001      66.686      55.967      54.976      50.746
20151002      93.767      56.291      73.554      73.710
20151003     131.474     120.329      60.599      89.351
20151004      75.786      58.885      76.888     134.468
20151005      65.278      53.553      56.051      54.441
20151006      49.606      38.728      41.781      52.314
20151007      36.453      36.238      38.685      42.293
20151008      30.514      33.929      36.234      35.737
20151009      27.975      34.872      34.733      31.607
20151010      32.090      52.749      34.274      28.950
20151011      30.265      34.263      35.735      31.681
20151012      27.268      32.170      34.266      27.869
20151013      25.385      30.587      32.126      25.368
20151014      23.739      29.972      30.396      25.207
20151015      22.305      27.521      29.080      24.099
20151016      20.998      25.889      27.521      22.240
20151017      19.711      24.301      25.887      20.245
20151018      18.819      23.469      24.573      20.404
20151019      18.462      22.305      23.237      18.502
20151020      17.638      20.888      22.090      18.162
20151021      16.981      19.664      20.913      17.361
20151022      20.347      59.594      21.360      17.178
20151023      79.593     137.019      62.529      36.968
20151024      82.699      74.012     101.334      74.175
20151025      59.459      98.593      68.438      68.975
20151026      54.951      47.118      67.577      53.237
20151027      44.102      44.969      52.343      40.368
20151028      41.688      30.722      40.650      33.621
20151029      31.306      28.767      30.647      32.203
20151030      25.312      26.958      28.915      32.987
20151031      28.265      29.083      28.895      25.841
20151101      32.782      31.314      34.193      33.954
20151102      31.833      33.020   -9999.000   -9999.000
20151103      29.069      27.747      31.494      31.868
20151104      26.627      28.755      27.362      27.181
20151105      27.269      26.238      26.913      26.596
20151106      24.982      24.478      25.921      27.415
20151107      23.674      30.769      29.139      28.194
20151108      27.451      37.830      35.622      29.307
20151109      29.096      28.668      30.937      25.751
20151110      24.792      28.959      27.960      25.541
20151111      24.759      28.817      28.275      25.651
20151112      23.655      25.908      27.588      25.727
20151113      18.223      24.275      25.906      22.184
20151114      14.767      22.759      24.277      17.475
20151115      12.846      21.329      22.789      15.582
20151116      15.801      19.989      21.336      12.368
20151117      13.043      19.430      19.989      15.990
20151118       7.889      17.904      19.160      13.339
20151119      10.237      16.778      17.916       7.882
20151120      10.889      15.724      16.778       9.526
20151121      10.165      14.735      15.724      10.704
20151122       8.943      13.809      14.735       9.710
20151123       9.494      12.942      13.809       8.517
20151124      10.487      12.129      12.942       9.534
20151125       9.739      11.367      12.129      10.177
20151126      10.048      10.653      13.072      12.880
20151127      15.664      10.239      32.322      24.633
20151128      51.333      50.985      10.077      13.152
20151129      33.213      13.711      31.111      57.034
20151130      20.988      12.543      13.710      15.708
20151201      16.221      11.744      12.570      19.139
20151202      18.126      10.995      13.024      16.040
20151203      15.545      12.570      10.995      16.477
20151204      11.771      10.102      11.238      16.020
20151205      14.975       9.457      12.566      13.101
20151206      16.654      30.918      11.880      20.819
20151207      22.288      20.784      20.081      17.608
20151208      24.178      10.955      27.027      21.284
20151209      28.312      52.945      11.803      18.767
20151210      30.066      28.700      27.293      34.389
20151211      23.659      18.984      22.294      21.438
20151212      20.848      13.557      16.766      17.828
20151213      18.265      12.687      13.557      16.291
20151214      12.795      11.872      12.687      17.537
20151215      11.580      11.110      11.872      12.510
20151216      11.335      10.982      11.110      10.849
20151217      12.226      10.278      11.266      15.111
20151218      18.161      15.342      16.101      15.730
20151219      31.421      27.490      31.126      32.527
20151220      58.698      26.831      55.180      69.030
20151221     142.648     145.650   -9999.000   -9999.000
20151222      84.177      76.351   -9999.000   -9999.000
20151223      52.681      33.574      65.052      60.285
20151224      37.193      19.444      41.162      35.350
20151225      35.736     135.615      19.444      21.682
20151226      32.939      60.186      78.088      47.288
20151227      23.554      25.810      57.780      21.462
20151228      17.090      23.989      25.810      12.470
20151229      18.682      22.479      23.989      16.791
20151230      19.690      22.879      22.479      18.684
20151231      23.510      73.069      21.332      17.390
20160101      18.452      40.672      44.079      27.005
20160102      13.119      27.282      37.014      15.988
20160103       7.721      22.945      26.711      11.247
20160104       5.696      21.504      22.945       7.870
20160105       5.861      20.154      21.504       5.808
20160106       7.453      18.889      20.154       6.195
20160107       9.894      17.703      18.889       7.349
20160108      13.294      16.592      17.703       9.564
20160109      16.358      15.551      16.592      12.602
20160110      17.118      14.575      15.551      15.217
20160111      15.346      13.661      14.575      16.135
20160112      13.478      12.803      13.661      14.774
20160113      11.775      11.999      12.803      13.278
20160114      10.821      11.247      12.000      11.357
20160115      10.247      10.541      11.247      10.157
20160116       9.934       9.880      10.541       9.489
20160117       8.858       9.260       9.880       9.044
20160118       8.192       8.680       9.260       8.029
20160119       7.582       8.135       8.680       8.088
20160120       7.343       7.625       8.135       7.351
20160121       7.255       7.147       7.625       6.602
20160122       7.328       6.699       7.147       6.460
20160123       7.307       6.278       6.699       6.546
20160124       7.556       5.884       6.279       6.863
20160125       7.719       5.515       8.802      10.826
20160126      10.985      12.192       5.606       7.397
20160127       8.118      21.023       8.894      14.685
20160128       8.640      11.418      12.614       8.308
20160129       9.087       6.935      10.157       6.322
20160130       8.743      68.002       6.935       6.223
20160131       8.467      17.759      37.605      12.674
20160201       8.150      10.431      17.760       4.494
20160202       7.693       9.773      10.431       4.983
20160203       7.551       9.157       9.773       7.685
20160204       7.322       8.579       9.157       7.390
20160205       7.214       8.038       8.579       6.607
20160206       7.128       7.532       8.038       7.697
20160207       7.183       8.408      12.395      11.953
20160208       7.371      77.178       8.490       8.844
20160209       7.379      55.808      41.510      11.634
20160210       7.324      19.655      40.888       6.944
20160211       7.204      13.403      19.655       4.023
20160212       7.082      12.561      13.405       5.426
20160213       6.971      11.772      12.561       6.620
20160214       6.814      11.032      11.772       6.564
20160215       6.755      10.339      11.032       6.642
20160216       6.695       9.690      10.339       6.297
20160217       6.618       9.070       9.690       6.543
20160218       6.534      10.566       9.081       6.680
20160219       6.470       8.857       9.793       5.772
20160220       6.411       8.300       8.857       5.761
20160221       6.328       7.779       8.301       6.370
20160222       6.301       7.292       7.779       5.738
20160223       6.243       6.834       7.291       6.065
20160224       6.241       6.405       6.833       6.026
20160225       6.234       6.122       6.405       5.764
20160226       6.390       5.686       6.011       7.267
20160227       6.526       5.375       5.686       6.755
20160228       6.567       5.099       5.335       7.111
20160229       6.620       4.751       5.044       5.992
20160301       6.693       4.452       4.754       6.375
20160302       6.746       4.173       4.453       6.029
20160303       6.768       3.911       4.173       6.290
20160304       6.692       3.665       3.911       5.944
20160305       6.632       3.435       3.665       6.454
20160306       6.565       3.219       3.435       5.898
20160307       6.495       3.017       3.219       6.088
20160308       6.550       2.828       3.017       5.646
20160309       6.439       2.650       2.828       5.707
20160310       6.481       2.484       2.650       5.912
20160311       6.423       2.328       2.484       6.671
20160312       6.404       2.182       2.447       6.731
20160313       6.452       2.045       2.182       6.186
20160314       7.244      16.276      41.992      79.347
20160315      15.594      32.910      25.686      16.880
20160316      41.454      39.953      26.110      22.072
20160317      60.548      36.933      30.718      44.152
20160318      64.604      54.326      27.729      50.891
20160319      52.574      21.021      42.579      55.237
20160320      55.328      13.559      21.836      37.767
20160321      51.195       8.462      12.203      40.824
20160322      38.687      13.354       8.452      42.029
20160323   -9999.000   -9999.000      13.804      38.717
20160324      29.036       9.074   -9999.000   -9999.000
20160325      25.815       8.571   -9999.000   -9999.000
20160326      23.715       8.049   -9999.000   -9999.000
20160327      31.078      64.155      12.537      28.807
20160328      54.579     140.623      50.931      57.803
20160329      70.713     185.745     112.381      80.721
20160330      81.112     128.154     131.469      90.689
20160331      59.250      63.919     103.947      69.529
20160401      38.589      36.297      63.698      40.789
20160402      31.174      20.960      36.580      26.962
20160403      29.383      24.917      22.456      24.503
20160404      32.863      92.487      35.162      44.142
20160405      50.268      76.011      91.276      75.277
20160406      79.065      80.571      88.285      73.781
20160407      97.100     109.832      85.483      93.953
20160408      80.358      50.734      83.050      94.619
20160409      60.002      30.195      49.510      47.802
20160410      46.741      25.050      30.174      40.416
20160411      40.905      24.004      25.450      42.802
20160412      37.382      25.730      23.852      41.289
20160413      37.114      23.488      23.342      38.203
20160414      31.663      21.326      22.741      35.578
20160415      32.589      27.126      23.901      41.602
20160416      34.376      23.858      23.903      41.033
20160417      36.368      21.128      21.372      32.484
20160418      36.519      37.487      20.971      35.846
20160419      49.480      82.085      42.171      67.134
20160420      58.783      39.317      56.403      71.067
20160421      49.500      38.921      40.903      50.219
20160422      49.396      40.436      39.805      55.444
20160423      37.990      25.663      35.421      41.608
20160424      32.541      22.843      25.663      32.306
20160425      29.064      21.443      22.843      30.069
20160426      28.302      22.084      21.443      28.200
20160427      25.760      19.533      20.685      27.137
20160428      25.174      19.080      19.596      25.610
20160429      28.936      85.118      23.246      33.924
20160430      44.645     112.596      78.580      51.938
20160501      99.053     204.291     110.773      65.328
20160502     116.108     135.144     157.529     127.249
20160503     155.575     236.875     153.927     116.639
20160504     227.192     258.917     221.979     181.819
20160505     192.211     280.193     242.132     245.385
20160506     205.744     367.656     286.553     231.315
20160507     242.685     464.248     349.973     264.921
20160508     355.276     664.708     466.967     325.594
20160509     414.251     733.696     654.661     467.796
20160510     376.277     657.817     690.112     483.367
20160511     268.833     262.622     431.255     295.907
20160512     271.651     359.137     318.772     230.075
20160513     204.013     218.992     296.118     266.642
20160514     148.874     133.258     206.506     166.267
20160515     136.487     103.382     135.786     109.574
20160516     134.909      75.660     101.837     104.681
20160517     139.874     132.188      83.730     108.481
20160518     121.384      81.476     109.890     155.696
20160519     108.105      78.374      84.628     117.833
20160520     114.407      68.851      81.213      95.428
20160521     426.113     437.797     151.944     205.883
20160522     440.461     476.922     345.797     571.130
20160523     522.916     619.048     455.007     506.951
20160524     385.796     313.913     427.976     448.081
20160525     308.840     271.159     304.423     303.234
20160526     281.314     226.682     252.440     267.979
20160527     256.357     242.212     235.270     253.865
20160528     278.578     402.515     259.476     261.942
20160529     324.944     370.763     360.103     333.150
20160530     328.624     353.907     373.243     343.763
20160531     344.650     376.573     351.522     301.693
20160601     315.026     404.876     405.123     379.933
20160602     274.103     325.974     403.500     353.330
20160603     242.714     279.338     315.000     254.415
20160604     164.710     173.597     241.316     204.459
20160605     117.278     134.660     162.077     124.502
20160606      94.913     106.005     133.727     104.453
20160607     102.046     125.798     114.452      88.286
20160608     137.549     123.678     127.668     112.162
20160609      91.315      97.259     108.702     127.088
20160610      71.942      77.820      89.202      80.924
20160611      59.765      61.309      74.435      64.961
20160612      61.610      74.279      68.830      61.799
20160613      68.293      80.692      70.887      64.939
20160614      67.115      66.466      74.134      70.847
20160615      63.214      67.385      70.365      68.124
20160616      86.285      92.523      72.002      68.968
20160617      86.974      80.147      83.370      94.483
20160618      83.414      68.642      84.148      93.433
20160619      78.149      60.178      76.756      81.553
20160620      75.796      54.524      60.759      68.840
20160621      72.670      64.233      56.875      73.831
20160622      68.818      62.168      67.514      81.564
20160623      55.596      49.410      66.237      73.341
20160624      49.449      48.284      80.012      80.100
20160625      60.190      99.615      56.628      57.617
20160626      62.357      48.182      68.070      57.623
20160627      64.576      57.341      50.788      47.913
20160628      61.554      57.121      78.612      90.186
20160629      49.898      49.364      55.401      60.244
20160630      36.386      39.116      43.606      44.689
20160701      33.627      33.232      38.499      33.591
20160702      30.939      28.845      34.213      31.078
20160703      35.756      68.740      35.063      34.029
20160704      38.748      63.368      77.627      65.835
20160705      45.820      58.792      58.137      44.386
20160706      42.418      44.521      69.937      59.554
20160707      35.153      34.327      43.706      38.508
20160708      28.088      29.901      33.162      30.605
20160709      24.132      28.455      29.882      27.047
20160710      44.434      31.212      31.484      26.617
20160711      32.698      30.176      28.425      40.741
20160712      63.601      66.670      47.664      52.846
20160713      51.946      42.633      49.077      72.317
20160714      81.336      69.155      48.907      52.041
20160715      59.124      36.218      49.309      76.409
20160716      42.275      30.855      35.035      41.537
20160717      49.805      42.796      81.224      94.736
20160718      51.355      46.072      50.070      66.062
20160719      43.812      31.619      38.505      47.395
20160720      31.922      29.235      31.417      37.400
20160721      26.344      27.244      29.157      31.646
20160722      23.590      25.443      27.228      24.395
20160723      43.090      83.570      51.333      44.974
20160724      82.369     113.513      93.613      93.792
20160725     106.928      75.928      83.492      89.020
20160726      56.858      38.696      66.740      86.787
20160727     115.750     138.580      71.451      66.534
20160728      65.709      64.776      86.064     127.447
20160729      56.261      83.041      73.048      57.925
20160730      53.900     119.910      63.451      52.701
20160731      99.137     122.327     112.803      83.762
