date          Qobs       Qsimobs        Qsim       Qusi
20150801       8.472       5.589      10.369       7.012
20150802       5.493       4.811       7.221       6.316
20150803       4.178       2.513       3.905       3.558
20150804       3.677       2.157       2.786       2.883
20150805      10.759      13.890       5.551       7.039
20150806      10.486       4.251       7.568      11.547
20150807       6.678       2.925       4.142       5.491
20150808       4.511       2.342       2.922       4.293
20150809       3.200       2.043       2.342       3.546
20150810       2.500       1.768       2.046       2.572
20150811       2.064       1.539       1.781       2.155
20150812       1.780       1.350       1.556       1.793
20150813       1.509       1.167       1.343       1.570
20150814       1.276       1.014       1.167       1.300
20150815       1.090       0.880       1.013       1.132
20150816       2.932      17.746       1.813       1.852
20150817       9.591       7.888       7.384       3.299
20150818       7.739       2.923       6.075       6.060
20150819       4.579       2.116       2.923       3.844
20150820       3.022       1.725       2.140       3.438
20150821       2.220       1.503       1.740       2.422
20150822       1.738       1.307       1.503       1.973
20150823       1.396       1.136       1.307       1.528
20150824       1.185       0.987       1.139       1.244
20150825      22.140      46.048       3.757       3.711
20150826      38.863      33.001      37.375      36.219
20150827      63.138      74.642      29.549      30.662
20150828      32.027      20.827      44.645      46.776
20150829      14.592       9.083      16.452      13.910
20150830       8.959       5.128       9.082       8.953
20150831       6.011       2.915       5.158       5.416
20150901       5.656       2.554       3.919       4.857
20150902      75.715      72.544      31.444      37.251
20150903      95.654      94.978      61.984      76.868
20150904      44.135      28.442      64.436      60.944
20150905      20.490      10.755      21.793      20.913
20150906      12.193       6.467      10.774      10.292
20150907       8.233       3.746       6.470       7.487
20150908       5.801       3.311       3.728       4.958
20150909       4.405       2.923       3.294       5.142
20150910       3.491       2.576       2.923       3.941
20150911       2.893       2.267       2.576       3.125
20150912       2.543       2.008       2.269       2.426
20150913       8.137      28.885       8.651       8.642
20150914      98.370      98.203      35.405      30.799
20150915     139.620     235.781     113.162     109.352
20150916      73.225      76.687     163.038     166.897
20150917      84.608      86.254     100.676     101.677
20150918      84.090     105.507      78.938      76.430
20150919      29.602      17.684      67.904      60.029
20150920      14.675      10.467      17.683      10.973
20150921       9.667       6.200      10.467       9.598
20150922      13.843       8.992       7.097       7.034
20150923      30.625      78.990      14.764      15.086
20150924      24.967      19.689      51.805      49.951
20150925      28.247      33.624      18.054      12.249
20150926      16.499      11.229      17.067      18.434
20150927      10.328       6.959      11.324       9.696
20150928       7.151       4.318       6.966       6.821
20150929       5.393       3.827       4.317       4.580
20150930       4.339       2.829       3.827       4.912
20151001       3.616       2.497       3.389       3.817
20151002       3.070       2.202       2.998       3.159
20151003       2.648       1.941       2.202       2.726
20151004       2.332       2.050       1.940       2.378
20151005       2.077       1.808       1.709       1.994
20151006       1.874       1.596       1.527       1.857
20151007       1.719       1.407       1.596       1.689
20151008       1.596       1.255       1.982       2.154
20151009       1.605       1.797       1.647       1.779
20151010       2.126       6.406       1.769       1.644
20151011       2.465       2.114       3.273       2.349
20151012       2.580       3.321       2.150       1.550
20151013       2.653       2.123       2.455       2.312
20151014       2.525       1.828       2.037       2.181
20151015       2.257       1.614       1.824       2.172
20151016       2.014       1.424       1.611       1.998
20151017       1.810       1.259       1.424       1.782
20151018       1.648       1.110       1.258       1.588
20151019       1.499       1.009       1.110       1.445
20151020       1.387       0.890       0.980       1.360
20151021       1.344       0.785       0.864       1.204
20151022       1.399       1.496       0.815       1.091
20151023       1.385       0.905       1.036       1.101
20151024       1.289       0.796       0.903       1.174
20151025       1.270       0.729       0.857       1.091
20151026       1.235       0.619       0.716       1.087
20151027       1.176       0.545       0.629       1.051
20151028       1.119       0.477       0.555       0.961
20151029       1.075       0.419       0.480       0.901
20151030       1.030       0.369       0.424       0.795
20151031       1.011       0.448       0.375       0.842
20151101       1.000       0.350       0.383       0.792
20151102       0.975       0.301   -9999.000   -9999.000
20151103       0.952       0.265       0.297       0.791
20151104       0.921       0.216       0.265       0.774
20151105       0.913       0.250       0.235       0.694
20151106       1.080       2.470       0.914       2.369
20151107       4.829       5.665       2.634       3.255
20151108      16.669      25.184       5.163       3.478
20151109      19.513      19.024      12.505      15.568
20151110      14.888       8.184      12.763      13.220
20151111       9.458       4.281       7.573       9.155
20151112       6.458       2.817       4.528       5.441
20151113       5.951      10.146       4.944       6.136
20151114       6.920       5.851       8.046       8.179
20151115       6.108       3.385       4.175       4.714
20151116       7.103       4.112       3.417       3.990
20151117      12.010       8.768       5.496       7.635
20151118       9.117       4.361       6.994      12.577
20151119       7.489       5.136       4.222       5.969
20151120       6.823       3.600       4.036       5.728
20151121       5.378       2.978       3.345       5.476
20151122       4.215       2.648       2.978       5.044
20151123       3.399       2.338       2.661       3.962
20151124       3.165       2.079       2.949       3.332
20151125       3.380       2.166       2.169       2.889
20151126       3.488       1.810       2.707       3.016
20151127       3.305       2.833       5.091       5.296
20151128       4.181      15.050       3.249       3.784
20151129       7.801      11.667       9.030       7.259
20151130       8.756       5.643      10.105       5.678
20151201       6.159       5.038       5.726       5.934
20151202       4.601       3.610       5.072       5.280
20151203       3.835       2.910       3.311       3.563
20151204      18.017       2.922      12.551       8.567
20151205      24.782      23.381      15.725      39.377
20151206      14.439      18.079      24.309      37.471
20151207      10.812      12.251      17.072      14.225
20151208       8.193       6.859      10.538       8.677
20151209       8.892      12.979       8.093       6.675
20151210       8.944       7.190       9.745       9.262
20151211       7.223       5.053       6.045       6.610
20151212       5.620       3.776       4.357       5.293
20151213       4.444       3.366       3.776       4.410
20151214       3.571       3.000       3.366       4.127
20151215       2.965       2.674       3.000       3.204
20151216       2.731       2.381       2.674       2.736
20151217       2.678       2.291       3.628       3.412
20151218       2.670       2.804       4.316       4.350
20151219       2.896       3.985       3.860       3.845
20151220       3.715       4.379       3.843       3.071
20151221       4.287       2.767   -9999.000   -9999.000
20151222       4.018       2.554   -9999.000   -9999.000
20151223       3.888       4.233       2.549       3.593
20151224       4.374       6.245       3.143       3.883
20151225      11.791      29.929       6.280       5.446
20151226      11.937      11.770      14.778      15.283
20151227       8.181       6.618      10.801       9.590
20151228       5.659       3.813       6.618       5.297
20151229       4.765       3.399       3.937       3.650
20151230       8.561       8.556       9.082      10.380
20151231      20.157      23.887       8.571       8.448
20160101      21.257      11.825      14.432      29.009
20160102      29.381      17.730      10.173      12.078
20160103      20.102       6.400      12.567      18.534
20160104      12.159       4.431       6.400      12.221
20160105       8.480       3.417       4.431       8.566
20160106       5.879       3.049       3.417       6.916
20160107       4.747       2.720       3.049       5.487
20160108       4.171       2.427       2.720       4.379
20160109       3.677       2.165       2.427       3.640
20160110       3.331       1.932       2.165       3.224
20160111       3.359       1.723       1.932       2.904
20160112       3.188       1.527       1.723       3.022
20160113       2.864       1.362       1.538       2.963
20160114       2.622       1.215       1.372       2.656
20160115       2.395       1.084       1.215       2.394
20160116       2.229       0.967       1.084       2.212
20160117       1.931       0.863       0.967       2.041
20160118       1.826       0.770       0.863       1.789
20160119       1.805       0.687       0.770       1.652
20160120       1.634       0.613       0.687       1.648
20160121       1.484       0.547       0.613       1.428
20160122       1.402       0.488       0.547       1.364
20160123       1.459       0.436       0.488       1.220
20160124       1.451       0.389       0.435       1.321
20160125       1.450       0.347       1.107       1.462
20160126       1.584       1.356       1.481       2.079
20160127       3.413      11.926       2.095       2.421
20160128      10.418      16.740       9.571       7.180
20160129      11.284      17.396      13.098      11.928
20160130      15.774      36.696      10.972       9.854
20160131      12.755      11.117      21.324      17.990
20160201       8.445       6.389      10.943       6.469
20160202       6.484       6.294       8.180       8.400
20160203       5.725      10.003       5.248       4.748
20160204       4.862       4.934       7.178       5.700
20160205       4.109       3.188       5.037       4.098
20160206       4.060       2.966       7.392       6.778
20160207      16.920      36.136       8.403       7.862
20160208      51.388      64.682      27.097      29.284
20160209      45.735      43.790      39.751      46.912
20160210      22.604      14.178      29.319      29.228
20160211      13.430       8.903      12.658      10.506
20160212       9.271       5.161       8.603       9.027
20160213       6.672       3.776       5.161       5.856
20160214       4.990       3.371       3.776       5.063
20160215       3.828       3.009       3.371       4.390
20160216       3.137       2.686       3.009       3.338
20160217       3.009       2.405       2.686       2.827
20160218       2.716       2.185       2.398       2.760
20160219       2.474       1.946       2.176       2.417
20160220       2.804       3.883       2.121       2.747
20160221       2.933       2.212       3.478       3.153
20160222       2.627       1.758       2.245       2.748
20160223       2.319       1.567       1.754       2.308
20160224       2.079       1.405       1.566       2.244
20160225       1.866       1.246       1.432       1.947
20160226       1.717       1.112       1.255       1.644
20160227       1.553       0.993       1.112       1.590
20160228       1.448       0.886       0.993       1.389
20160229       1.348       0.794       0.886       1.316
20160301       1.338       0.709       0.791       1.215
20160302       1.426       0.633       0.706       1.304
20160303       1.623       0.568       0.633       1.345
20160304       1.722       0.838       0.599       1.748
20160305       1.708       0.563       0.551       1.867
20160306       1.775       0.568       0.553       1.612
20160307       1.846       0.520       0.520       1.648
20160308       1.729       0.444       0.475       1.839
20160309       1.647       0.397       0.490       1.821
20160310       1.581       0.537       0.482       1.927
20160311       1.528       0.372       0.451       1.818
20160312       1.517       0.332       0.372       1.504
20160313       1.541       1.080       0.409       1.521
20160314       2.513       4.722       5.543       9.781
20160315       8.485       8.737      10.917       8.747
20160316      14.465      12.753      11.926      15.859
20160317      15.302      13.025      17.359      23.736
20160318      16.525      17.182      18.267      19.859
20160319      13.360      12.492      15.260      16.027
20160320      10.640      14.290      13.380      13.489
20160321       9.546      13.032      14.259      12.331
20160322       9.145      11.991      12.426       9.774
20160323   -9999.000   -9999.000      10.559       8.133
20160324       7.167       6.277   -9999.000   -9999.000
20160325       6.280       4.680   -9999.000   -9999.000
20160326       7.221       6.971   -9999.000   -9999.000
20160327      14.053      21.757       8.969      10.369
20160328      31.913      27.030      19.486      21.319
20160329      78.408      81.976      40.612      47.226
20160330      39.254      18.342      49.977      63.863
20160331      18.412      10.027      18.198      16.442
20160401      11.655       5.912       9.903      11.663
20160402       8.998       9.223       6.770       8.796
20160403       8.750       9.521       8.289      11.239
20160404      10.482      10.659      10.314       9.777
20160405      22.029      38.393      12.999      11.768
20160406      21.682      16.042      27.919      26.892
20160407      14.635      11.528      16.008      15.756
20160408      11.398       8.810      11.299      11.258
20160409      10.947      10.195       8.911       9.484
20160410       8.988       6.418       6.178       7.829
20160411       6.798       6.060       6.655       7.404
20160412       5.474       5.213       6.129       6.291
20160413       4.582       5.833       5.613       5.406
20160414       3.986       6.279       5.502       4.551
20160415       3.714       6.205       5.952       4.036
20160416       4.085       7.261       5.492       3.720
20160417      13.935      33.127      13.652       9.445
20160418      13.256      11.509      18.671      16.733
20160419       8.636       7.264      11.077       8.122
20160420       5.821       6.632       7.516       5.795
20160421       4.428       5.988       6.541       6.085
20160422       3.521       4.966       5.745       4.811
20160423       2.924       3.740       4.436       3.029
20160424       2.554       2.865       3.860       2.654
20160425       2.397       2.267       2.877       2.330
20160426       2.460       2.405       2.525       2.191
20160427       2.399       2.443       2.833       2.380
20160428       2.400       2.269       2.600       2.500
20160429       2.759       2.297       2.528       2.171
20160430       6.674      13.189       5.298       5.095
20160501      13.441      11.085       9.105       7.170
20160502      10.463       8.516       9.653      13.602
20160503       8.855      12.965      11.931      12.818
20160504       9.250       5.865      10.266       8.219
20160505       6.808       4.721       6.117       6.111
20160506       4.906       4.179       4.706       4.623
20160507       3.773       3.925       4.224       4.531
20160508       3.051       3.988       4.009       3.751
20160509       2.561       3.236       4.056       3.231
20160510       2.196       2.750       3.257       2.140
20160511       1.895       2.244       2.747       1.962
20160512       1.644       1.788       2.219       1.621
20160513       1.460       1.407       1.787       1.350
20160514       1.268       1.231       1.406       1.143
20160515       1.107       1.078       1.230       1.149
20160516       0.973       0.946       1.079       1.004
20160517       0.872       0.830       0.947       0.880
20160518       0.784       0.728       0.830       0.760
20160519       0.723       0.639       0.729       0.715
20160520       0.726       0.581       0.647       0.605
20160521       0.753       0.625       0.643       0.712
20160522       1.008       2.380       1.059       1.228
20160523      12.084      11.201       7.312       5.402
20160524      12.338       2.554       5.833       9.569
20160525       6.320       1.868       2.532       6.146
20160526       3.870       1.430       1.867       4.509
20160527       2.732       1.249       1.430       2.846
20160528       2.111       1.092       1.254       2.308
20160529       1.744       0.950       1.090       1.825
20160530       4.908       6.845       0.957       1.469
20160531      19.927      15.863      15.269      16.450
20160601      10.947       4.300       9.142      21.059
20160602       5.870       2.519       4.300       5.578
20160603       3.827       1.983       2.519       3.621
20160604       2.763       1.724       1.984       3.076
20160605       2.102       1.496       1.723       2.468
20160606       1.678       1.298       1.496       1.802
20160607       1.390       1.125       1.298       1.537
20160608       1.146       0.975       1.125       1.248
20160609       0.918       0.844       0.975       1.001
20160610       0.766       0.731       0.845       0.835
20160611       0.659       0.633       0.731       0.670
20160612       0.591       0.562       0.633       0.588
20160613       0.538       0.480       0.553       0.526
20160614       0.485       0.416       0.480       0.462
20160615       0.480       0.391       0.425       0.406
20160616       0.599       1.968       0.913       0.994
20160617       0.698       0.699       0.788       0.534
20160618       0.697       1.060       0.788       0.660
20160619       0.612       0.631       5.430       4.222
20160620       0.647       0.546       0.629       0.531
20160621       1.722       8.839       3.192       3.006
20160622       2.198       1.813       3.884       1.909
20160623       1.928       1.328       1.817       1.272
20160624       1.571       1.174       1.341       1.466
20160625       1.348       1.260       1.125       1.348
20160626       3.107       3.936       2.626       2.653
20160627      10.706       7.357       3.283       2.479
20160628       8.738       3.043       4.257       8.875
20160629       5.326       2.099       2.587       5.239
20160630       4.018       2.774       2.547       4.412
20160701       4.738       3.280       2.567       3.901
20160702       8.350       5.428       4.031       5.490
20160703      10.573      10.369       4.154       6.896
20160704       6.838       3.492       6.336      10.107
20160705       4.272       2.772       3.492       4.389
20160706       3.337       2.360       2.776       3.600
20160707       3.394       1.995       2.327       2.713
20160708       2.732       1.736       1.995       2.921
20160709       2.058       1.509       1.736       2.443
20160710       1.637       1.310       1.509       1.803
20160711       1.486       1.387       1.321       1.465
20160712       1.441       2.203       1.370       1.324
20160713       1.794       1.396       1.486       1.371
20160714       2.858       7.414       1.546       1.316
20160715       4.794       2.839       4.529       3.708
20160716       7.194       2.183       3.480       3.656
20160717       5.520       1.669       2.074       5.120
20160718       3.523       1.406       1.665       4.183
20160719       2.516       1.223       1.406       2.841
20160720       1.941       1.062       1.223       2.099
20160721       1.566       0.922       1.062       1.700
20160722       1.308       0.800       0.924       1.276
20160723       1.279       1.263       0.799       1.114
20160724       1.278       0.763       1.021       1.126
20160725       1.118       0.665       0.760       1.105
20160726       1.161       0.944       1.969       2.999
20160727       1.496       0.636       0.712       0.988
20160728       3.716       4.172       0.835       1.496
20160729       5.154       1.222       1.675       2.792
20160730       5.244       2.137       1.571       3.832
20160731       5.393       1.551       1.462       4.088
