date          Qobs       Qsimobs        Qsim       Qusi
20150801       1.233       1.339       1.845       1.563
20150802       1.693       3.613       1.721       1.491
20150803       1.248       1.673       1.942       1.356
20150804       1.543       1.264       1.718       1.323
20150805       2.552       4.458       3.022       2.468
20150806       1.579       1.983       2.928       2.884
20150807       1.320       1.865       2.096       1.689
20150808       1.108       1.270       1.844       1.445
20150809       0.955       0.961       1.272       0.942
20150810       0.868       0.726       0.966       0.780
20150811       1.095       0.593       0.735       0.708
20150812       0.979       1.118       0.620       0.667
20150813       0.797       0.578       0.810       0.862
20150814       0.699       0.470       0.577       0.653
20150815       0.630       0.418       0.470       0.609
20150816       1.279       2.117       0.604       0.788
20150817       1.022       0.992       1.006       0.858
20150818       0.840       0.653       0.952       0.863
20150819       0.743       0.494       0.685       0.663
20150820       0.666       0.405       0.493       0.585
20150821       0.604       0.361       0.405       0.565
20150822       0.553       0.321       0.361       0.570
20150823       0.512       0.286       0.321       0.509
20150824       0.699       0.254       0.286       0.456
20150825       7.090       6.027       1.371       2.045
20150826       5.914       8.928       5.431       6.254
20150827       7.609       8.661       7.996       7.333
20150828       4.796       6.020       7.239       7.184
20150829       3.001       3.582       5.182       3.602
20150830       2.162       2.711       3.673       2.724
20150831       1.680       2.069       2.726       1.800
20150901       2.871       1.548       2.318       1.847
20150902      24.233      16.401       5.134       4.293
20150903      16.015      15.682      13.380      21.882
20150904       7.706       8.223      12.897      13.947
20150905       6.019       5.437       7.891       6.764
20150906       4.572       4.827       5.835       5.037
20150907       3.124       3.057       3.968       3.579
20150908       2.318       2.319       3.361       2.567
20150909       1.864       1.772       2.479       1.821
20150910       1.569       1.344       1.762       1.428
20150911       1.367       1.011       1.336       1.204
20150912       1.318       0.792       1.162       1.207
20150913       5.256       3.698       1.456       1.721
20150914       9.191       4.869       3.359       4.567
20150915      19.305      13.515       7.179      10.130
20150916      10.033      11.949       9.677      16.104
20150917       8.591       7.977       9.598       9.953
20150918       6.038       6.451       8.381       7.152
20150919       3.976       3.968       5.609       4.610
20150920       2.808       3.024       3.968       3.072
20150921       2.252       2.443       3.056       2.393
20150922       2.713       1.994       2.531       2.285
20150923       2.533       3.241       2.245       2.316
20150924       2.657       1.807       2.593       2.453
20150925       3.401       3.475       2.546       2.387
20150926       2.239       1.842       2.637       2.633
20150927       1.764       1.402       1.840       1.792
20150928       1.525       1.144       1.402       1.408
20150929       1.372       0.863       1.067       1.182
20150930       1.230       0.437       0.802       1.032
20151001       1.195       0.391       0.666       0.946
20151002       1.073       0.351       0.536       0.960
20151003       0.892       0.314       0.350       0.931
20151004       0.825       0.359       0.314       0.806
20151005       0.784       0.322       0.281       0.740
20151006       0.762       0.291       0.261       0.612
20151007       0.754       0.362       0.291       0.506
20151008       0.729       0.256       0.338       0.525
20151009       0.863       0.571       0.419       0.937
20151010       0.889       0.653       0.530       0.754
20151011       0.844       0.505       0.513       0.797
20151012       0.821       0.506       0.515       0.664
20151013       0.782       0.437       0.553       0.716
20151014       0.710       0.322       0.386       0.593
20151015       0.660       0.321       0.339       0.622
20151016       0.620       0.290       0.322       0.568
20151017       0.589       0.295       0.293       0.573
20151018       0.564       0.325       0.282       0.538
20151019       0.546       0.277       0.325       0.560
20151020       0.527       0.233       0.273       0.441
20151021       0.520       0.195       0.230       0.430
20151022       0.609       0.657       0.219       0.426
20151023       0.627       0.385       0.429       0.492
20151024       0.514       0.270       0.308       0.480
20151025       0.583       0.241       0.381       0.546
20151026       0.510       0.215       0.272       0.480
20151027       0.471       0.193       0.264       0.425
20151028       0.450       0.173       0.193       0.319
20151029       0.440       0.155       0.173       0.300
20151030       0.440       0.139       0.155       0.415
20151031       0.500       0.709       0.221       0.533
20151101       0.496       0.280       0.290       0.350
20151102       0.470       0.229   -9999.000   -9999.000
20151103       0.422       0.205       0.233       0.419
20151104       0.403       0.188       0.205       0.394
20151105       0.387       0.169       0.186       0.306
20151106       0.419       0.172       0.173       0.344
20151107       1.105       0.922       0.518       1.031
20151108       1.252       2.120       0.661       0.639
20151109       1.376       1.796       1.498       1.830
20151110       1.010       1.184       1.711       1.119
20151111       0.833       0.856       1.185       0.823
20151112       0.728       0.631       0.899       0.779
20151113       1.015       0.954       0.693       0.634
20151114       0.899       0.579       0.672       0.658
20151115       0.769       0.372       0.479       0.597
20151116       0.660       0.506       0.392       0.540
20151117       0.724       0.681       0.579       1.109
20151118       0.667       0.288       0.378       0.398
20151119       0.628       0.277       0.364       0.641
20151120       0.638       0.227       0.245       0.382
20151121       1.125       0.195       0.216       0.353
20151122       1.293       0.172       0.193       0.649
20151123       2.004       0.157       0.172       0.758
20151124       1.515       0.176       0.205       1.102
20151125       0.572       0.179       0.140       0.689
20151126       0.496       0.119       0.211       0.466
20151127       0.957       0.150       0.349       0.885
20151128       1.381       0.798       0.215       0.624
20151129       0.802       0.429       0.538       1.442
20151130       0.697       0.253       0.322       0.416
20151201       0.600       0.153       0.235       0.358
20151202       0.561       0.140       0.265       0.446
20151203       0.555       0.206       0.159       0.392
20151204       0.544       0.732       0.610       1.098
20151205       0.779       0.300       0.854       0.602
20151206       1.463       2.856       0.397       0.688
20151207       1.248       0.805       0.720       0.885
20151208       1.027       0.513       0.839       0.995
20151209       1.313       0.831       0.667       0.806
20151210       1.150       0.596       0.671       0.962
20151211       0.987       0.466       0.491       0.645
20151212       0.834       0.279       0.364       0.492
20151213       0.648       0.228       0.281       0.474
20151214       0.619       0.166       0.214       0.385
20151215       0.902       0.131       0.166       0.378
20151216       1.441       0.116       0.140       0.411
20151217       1.307       0.204       0.481       2.196
20151218       1.149       0.437       0.424       1.893
20151219       1.272       0.742       0.725       2.062
20151220       2.695       1.569       1.353       2.123
20151221       2.079       1.283   -9999.000   -9999.000
20151222       1.350       0.793   -9999.000   -9999.000
20151223       1.186       0.869       0.898       1.003
20151224       1.091       0.670       0.722       0.700
20151225       1.370       0.766       0.882       1.110
20151226       0.668       0.287       0.409       0.651
20151227       1.023       0.383       0.388       0.537
20151228       1.803       0.343       0.320       0.742
20151229       1.897       0.215       0.236       0.757
20151230       1.263       0.292       0.307       1.431
20151231       1.007       0.348       0.362       1.002
20160101       0.998       0.444       0.393       0.814
20160102  -10000.000       0.256       0.332       0.613
20160103  -10000.000       0.188       0.211       0.399
20160104  -10000.000       0.200       0.161       0.160
20160105  -10000.000       0.126       0.132       0.131
20160106  -10000.000       0.106       0.111       0.110
20160107       3.310       0.079       0.090       0.090
20160108       5.103       0.094       0.090       0.090
20160109       6.562       0.069       0.080       1.970
20160110       4.098       0.262       0.134       1.667
20160111       0.808       0.358       0.195       0.193
20160112       0.585       0.055       0.092       0.090
20160113       0.557       0.110       0.072       0.072
20160114       0.537       0.159       0.132       0.132
20160115       0.513       0.040       0.052       0.050
20160116       0.487       0.103       0.093       0.093
20160117       0.475       0.033       0.046       0.045
20160118       0.462       0.027       0.031       0.031
20160119       0.440       0.024       0.027       0.027
20160120       0.417       0.021       0.024       0.024
20160121       0.398       0.018       0.021       0.021
20160122       0.380       0.016       0.018       0.018
20160123       0.373       0.165       0.049       0.049
20160124       0.378       0.016       0.052       0.046
20160125       0.398       0.021       0.119       0.073
20160126       0.658       0.160       0.049       0.030
20160127       0.583       0.199       0.269       0.250
20160128       0.540       0.138       0.182       0.181
20160129       0.541       0.038       0.077       0.076
20160130       0.544       0.299       0.385       0.385
20160131       0.542       0.066       0.092       0.089
20160201       0.539       0.028       0.035       0.035
20160202       0.521       0.368       0.235       0.235
20160203       0.478       0.121       0.089       0.086
20160204       0.516       0.027       0.032       0.032
20160205       0.452       0.022       0.026       0.026
20160206       0.445       0.161       0.141       0.130
20160207       0.493       0.270       0.259       0.254
20160208       0.547       0.287       0.357       0.355
20160209       0.605       0.468       0.419       0.417
20160210       0.575       0.038       0.049       0.046
20160211       0.518       0.028       0.034       0.034
20160212       0.516       0.023       0.028       0.028
20160213       0.499       0.021       0.032       0.032
20160214       0.553       0.016       0.020       0.020
20160215       0.445       0.013       0.016       0.016
20160216       0.436       0.011       0.013       0.013
20160217       0.402       0.009       0.016       0.016
20160218       0.390       0.022       0.027       0.027
20160219       0.376       0.023       0.021       0.020
20160220       0.386       0.266       0.309       0.309
20160221       0.403       0.024       0.112       0.109
20160222       0.398       0.009       0.025       0.025
20160223       0.383       0.008       0.009       0.010
20160224       0.371       0.006       0.007       0.008
20160225       0.351       0.005       0.006       0.007
20160226       0.346       0.004       0.005       0.005
20160227       0.329       0.003       0.004       0.004
20160228       0.320       0.003       0.004       0.003
20160229       0.307       0.003       0.003       0.003
20160301       0.299       0.002       0.002       0.003
20160302       0.320       0.276       0.310       0.310
20160303       0.356       0.321       0.284       0.282
20160304       0.376       0.193       0.161       0.158
20160305       0.374       0.096       0.102       0.100
20160306       0.372       0.175       0.107       0.107
20160307       0.366       0.247       0.159       0.158
20160308       0.388       0.016       0.050       0.048
20160309       0.359       0.012       0.018       0.018
20160310       0.345       0.010       0.022       0.022
20160311       0.331       0.007       0.009       0.010
20160312       0.320       0.006       0.007       0.007
20160313       0.337       0.006       0.010       0.024
20160314       0.731       0.158       0.183       0.235
20160315       1.000       0.847       0.475       0.427
20160316       1.053       1.590       1.060       1.121
20160317       1.094       2.511       1.980       2.013
20160318       1.236       1.984       2.262       2.391
20160319       1.043       1.504       1.821       1.886
20160320       0.792       1.240       1.494       1.577
20160321       0.644       1.024       1.231       1.324
20160322       0.582       0.994       1.054       1.232
20160323   -9999.000   -9999.000       0.785       0.790
20160324       0.499       0.367   -9999.000   -9999.000
20160325       0.468       0.340   -9999.000   -9999.000
20160326       0.448       0.319   -9999.000   -9999.000
20160327       0.574       0.791       0.622       0.658
20160328       0.680       0.708       0.775       0.843
20160329       0.966       1.894       1.542       1.436
20160330       0.888       0.709       0.944       0.875
20160331       0.718       0.498       0.632       0.652
20160401       0.681       0.389       0.494       0.494
20160402       0.592       0.367       0.493       0.552
20160403       0.570       0.371       0.413       0.416
20160404       0.606       0.634       0.486       0.457
20160405       1.191       1.829       0.850       0.850
20160406       1.577       2.285       1.486       1.470
20160407       1.450       2.551       1.714       1.830
20160408       1.228       2.599       2.253       2.575
20160409       1.061       3.085       2.326       2.414
20160410       0.900       1.689       2.232       2.200
20160411       0.810       1.402       1.729       1.800
20160412       0.810       1.277       1.368       1.374
20160413       0.834       1.450       1.281       1.385
20160414       0.818       1.739       1.682       1.897
20160415       0.881       1.770       1.558       1.603
20160416       0.868       1.613       1.628       1.634
20160417       0.824       1.419       1.584       1.633
20160418       0.878       1.005       1.347       1.386
20160419       0.856       0.805       1.078       1.075
20160420       0.885       0.718       0.838       0.821
20160421       0.933       0.623       0.780       0.767
20160422       0.966       0.625       0.595       0.691
20160423       0.846       0.459       0.569       0.780
20160424       0.754       0.374       0.506       0.686
20160425       0.709       0.489       0.394       0.538
20160426       0.657       0.498       0.490       0.568
20160427       0.604       0.281       0.337       0.398
20160428       0.582       0.265       0.311       0.485
20160429       0.564       0.262       0.432       0.776
20160430       0.617       0.797       0.556       0.993
20160501       0.641       0.461       0.388       0.344
20160502       0.656       0.438       0.330       0.488
20160503       1.007       0.621       0.878       1.454
20160504       1.464       0.787       0.655       0.823
20160505       1.601       1.062       0.871       1.903
20160506       2.043       1.426       1.246       2.446
20160507       2.729       1.765       1.667       2.598
20160508       3.918       2.454       2.270       3.543
20160509       5.364       3.741       2.794       4.382
20160510       7.398       5.114       4.039       6.270
20160511       7.904       6.207       5.395       7.844
20160512       6.942       6.396       5.775       7.875
20160513       5.513       6.269       6.276       6.803
20160514       3.530       3.646       5.681       5.347
20160515       2.824       2.806       3.655       2.749
20160516       3.072       2.443       2.931       2.234
20160517       3.233       3.301       2.699       2.628
20160518       3.075       3.467       3.227       3.734
20160519       4.438       3.925       3.522       3.320
20160520       5.045       4.847       3.994       4.181
20160521       4.891       5.731       4.596       4.850
20160522       7.716       7.337       5.936       5.018
20160523       9.716       8.956       7.598       7.422
20160524       7.993       7.556       8.506       9.717
20160525       6.623       5.912       7.033       7.190
20160526       4.974       5.212       5.819       5.643
20160527       4.113       5.289       5.310       4.569
20160528       3.980       5.277       5.378       4.495
20160529       3.965       5.276       5.071       4.099
20160530       4.528       5.602       5.029       3.651
20160531       4.471       5.786       5.931       4.890
20160601       4.719       5.545       5.587       4.291
20160602       4.227       4.980       5.433       4.876
20160603       3.731       4.371       4.911       3.968
20160604       3.228       3.906       4.857       4.047
20160605       2.705       3.280       3.813       3.131
20160606       2.496       2.665       3.241       2.329
20160607       2.275       2.196       2.651       2.083
20160608       2.076       1.865       2.183       1.920
20160609       1.775       1.494       1.802       1.763
20160610       1.516       1.194       1.602       1.518
20160611       1.383       0.936       1.163       1.184
20160612       1.225       0.783       0.961       1.058
20160613       1.096       0.663       0.786       0.978
20160614       0.999       0.584       0.664       0.927
20160615       1.042       0.516       0.588       0.821
20160616       1.181       1.581       0.855       1.184
20160617       1.110       0.857       1.185       1.094
20160618       1.115       0.722       1.154       1.252
20160619       1.044       0.590       0.775       0.965
20160620       1.225       0.456       0.557       0.847
20160621       1.554       2.665       0.986       1.426
20160622       1.203       1.038       1.603       1.422
20160623       1.074       0.759       1.118       1.042
20160624       1.190       0.562       0.759       0.773
20160625       1.265       1.033       0.810       1.085
20160626       1.461       0.758       1.220       1.314
20160627       1.792       2.624       1.505       2.015
20160628       1.570       1.542       1.836       1.518
20160629       1.238       0.974       1.345       1.293
20160630       2.355       1.581       1.146       1.163
20160701       2.208       2.141       1.697       2.237
20160702       2.223       1.950       1.937       2.093
20160703       1.918       1.909       1.867       2.010
20160704       1.564       1.144       1.585       1.580
20160705       1.376       0.973       1.244       1.270
20160706       1.253       1.063       1.279       1.510
20160707       1.067       0.696       0.899       0.916
20160708       0.943       0.542       0.681       0.849
20160709       0.853       0.449       0.548       0.731
20160710       0.804       0.400       0.448       0.730
20160711       0.954       0.977       0.458       0.765
20160712       1.003       1.590       0.739       0.760
20160713       0.989       2.128       2.038       1.700
20160714       1.148       1.898       2.963       2.189
20160715       1.251       1.970       2.751       1.855
20160716       1.076       1.302       2.463       2.065
20160717       0.938       1.019       1.231       0.901
20160718       0.809       0.734       0.972       0.756
20160719       0.728       0.558       0.813       0.724
20160720       0.672       0.489       0.562       0.525
20160721       0.608       0.409       0.472       0.565
20160722       0.583       0.400       0.426       0.543
20160723       0.748       0.732       0.421       0.501
20160724       0.928       1.650       0.924       0.782
20160725       1.149       1.316       1.476       1.097
20160726       1.461       2.473       1.636       1.229
20160727       1.011       1.186       1.683       1.368
20160728       1.970       2.552       1.755       1.318
20160729       1.402       1.241       1.800       1.805
20160730       2.000       2.765       1.784       1.601
20160731       1.352       1.788       1.942       1.820
