date          Qobs       Qsimobs        Qsim       Qusi
20150801      13.961       6.521       7.078       3.659
20150802      15.084      10.450       7.187       4.511
20150803      14.640       7.918       8.528       5.192
20150804      14.144       7.429       8.323       4.559
20150805      16.769      11.718       8.608       5.230
20150806      17.966       9.068       9.602       5.406
20150807      17.309       8.195       9.271       4.943
20150808      16.360       7.496       8.084       5.331
20150809      14.698       6.774       7.425       5.342
20150810      12.923       6.367       6.846       5.034
20150811      12.739       6.655       6.473       4.726
20150812      12.740       6.920       6.370       4.493
20150813      12.422       6.001       6.489       3.896
20150814      11.424       5.524       6.018       3.890
20150815      10.452       5.638       5.597       3.923
20150816      13.530      11.613       6.318       4.506
20150817      17.268      10.692       8.835       5.301
20150818      18.135       8.695       9.497       5.279
20150819      16.830       7.624       8.626       5.000
20150820      15.094       6.822       7.629       5.503
20150821      13.310       6.200       6.829       5.351
20150822      11.888       5.640       6.181       4.747
20150823      10.399       5.150       5.639       4.322
20150824       9.451       4.801       5.176       3.751
20150825      12.629       5.853       5.525       3.848
20150826      18.171       9.478       5.823       7.021
20150827      22.152      11.208       8.648       5.201
20150828      22.855      13.003       9.466       6.710
20150829      21.496      11.593      11.131       7.850
20150830      19.332      14.171      11.137       7.443
20150831      16.629      10.623      12.043       7.910
20150901      14.478       8.883      10.761       6.179
20150902      17.768      12.985      12.963       7.393
20150903      24.959      14.844      13.245       6.696
20150904      25.076      11.311      12.670       6.040
20150905      21.308       9.511      11.114      16.013
20150906      17.167       8.136       9.396       7.399
20150907      13.858       7.267       8.076       6.538
20150908      11.300       6.585       7.110       5.457
20150909       9.218       6.068       6.435       4.395
20150910       7.846       5.638       6.092       3.588
20150911       6.354       5.243       5.642       3.003
20150912       5.250       5.269       5.291       2.508
20150913       5.493       6.351       5.537       2.135
20150914       9.003       6.672       6.654       2.266
20150915      18.748      10.813       7.612       2.354
20150916      22.123      11.241       9.618       3.998
20150917      21.017       9.523      10.937       6.992
20150918      19.491      10.146       9.711      18.498
20150919      17.668       8.187       9.087       6.823
20150920      14.875       7.093       8.084       5.598
20150921      11.805       6.435       7.093       5.221
20150922       9.973       6.229       6.641       4.744
20150923       8.809       6.753       6.360       4.107
20150924       7.825       5.966       6.327       3.381
20150925       8.164       8.873       6.298       3.151
20150926       8.493       8.476       7.502       3.126
20150927       8.090       6.961       7.689       2.665
20150928       7.697       6.625       6.942       2.672
20150929       7.087       6.167       6.324       2.554
20150930       6.233       4.571       5.873       2.429
20151001       5.341       4.256       5.731       2.266
20151002       4.726       3.968       5.334       1.991
20151003       4.079       3.714       3.967       1.578
20151004       3.628       4.335       3.709       1.493
20151005       3.302       4.041       3.466       1.402
20151006       2.854       3.770       3.268       1.169
20151007       2.430       3.667       3.776       1.003
20151008       2.477       3.676       3.623       0.977
20151009       2.524       3.904       3.626       0.871
20151010       2.449       3.727       3.876       0.848
20151011       2.344       3.531       3.643       0.823
20151012       2.291       3.549       3.504       0.821
20151013       2.291       3.369       3.462       0.788
20151014       2.291       3.105       3.338       1.298
20151015       2.291       2.905       3.105       1.356
20151016       2.291       2.720       2.906       0.752
20151017       2.291       2.553       2.730       0.766
20151018       2.291       2.396       2.559       1.292
20151019       2.291       2.465       2.399       0.744
20151020       2.291       2.291       2.252       0.754
20151021       2.291       2.222       2.157       0.719
20151022       2.291       2.878       2.469       0.737
20151023       2.291       4.617       3.025       0.900
20151024       2.291       3.783       3.816       0.940
20151025       2.291       4.809       3.767       0.790
20151026       2.295       4.260       4.412       2.576
20151027       2.291       4.050       4.263       2.298
20151028       3.070       3.668       4.041       2.250
20151029       4.581       3.421       3.747       2.155
20151030       4.487       3.263       3.544       4.425
20151031       4.448       3.509       3.443       4.536
20151101       4.382       3.438       3.397       4.479
20151102       4.221       3.153   -9999.000   -9999.000
20151103       4.099       2.946       3.168       4.042
20151104       3.912       2.774       2.960       3.819
20151105       3.671       2.663       2.812       3.733
20151106       3.597       2.675       2.737       3.686
20151107       4.281       3.599       3.056       4.095
20151108       5.220       6.058       3.328       3.914
20151109       7.574       9.706       3.845       3.140
20151110       9.219      10.499       7.354       7.591
20151111      10.150       9.548      10.131      10.006
20151112      11.299      11.798       9.092       9.614
20151113      12.759      12.167      10.113      10.238
20151114      13.148       9.084      12.590      12.157
20151115      12.892       7.750       9.094      10.722
20151116      11.981       6.892       8.072      11.090
20151117      11.394       6.428       6.906      10.922
20151118      10.629       6.008       6.434      10.779
20151119      10.577       5.626       6.001       9.916
20151120      10.566       5.217       5.606       9.413
20151121      10.566       4.859       5.217       9.373
20151122      10.566       4.529       4.859       9.433
20151123       6.294       4.204       4.529       9.312
20151124       4.334       3.924       4.227       9.440
20151125       3.863       3.672       3.947       4.059
20151126       3.406       3.429       3.672       3.779
20151127       3.642       3.227       3.465       3.529
20151128       4.683       3.964       3.233       3.104
20151129       5.005       3.315       3.714       4.342
20151130       5.383       3.105       3.328       4.471
20151201       5.624       2.937       3.118       4.747
20151202       5.681       2.764       2.984       5.014
20151203       5.826       2.618       2.769       5.087
20151204       6.713       2.502       2.622       5.505
20151205      10.364       4.637       3.363       8.192
20151206      23.378      23.123       4.197       7.026
20151207      25.212      14.690      12.957      28.543
20151208      23.526      11.266      14.670      23.771
20151209      22.473      12.829      11.280      19.642
20151210      21.026      15.634      12.148      19.720
20151211      18.689      11.678      13.496      19.670
20151212      15.837       9.982      11.619      15.771
20151213      13.330       8.605       9.981      13.636
20151214      11.331       7.459       8.605      12.085
20151215       9.249       6.502       7.459      10.382
20151216       7.877       5.788       6.502       8.635
20151217       6.581       5.409       6.654       8.382
20151218       6.164       5.174       5.891       7.470
20151219       8.260       6.029       5.984       6.205
20151220      16.820      11.519       8.036      11.516
20151221      24.300      17.076   -9999.000   -9999.000
20151222      24.767      13.724   -9999.000   -9999.000
20151223      22.220      13.793      13.143      21.154
20151224      19.224      10.845      13.093      20.666
20151225      17.667      13.510      10.709      16.800
20151226      14.638       9.933      12.662      16.754
20151227      12.576       8.583       9.939      13.722
20151228      11.042       7.461       8.585      11.141
20151229       9.931       6.510       7.460      10.194
20151230       8.330       5.882       6.513       8.742
20151231       7.044       7.108       5.887       8.817
20160101       6.211       5.619       6.549       7.196
20160102       5.619       5.252       5.619       5.806
20160103       5.107       4.916       5.252       5.687
20160104       4.494       4.606       4.916       4.936
20160105       4.226       4.317       4.605       4.499
20160106       3.974       4.047       4.317       3.934
20160107       3.672       3.800       4.047       3.878
20160108       3.434       3.574       3.800       3.552
20160109       3.183       3.362       3.574       3.331
20160110       3.155       3.186       3.365       3.075
20160111       3.035       3.012       3.190       2.920
20160112       2.569       2.839       3.004       2.926
20160113       2.235       2.649       2.840       2.721
20160114       2.121       2.528       2.694       2.186
20160115       1.968       2.403       2.564       2.087
20160116       1.825       2.293       2.405       1.952
20160117       1.727       2.188       2.293       1.837
20160118       1.647       2.092       2.188       1.710
20160119       1.569       2.010       2.093       1.611
20160120       1.479       1.934       2.009       1.566
20160121       1.388       1.872       1.934       1.482
20160122       1.335       1.821       1.872       1.376
20160123       1.324       1.786       1.824       1.296
20160124       1.269       1.745       1.795       1.333
20160125       1.212       1.709       1.788       1.331
20160126       1.373       1.947       1.711       1.233
20160127       1.575       1.882       1.848       1.231
20160128       1.766       1.879       1.838       1.582
20160129       1.945       1.882       1.857       1.717
20160130       2.202       2.172       1.884       1.789
20160131       2.352       2.012       2.101       2.096
20160201       2.489       1.963       2.010       2.268
20160202       3.264       1.981       1.991       2.311
20160203       3.550       1.962       1.984       2.783
20160204       3.406       1.909       1.957       3.473
20160205       3.201       1.875       1.909       3.442
20160206       3.210       1.876       1.880       3.197
20160207       3.359       1.875       1.882       3.115
20160208       3.559       1.912       1.879       3.212
20160209       3.627       1.884       1.897       3.386
20160210       3.473       1.855       1.883       3.635
20160211       3.151       1.838       1.854       3.415
20160212       2.869       1.825       1.838       3.252
20160213       2.650       1.811       1.825       2.971
20160214       2.442       1.798       1.811       2.700
20160215       2.280       1.785       1.798       2.473
20160216       2.117       1.773       1.785       1.785
20160217       2.074       1.756       1.774       1.774
20160218       2.024       1.746       1.766       1.764
20160219       1.856       1.739       1.756       1.755
20160220       1.939       1.740       1.747       1.745
20160221       2.282       1.769       1.750       1.745
20160222       2.840       1.768       1.782       1.765
20160223       2.968       1.751       1.767       1.756
20160224       2.763       1.740       1.750       1.748
20160225       2.399       1.733       1.741       1.741
20160226       2.147       1.724       1.733       1.733
20160227       1.920       1.717       1.724       1.724
20160228       1.740       1.709       1.717       1.716
20160229       1.600       1.697       1.709       1.709
20160301       1.529       1.690       1.701       1.701
20160302       1.780       1.739       1.700       1.699
20160303       1.957       1.756       1.707       1.701
20160304       1.866       1.739       1.715       1.703
20160305       1.641       1.728       1.739       1.737
20160306       1.600       1.724       1.730       1.730
20160307       1.594       1.718       1.727       1.726
20160308       1.438       1.708       1.718       1.716
20160309       1.318       1.701       1.709       1.708
20160310       1.212       1.694       1.702       1.702
20160311       1.112       1.686       1.694       1.693
20160312       1.050       1.678       1.686       1.685
20160313       1.013       1.671       1.678       1.678
20160314       1.001       1.661       1.674       1.680
20160315       0.998       1.664       1.760       1.003
20160316       0.992       1.719       1.794       1.005
20160317       0.994       1.821       1.913       0.999
20160318       1.013       2.227       1.849       0.932
20160319       0.996       1.966       2.024       1.102
20160320       0.938       1.911       1.966       0.995
20160321       0.891       1.861       1.912       0.946
20160322       0.860       1.879       1.861       0.930
20160323   -9999.000   -9999.000       1.848       0.864
20160324       0.834       1.944   -9999.000   -9999.000
20160325       0.834       1.897   -9999.000   -9999.000
20160326       0.834       1.844   -9999.000   -9999.000
20160327       0.834       1.954       1.855       0.842
20160328       0.836       1.961       1.897       0.581
20160329       1.207       1.969       1.939       0.312
20160330       1.318       1.902       1.937       0.564
20160331       1.282       1.850       1.889       0.415
20160401       1.260       1.802       1.838       1.292
20160402       0.994       1.769       1.806       1.253
20160403       1.246       1.745       1.772       0.416
20160404       1.205       1.745       1.746       1.244
20160405       0.562       2.065       1.948       1.338
20160406       0.000       2.097       2.050       0.862
20160407       0.000       1.974       2.012       0.394
20160408       0.000       1.912       1.960       0.000
20160409       0.000       1.861       1.911       0.000
20160410       0.000       1.808       1.860       0.000
20160411       0.000       1.849       1.808       0.000
20160412       0.000       1.769       1.814       0.000
20160413       0.000       2.210       1.767       0.000
20160414       0.000       2.269       2.065       0.000
20160415       0.000       2.653       2.173       0.000
20160416       0.000       2.333       2.478       0.000
20160417       0.000       2.266       2.333       0.000
20160418       0.000       2.335       2.257       0.000
20160419       0.000       2.209       2.283       0.000
20160420       0.000       2.234       2.207       0.000
20160421       0.000       2.252       2.183       0.000
20160422       0.000       2.132       2.201       0.000
20160423       0.000       2.043       2.128       0.000
20160424       0.000       1.970       2.044       0.000
20160425       0.000       1.899       1.970       0.000
20160426       0.000       1.839       1.903       0.000
20160427       0.000       1.776       1.840       0.000
20160428       0.785       1.725       1.778       0.000
20160429       1.067       1.681       1.729       0.000
20160430       1.117       1.647       1.684       0.000
20160501       1.155       1.621       1.653       1.069
20160502       1.124       1.754       1.620       1.060
20160503       1.242       1.746       1.692       1.254
20160504       1.228       1.844       1.703       1.147
20160505       1.192       2.443       1.834       1.260
20160506       1.197       2.773       2.226       1.381
20160507       1.285       4.104       2.771       1.331
20160508       1.590       6.436       3.935       1.470
20160509       2.132       9.970       5.980       1.662
20160510       2.787      13.803       8.809       2.052
20160511       3.544      17.622      12.785       2.830
20160512       4.497      19.668      15.563       3.474
20160513       5.917      21.060      18.112       4.115
20160514       7.780      17.900      18.536       4.888
20160515       9.230      15.056      16.955       5.665
20160516      10.088      13.557      14.743       6.943
20160517      10.525      13.822      13.198       8.070
20160518      10.504      13.778      13.015       9.596
20160519      10.794      14.951      13.661      10.891
20160520      12.910      17.175      14.550      11.039
20160521      15.787      18.221      15.790      11.256
20160522      20.810      23.593      17.875      13.027
20160523      26.521      27.749      22.077      18.011
20160524      29.674      27.406      24.789      20.413
20160525      30.418      27.021      25.817      24.852
20160526      29.150      25.800      25.348      27.093
20160527      27.187      25.531      24.907      27.640
20160528      25.927      26.943      25.028      27.676
20160529      24.893      25.076      25.396      27.011
20160530      26.492      25.263      24.493      23.930
20160531      31.782      31.374      26.671      25.977
20160601      36.330      30.633      28.445      26.152
20160602      36.536      30.805      29.720      29.803
20160603      35.767      30.761      29.951      34.678
20160604      33.856      30.942      29.718      34.210
20160605      31.558      29.809      29.601      33.733
20160606      29.341      28.441      28.839      31.675
20160607      27.955      27.148      27.483      29.402
20160608      27.177      25.779      26.397      27.604
20160609      25.984      23.304      24.892      25.644
20160610      24.535      20.830      22.568      23.395
20160611      21.854      18.770      20.413      23.218
20160612      18.898      17.169      18.537      21.256
20160613      17.020      15.384      16.784      19.117
20160614      15.809      14.555      15.286      16.883
20160615      15.527      14.444      14.500      16.102
20160616      16.500      13.643      14.453      15.235
20160617      17.986      13.713      13.781      14.929
20160618      18.512      12.830      13.271      15.344
20160619      18.819      12.081      12.498      16.280
20160620      18.710      10.736      11.624      16.668
20160621      19.541      14.287      11.793      18.419
20160622      19.254      11.766      12.303      19.773
20160623      18.026      10.952      11.754      17.735
20160624      17.359      10.512      10.964      17.618
20160625      18.304      11.901      11.138      18.684
20160626      19.658      10.911      11.360      17.864
20160627      21.595      11.284      11.045      17.407
20160628      21.663       9.975      10.537      17.654
20160629      21.536       8.759       9.743      19.677
20160630  -10000.000      10.061       9.547      21.277
20160701  -10000.000       9.620       9.377      23.488
20160702  -10000.000      11.423       9.718       9.894
20160703  -10000.000      10.984      10.415      10.788
20160704      16.810       9.153      10.162      10.395
20160705      14.851       8.126       9.127       9.144
20160706      13.005       7.459       8.084       8.102
20160707      11.683       6.692       7.344      13.886
20160708      10.639       6.476       6.838      12.580
20160709       9.544       6.058       6.337      11.405
20160710       9.250       5.628       6.006      10.101
20160711      10.036       6.985       5.829       9.142
20160712      10.307       6.362       6.766       9.918
20160713      10.150       5.762       6.129       9.402
20160714      10.463       6.503       5.797       9.444
20160715      10.546       5.611       6.477      11.009
20160716      10.442       5.404       5.637       9.261
20160717      10.296       5.306       5.506      10.142
20160718       9.785       4.797       5.271      10.168
20160719       9.136       4.404       4.766       9.399
20160720       8.546       4.124       4.402       9.164
20160721       7.846       3.886       4.116       8.683
20160722       7.494       3.690       3.926       8.286
20160723       7.291       3.615       3.726       7.628
20160724       6.851       3.471       3.545       7.065
20160725       6.549       3.840       3.498       7.098
20160726       6.312       3.766       3.745       7.327
20160727       6.171       3.728       3.736       6.788
20160728       6.549       5.984       4.112       6.926
20160729       7.214       4.775       4.865       7.096
20160730       8.535       6.045       4.852       6.059
20160731       8.598       5.506       5.328       2.453
