date          Qobs       Qsimobs        Qsim       Qusi
20150801      22.793      20.342      26.481      25.225
20150802      18.103      25.868      22.872      28.220
20150803      17.243      20.966      35.592      29.728
20150804      22.831      24.528      33.169      26.031
20150805      47.923      47.246      32.389      25.087
20150806      40.337      32.790      46.172      46.308
20150807      54.015      53.997      29.818      29.323
20150808      44.528      38.541      39.526      37.467
20150809      30.388      24.916      36.874      38.733
20150810      37.562      27.627      31.666      33.169
20150811      51.249      35.767      25.702      30.103
20150812      51.282      44.514      27.656      30.770
20150813      29.503      16.630      42.494      44.184
20150814      24.013      27.840      36.726      39.973
20150815      34.375      43.383      44.189      43.718
20150816      56.687      47.786      43.034      34.325
20150817      58.570      36.278      48.107      42.700
20150818      42.927      32.409      38.306      45.304
20150819      34.560      37.068      40.063      47.989
20150820      33.757      40.673      38.737      34.795
20150821      33.445      33.087      39.847      34.481
20150822      39.850      45.519      36.634      30.907
20150823      38.625      30.065      44.627      42.961
20150824      33.460      34.377      33.321      31.778
20150825      41.586      43.828      34.765      32.039
20150826      55.911      57.225      48.436      48.092
20150827      46.326      30.476      43.743      40.147
20150828      35.197      31.354      39.037      39.109
20150829      32.677      31.067      34.881      35.681
20150830      33.289      33.896      31.200      30.572
20150831      27.827      30.515      38.846      32.228
20150901      20.195      10.593      24.305      22.424
20150902      15.425      16.698      14.666      12.469
20150903      14.850      19.044      19.401      19.203
20150904      14.807      20.287      14.210      12.849
20150905      21.766      51.840      16.503      17.255
20150906      16.901      18.890      21.155      14.155
20150907      12.632      14.969      10.499      10.713
20150908      13.677      13.813      20.310      18.593
20150909      12.545      13.266      25.499      21.579
20150910      12.321      14.571      24.672      18.197
20150911      12.481      14.291      20.248      13.355
20150912      14.106      17.985      16.230       8.936
20150913      18.763      27.666      20.205      16.785
20150914      40.148      34.207      28.805      24.584
20150915      38.668      31.112      23.248      25.997
20150916      32.290      41.050      36.116      43.448
20150917      20.003      13.616      24.799      21.957
20150918      17.350      17.403      12.790      12.087
20150919      24.032      35.098      16.120      16.979
20150920      22.774      17.419      24.310      17.212
20150921      14.179       8.070      11.921      11.385
20150922      10.280       7.986      10.252      16.194
20150923       8.601      12.637      13.404      13.796
20150924      10.666      14.699      12.737      11.702
20150925      20.714      39.815      15.082      10.530
20150926      17.059      20.428      27.614      20.225
20150927      12.863       7.779      13.699       9.340
20150928       9.106       7.302      11.773      16.002
20150929       7.429       7.806      10.076      10.938
20150930       7.860      18.479      10.184       8.373
20151001      14.652      25.051      14.349      10.314
20151002      20.181      19.267      11.231       8.701
20151003      22.539      22.542      18.819      19.471
20151004      16.675      11.946      14.842      16.960
20151005      12.459       7.263      11.116      13.481
20151006       8.798       8.629       8.162      12.883
20151007       6.685      18.730       9.720      10.490
20151008       5.482      14.014      13.239       9.434
20151009       4.884       9.775       8.832       5.126
20151010       4.593       7.418       7.132       4.598
20151011       4.253       6.942       7.042       4.460
20151012       3.912       6.886       6.921       4.456
20151013       3.579       6.751       6.835       4.181
20151014       3.299       6.600       6.737       3.947
20151015       3.069       6.461       6.595       3.891
20151016       2.897       6.331       6.465       3.421
20151017       2.739       6.203       6.349       3.562
20151018       2.621       6.079       6.212       3.396
20151019       2.522       5.956       6.085       2.989
20151020       2.461       5.834       5.964       3.211
20151021       2.540       5.915       7.267       3.430
20151022      11.599      32.787      24.126      12.529
20151023      45.012     139.810      65.937      28.137
20151024      17.282       7.130      59.436      23.529
20151025      22.051      66.055      10.581       9.439
20151026      20.171      15.336      47.721      23.968
20151027      17.396      11.450      16.045       9.378
20151028      10.600       6.087       8.943      14.075
20151029       7.621       5.941       7.032       8.591
20151030       6.223       5.814      13.145       8.866
20151031      14.304      15.544      18.777      10.082
20151101      33.285      85.003      26.428      19.020
20151102      21.104      17.297   -9999.000   -9999.000
20151103      17.174      13.700      11.921       7.851
20151104      16.966      23.227      11.425      16.561
20151105      15.425       9.633      12.654      12.729
20151106      11.185       6.957       9.516       9.915
20151107      14.686      15.443      17.952      19.581
20151108      12.499       8.110      11.465       6.439
20151109      14.792      43.223      16.128      21.681
20151110      28.281      65.386      33.078      23.379
20151111      23.497      22.721      40.584      21.547
20151112      21.720      31.173      28.883      23.071
20151113      14.961      17.296      19.352      11.474
20151114      14.697      19.543      13.197       7.508
20151115      23.001      41.480      28.323      39.009
20151116      11.843       6.605      27.109      11.747
20151117       9.281      15.373      10.634      11.744
20151118      12.174      19.120      13.607      11.080
20151119       7.876       6.376      10.793       4.800
20151120       5.421       6.218       6.398       7.595
20151121       4.284       6.138       6.233       5.956
20151122       3.621       5.961       6.086       4.662
20151123       3.594       5.862       6.123       5.640
20151124       3.975       5.915       6.137       4.216
20151125       3.895       6.009       5.972       4.559
20151126       3.937       5.750      15.209      11.101
20151127      88.181      51.450      21.703      21.583
20151128      56.401      57.788      25.935      20.146
20151129      18.049       5.860      23.102      13.749
20151130      11.977       6.028       5.878       7.482
20151201       9.119      18.841       6.018      13.876
20151202      12.267       8.368      23.661      20.144
20151203      24.497      29.088       6.290       5.559
20151204      12.163       8.012      20.603      16.705
20151205      34.214      35.154      10.072      12.078
20151206      29.046      75.327      20.965      20.514
20151207      18.389      37.932      37.602      31.073
20151208      15.769       5.323      22.380       9.289
20151209      38.742      27.964      11.354      19.258
20151210      36.971      44.170      17.201      17.804
20151211      21.115      46.377      21.986      15.331
20151212      13.043      13.631      19.085       6.680
20151213       8.297       5.615      10.799       4.200
20151214       6.111       5.417       5.087       6.282
20151215       5.077       4.928       5.060       5.895
20151216       3.822       4.747       7.404       7.980
20151217      10.125       5.419      22.548      21.114
20151218      58.011      25.141      21.819      16.325
20151219      64.931      60.568      64.991      77.120
20151220     115.262      71.914      59.308      64.259
20151221      74.467      96.915   -9999.000   -9999.000
20151222      32.373      38.210   -9999.000   -9999.000
20151223      24.767      32.499       9.411       9.057
20151224      21.706      48.374      28.983      27.223
20151225      28.206      87.061      24.179       8.540
20151226      15.312      12.638      35.056      13.372
20151227       8.623       4.919       7.244       3.049
20151228       6.190       4.812       7.041      14.192
20151229       6.344       4.705       4.995       7.296
20151230       5.575      28.157       6.470       7.959
20151231       8.290      46.548      11.814      18.566
20160101       8.340      27.691      15.259       9.846
20160102       5.800       5.037       5.570       2.945
20160103       3.369       4.873       4.899       4.577
20160104       2.891       4.735       4.833       3.736
20160105       2.964       4.640       4.735       3.169
20160106       2.927       4.545       4.640       3.256
20160107       2.654       4.452       4.546       2.966
20160108       2.456       4.361       4.454       2.710
20160109       2.202       4.274       4.364       2.795
20160110       2.187       4.189       4.273       2.366
20160111       2.339       4.109       4.212       2.462
20160112       2.281       4.022       4.118       2.441
20160113       2.245       3.947       4.053       2.562
20160114       2.189       3.917       3.982       2.316
20160115       2.126       3.868       3.898       2.444
20160116       2.023       3.945       4.069       2.406
20160117       1.976       3.652       3.715       2.151
20160118       2.016       4.314       4.049       2.301
20160119       1.967       3.540       3.739       1.860
20160120       1.918       3.474       3.721       2.310
20160121       1.869       3.361       3.504       1.978
20160122       1.839       3.291       3.789       2.786
20160123       1.959       3.402       4.599       3.144
20160124       2.676      15.657      11.615       6.218
20160125       3.484       7.837      16.179       6.489
20160126      20.603      54.767      10.691       3.053
20160127      18.476      13.038      20.829       9.325
20160128      10.998       4.499       5.257       3.656
20160129      11.982      20.388       4.473      12.238
20160130      15.803      79.270      10.032       4.235
20160131       7.093       4.522      38.707       8.787
20160201       5.202       4.253       3.733       4.121
20160202       7.418       5.041       4.192       6.324
20160203       5.718       3.914       3.521       4.478
20160204       4.193       4.249       4.104       5.904
20160205       3.670       3.272       7.794      12.599
20160206       5.001       3.624       5.463       9.775
20160207       6.600      10.718       8.774      10.062
20160208       8.979       8.436      11.031      10.347
20160209       6.205       6.808       3.513       3.265
20160210       4.402       4.035       3.190       3.357
20160211       3.392       3.076       3.126       2.692
20160212       2.387       2.992       3.058       3.404
20160213       2.475       2.930       3.077       2.309
20160214       2.231       2.871       2.930       2.615
20160215       2.180       2.810       2.883       2.184
20160216       2.333       2.766       2.863       2.284
20160217       2.311       2.748       2.982       2.669
20160218       2.248       3.514       3.031       4.328
20160219       2.209       2.673       2.776       2.316
20160220       2.191       4.181       2.855       2.934
20160221       2.223       4.772       3.117       3.057
20160222       2.185       3.692       3.386       2.684
20160223       2.147       3.171       3.110       2.621
20160224       2.098       3.262       3.193       2.274
20160225       2.103       2.893       2.736       2.171
20160226       2.056       3.515       3.362       2.816
20160227       2.025       3.876       3.039       2.345
20160228       1.975       3.790       2.810       2.618
20160229       1.852       2.811       2.587       1.619
20160301       1.882       2.472       2.531       1.857
20160302       1.674       2.502       2.696       2.173
20160303       1.671       2.405       2.443       1.885
20160304       1.835       2.336       2.452       1.647
20160305       1.791       2.399       2.536       2.210
20160306       1.678       2.242       2.316       1.735
20160307       1.628       2.196       2.251       1.723
20160308       1.600       2.151       2.197       1.550
20160309       1.635       2.111       2.151       1.652
20160310       1.719       2.066       2.136       1.812
20160311       1.644       2.025       2.080       1.861
20160312       1.639       1.982       2.080       1.860
20160313       2.018       2.079       3.285       3.229
20160314       4.966       7.294      15.274      11.748
20160315       7.550       2.327      10.394       7.274
20160316       6.705       1.949      11.579      18.398
20160317       6.266       1.906       5.447      12.219
20160318       5.772       2.137       2.076       5.518
20160319       5.471       1.972       2.006       4.864
20160320       5.000       2.323       2.293       7.800
20160321       4.855       2.126       2.147       4.760
20160322       4.619       2.205       2.366       7.705
20160323   -9999.000   -9999.000       1.958       3.697
20160324       3.520       1.854   -9999.000   -9999.000
20160325       3.281       1.962   -9999.000   -9999.000
20160326       3.694       2.150   -9999.000   -9999.000
20160327      14.110       9.201       8.143      11.806
20160328      14.376      11.197       7.347      11.030
20160329      12.889      17.009      12.829      19.676
20160330       9.787       2.453       4.153       6.470
20160331       5.690       2.117       2.129       4.499
20160401       4.137       2.088       2.136       5.265
20160402       3.595       2.084       2.576       8.076
20160403       4.317       2.164       2.830       4.874
20160404       4.743       3.460       4.673       7.736
20160405       7.455      10.018       9.711      14.602
20160406       9.249       2.594      10.691      11.181
20160407       8.764       4.721       2.866       4.278
20160408       7.109       2.307       2.156       5.179
20160409       5.161       2.036       2.090       5.181
20160410       4.443       1.998       2.037       4.781
20160411       4.078       1.960       1.998       4.172
20160412       4.084       1.956       1.957       3.804
20160413       4.244       2.165       1.937       3.800
20160414       4.254       2.174       1.963       4.021
20160415       3.907       2.488       2.163       5.054
20160416       3.605       2.024       2.154       3.720
20160417       3.317       1.938       1.979       3.409
20160418       3.799       5.104       2.680       5.298
20160419       5.120       5.104       6.566       7.106
20160420       5.127       2.974       4.695       4.482
20160421       5.413       7.728       6.159      12.179
20160422       5.976       5.354       3.815       4.401
20160423       4.330       2.185       2.424       2.579
20160424       3.585       2.060       2.107       3.603
20160425       3.124       2.006       2.133       3.362
20160426       2.832       1.949       2.011       3.029
20160427       2.598       1.905       1.954       2.816
20160428       2.556       1.890       1.914       2.541
20160429       2.682       3.017       2.072       2.816
20160430       2.565       2.788       2.154       3.107
20160501       2.742       8.969       2.480       3.199
20160502       3.293       7.981       6.122       4.992
20160503      11.944      19.915      14.803       8.358
20160504      10.495       4.039       9.238      10.540
20160505       8.859      15.480       8.499       8.242
20160506      11.193      22.983      16.099      15.017
20160507      13.225      23.140      21.873      15.311
20160508      27.549      36.065      30.354      19.611
20160509      33.598      45.772      37.472      33.614
20160510      31.850      51.102      36.408      29.523
20160511      29.207      36.204      36.770      24.634
20160512      28.223      39.536      30.494      23.494
20160513      16.624       4.214      10.774       9.352
20160514      10.962       3.128       3.164       3.712
20160515       8.186       3.203       3.135       9.735
20160516       7.401       5.581       3.091       7.320
20160517       7.925       8.541       4.116       8.925
20160518       8.018       5.581       3.874       5.749
20160519       7.278       6.033       3.992       7.941
20160520       8.975      18.596       8.881      11.849
20160521      16.401      24.908      21.376      19.299
20160522      27.050      35.522      29.732      16.507
20160523      29.752      48.052      32.576      27.155
20160524      22.206      12.803      19.244      14.693
20160525      19.364      23.854       9.299      10.764
20160526      18.439      34.789      20.748      29.139
20160527      19.243      42.867      29.987      20.554
20160528      22.774      50.877      36.474      17.492
20160529      25.699      42.430      49.295      30.459
20160530      32.626      46.375      35.955      22.330
20160531      63.488      76.740      51.639      41.495
20160601      62.393      45.586      67.313      49.593
20160602      62.816      62.624      53.124      48.826
20160603      60.927      67.421      55.591      59.639
20160604      48.877      58.062      49.205      43.364
20160605      36.871      61.006      44.161      39.590
20160606      35.880      63.342      48.697      38.071
20160607      39.868      63.412      49.351      32.737
20160608      40.292      42.652      40.705      31.571
20160609      27.831      23.738      19.147      18.376
20160610      21.194      15.621       9.848      14.220
20160611      18.197      27.160      14.186      18.654
20160612      17.618      31.324      23.692      22.806
20160613      18.855      36.729      25.845      16.477
20160614      20.557      31.096      27.853      16.541
20160615      24.018      47.043      35.895      21.224
20160616      31.571      51.393      41.187      30.596
20160617      33.483      47.840      40.417      28.700
20160618      32.122      41.231      34.932      24.398
20160619      26.180      19.671      22.097      20.216
20160620      20.822      18.268      11.914      14.438
20160621      29.146      30.790      28.592      33.838
20160622      26.398      22.893      33.183      25.998
20160623      26.693      31.955      24.949      24.083
20160624      30.790      33.438      35.359      31.995
20160625      39.202      57.895      40.842      35.185
20160626      38.695      29.167      41.986      30.753
20160627      65.956      65.476      38.121      34.010
20160628      47.887      32.409      41.850      42.712
20160629      31.406      17.181      20.733      18.812
20160630      34.894      30.667      21.486      25.986
20160701      37.205      21.957      27.596      29.081
20160702      32.744      32.199      24.667      27.217
20160703      31.530      35.549      41.214      40.558
20160704      24.900      23.262      26.863      20.980
20160705      20.646      21.837      24.652      20.045
20160706      20.639      25.352      17.622      17.632
20160707      18.146      13.641      18.915      15.318
20160708      18.259      21.590      16.161      17.303
20160709      22.674      35.802      31.415      30.723
20160710      25.553      21.058      30.319      25.049
20160711      28.989      35.784      37.807      32.888
20160712      28.989      31.022      35.705      34.361
20160713      32.488      49.807      32.487      27.168
20160714      28.223      27.683      35.001      28.497
20160715      25.151      23.738      20.883      17.621
20160716      30.081      31.896      23.578      24.138
20160717      50.926      67.665      62.468      51.458
20160718      38.391      23.120      39.823      36.012
20160719      26.892      21.433      20.046      18.297
20160720      31.822      27.178      30.912      36.794
20160721      42.177      32.149      35.786      32.867
20160722      49.357      44.761      46.822      51.340
20160723      43.494      39.611      47.960      49.523
20160724      35.573      31.373      35.193      32.339
20160725      36.261      35.972      36.319      34.092
20160726      53.068      84.023      45.002      45.059
20160727      41.362      29.274      63.096      47.892
20160728      44.305      39.104      42.546      37.919
20160729      42.722      40.646      35.898      34.910
20160730      36.421      32.418      38.395      32.712
20160731      28.881      26.353      25.445      24.188
