date          Qobs       Qsimobs        Qsim       Qusi
20150801       0.065       0.062       0.074       0.058
20150802       0.077       0.157       0.075       0.066
20150803       0.079       0.078       0.116       0.079
20150804       0.079       0.067       0.078       0.059
20150805       0.117       0.261       0.123       0.118
20150806       0.123       0.129       0.191       0.140
20150807       0.112       0.102       0.154       0.117
20150808       0.100       0.080       0.101       0.084
20150809       0.088       0.068       0.080       0.079
20150810       0.079       0.063       0.068       0.075
20150811       0.079       0.062       0.063       0.072
20150812       0.081       0.107       0.068       0.083
20150813       0.073       0.064       0.087       0.076
20150814       0.065       0.060       0.064       0.064
20150815       0.057       0.059       0.060       0.062
20150816       0.064       0.225       0.060       0.056
20150817       0.077       0.185       0.117       0.068
20150818       0.074       0.116       0.164       0.080
20150819       0.067       0.083       0.118       0.063
20150820       0.060       0.070       0.083       0.050
20150821       0.053       0.064       0.070       0.050
20150822       0.047       0.059       0.064       0.050
20150823       0.041       0.058       0.060       0.043
20150824       0.038       0.056       0.058       0.042
20150825       0.089       0.269       0.085       0.057
20150826       0.334       0.481       0.320       0.160
20150827       0.686       0.698       0.398       0.378
20150828       0.643       0.430       0.650       0.732
20150829       0.355       0.302       0.402       0.510
20150830       0.239       0.241       0.307       0.302
20150831       0.166       0.190       0.241       0.209
20150901       0.158       0.147       0.198       0.160
20150902       0.673       0.704       0.272       0.226
20150903       1.060       0.806       0.593       0.779
20150904       0.598       0.376       0.651       0.854
20150905       0.364       0.297       0.377       0.448
20150906       0.246       0.257       0.308       0.298
20150907       0.167       0.161       0.246       0.211
20150908       0.133       0.124       0.196       0.149
20150909  -10000.000       0.091       0.153       0.117
20150910  -10000.000       0.075       0.092       0.102
20150911  -10000.000       0.070       0.075       0.075
20150912  -10000.000       0.068       0.072       0.072
20150913  -10000.000       0.263       0.093       0.093
20150914  -10000.000       0.261       0.240       0.215
20150915  -10000.000       0.907       0.307       0.291
20150916  -10000.000       1.064       0.552       0.474
20150917  -10000.000       0.557       0.764       0.690
20150918  -10000.000       0.650       0.627       0.612
20150919  -10000.000       0.363       0.543       0.496
20150920  -10000.000       0.290       0.363       0.363
20150921  -10000.000       0.228       0.290       0.290
20150922  -10000.000       0.183       0.235       0.235
20150923  -10000.000       0.247       0.208       0.208
20150924  -10000.000       0.163       0.221       0.208
20150925  -10000.000       0.287       0.222       0.222
20150926  -10000.000       0.176       0.242       0.224
20150927  -10000.000       0.137       0.176       0.176
20150928  -10000.000       0.091       0.137       0.137
20150929  -10000.000       0.077       0.105       0.105
20150930  -10000.000       0.067       0.080       0.080
20151001  -10000.000       0.065       0.073       0.073
20151002  -10000.000       0.063       0.071       0.071
20151003  -10000.000       0.061       0.063       0.063
20151004  -10000.000       0.064       0.061       0.061
20151005  -10000.000       0.062       0.059       0.059
20151006  -10000.000       0.061       0.058       0.058
20151007  -10000.000       0.061       0.061       0.061
20151008  -10000.000       0.060       0.061       0.061
20151009  -10000.000       0.064       0.065       0.063
20151010  -10000.000       0.069       0.092       0.073
20151011  -10000.000       0.061       0.071       0.069
20151012  -10000.000       0.061       0.062       0.062
20151013  -10000.000       0.059       0.060       0.061
20151014       0.091       0.057       0.058       0.058
20151015       0.086       0.056       0.057       0.057
20151016       0.081       0.055       0.056       0.056
20151017       0.076       0.055       0.055       0.080
20151018       0.071       0.054       0.055       0.077
20151019       0.067       0.054       0.054       0.069
20151020       0.063       0.053       0.054       0.067
20151021       0.062       0.053       0.053       0.063
20151022       0.064       0.058       0.053       0.060
20151023       0.068       0.054       0.055       0.061
20151024       0.067       0.053       0.054       0.066
20151025       0.067       0.054       0.054       0.065
20151026       0.064       0.052       0.054       0.068
20151027       0.062       0.052       0.053       0.065
20151028       0.059       0.052       0.052       0.062
20151029       0.057       0.051       0.052       0.059
20151030       0.056       0.051       0.051       0.055
20151031       0.060       0.093       0.052       0.057
20151101       0.063       0.054       0.053       0.059
20151102       0.062       0.053   -9999.000   -9999.000
20151103       0.061       0.052       0.053       0.060
20151104       0.058       0.051       0.052       0.060
20151105       0.056       0.050       0.051       0.058
20151106       0.057       0.051       0.051       0.057
20151107       0.074       0.125       0.075       0.079
20151108       0.102       0.280       0.098       0.076
20151109       0.134       0.349       0.197       0.142
20151110       0.134       0.268       0.306       0.168
20151111       0.124       0.196       0.249       0.146
20151112       0.118       0.181       0.201       0.118
20151113       0.127       0.258       0.166       0.108
20151114       0.130       0.170       0.152       0.114
20151115       0.120       0.148       0.170       0.106
20151116       0.115       0.112       0.144       0.108
20151117       0.112       0.108       0.113       0.091
20151118       0.105       0.073       0.090       0.085
20151119       0.101       0.071       0.071       0.084
20151120       0.095       0.068       0.070       0.095
20151121       0.088       0.066       0.068       0.092
20151122       0.082       0.064       0.066       0.088
20151123       0.076       0.063       0.064       0.081
20151124       0.072       0.063       0.064       0.077
20151125       0.069       0.061       0.063       0.071
20151126       0.065       0.060       0.061       0.068
20151127       0.066       0.058       0.104       0.111
20151128       0.089       0.236       0.060       0.064
20151129       0.100       0.126       0.117       0.121
20151130       0.101       0.079       0.128       0.082
20151201       0.097       0.062       0.096       0.076
20151202       0.093       0.063       0.064       0.072
20151203       0.089       0.062       0.064       0.091
20151204       0.093       0.074       0.065       0.092
20151205       0.108       0.073       0.154       0.186
20151206       0.214       1.134       0.078       0.100
20151207       0.245       0.366       0.361       0.275
20151208       0.174       0.292       0.380       0.200
20151209       0.181       0.485       0.296       0.158
20151210       0.196       0.319       0.271       0.174
20151211       0.172       0.249       0.310       0.175
20151212       0.147       0.195       0.249       0.158
20151213       0.133       0.153       0.195       0.130
20151214       0.122       0.118       0.153       0.111
20151215       0.112       0.089       0.118       0.096
20151216       0.104       0.071       0.089       0.084
20151217       0.100       0.073       0.127       0.128
20151218       0.101       0.138       0.121       0.158
20151219       0.115       0.180       0.177       0.185
20151220       0.236       0.540       0.273       0.178
20151221       0.424       0.536   -9999.000   -9999.000
20151222       0.314       0.330   -9999.000   -9999.000
20151223       0.232       0.268       0.329       0.246
20151224       0.180       0.214       0.269       0.210
20151225       0.190       0.179       0.216       0.158
20151226       0.158       0.135       0.176       0.157
20151227       0.143       0.104       0.137       0.129
20151228       0.134       0.077       0.105       0.108
20151229       0.125       0.073       0.078       0.095
20151230       0.120       0.073       0.074       0.120
20151231       0.117       0.073       0.074       0.117
20160101       0.117       0.077       0.074       0.113
20160102       0.113       0.076       0.079       0.113
20160103       0.109       0.075       0.077       0.110
20160104       0.104       0.072       0.075       0.105
20160105       0.099       0.070       0.072       0.101
20160106       0.094       0.068       0.070       0.095
20160107       0.090       0.066       0.068       0.093
20160108       0.085       0.065       0.066       0.085
20160109       0.081       0.064       0.065       0.082
20160110       0.082       0.064       0.064       0.081
20160111       0.081       0.063       0.070       0.081
20160112       0.078       0.061       0.064       0.080
20160113       0.077       0.061       0.061       0.077
20160114       0.077       0.060       0.062       0.076
20160115       0.073       0.059       0.061       0.076
20160116       0.071       0.058       0.060       0.073
20160117       0.067       0.057       0.059       0.068
20160118       0.064       0.056       0.057       0.067
20160119       0.061       0.055       0.056       0.064
20160120       0.058       0.054       0.055       0.059
20160121       0.056       0.054       0.054       0.058
20160122       0.053       0.053       0.053       0.055
20160123       0.053       0.057       0.053       0.052
20160124       0.051       0.053       0.057       0.052
20160125       0.051       0.055       0.137       0.130
20160126       0.056       0.215       0.110       0.105
20160127       0.062       0.116       0.178       0.100
20160128       0.068       0.088       0.116       0.051
20160129       0.069       0.064       0.089       0.051
20160130       0.076       0.062       0.068       0.054
20160131       0.077       0.060       0.065       0.066
20160201       0.077       0.057       0.064       0.075
20160202       0.082       0.067       0.061       0.079
20160203       0.080       0.062       0.068       0.077
20160204       0.075       0.059       0.062       0.078
20160205       0.072       0.058       0.059       0.074
20160206       0.070       0.061       0.059       0.072
20160207       0.071       0.064       0.062       0.070
20160208       0.074       0.064       0.066       0.072
20160209       0.076       0.071       0.066       0.074
20160210       0.073       0.062       0.071       0.072
20160211       0.070       0.060       0.062       0.072
20160212       0.066       0.059       0.060       0.066
20160213       0.062       0.057       0.059       0.066
20160214       0.059       0.056       0.057       0.060
20160215       0.056       0.054       0.056       0.059
20160216       0.053       0.053       0.054       0.054
20160217       0.051       0.052       0.053       0.053
20160218       0.049       0.051       0.052       0.052
20160219       0.048       0.051       0.051       0.051
20160220       0.050       0.058       0.052       0.052
20160221       0.049       0.053       0.060       0.055
20160222       0.047       0.051       0.053       0.053
20160223       0.046       0.050       0.051       0.051
20160224       0.044       0.049       0.050       0.050
20160225       0.043       0.048       0.049       0.049
20160226       0.041       0.047       0.048       0.048
20160227       0.040       0.046       0.047       0.047
20160228       0.039       0.045       0.046       0.046
20160229       0.037       0.044       0.045       0.045
20160301       0.037       0.044       0.044       0.044
20160302       0.039       0.048       0.046       0.046
20160303       0.041       0.050       0.051       0.048
20160304       0.041       0.049       0.051       0.048
20160305       0.040       0.047       0.049       0.048
20160306       0.040       0.048       0.048       0.047
20160307       0.040       0.048       0.049       0.048
20160308       0.039       0.045       0.048       0.047
20160309       0.038       0.044       0.045       0.045
20160310       0.037       0.044       0.045       0.045
20160311       0.035       0.043       0.044       0.044
20160312       0.034       0.042       0.043       0.043
20160313       0.033       0.041       0.042       0.042
20160314       0.037       0.144       0.043       0.043
20160315       0.043       0.222       0.102       0.076
20160316       0.046       0.185       0.248       0.088
20160317       0.050       0.325       0.245       0.058
20160318       0.052       0.393       0.361       0.076
20160319       0.054       0.313       0.338       0.059
20160320       0.053       0.248       0.296       0.053
20160321       0.052       0.186       0.240       0.052
20160322       0.051       0.185       0.189       0.050
20160323   -9999.000   -9999.000       0.140       0.047
20160324       0.048       0.051   -9999.000   -9999.000
20160325       0.047       0.044   -9999.000   -9999.000
20160326       0.046       0.043   -9999.000   -9999.000
20160327       0.050       0.054       0.049       0.055
20160328       0.055       0.049       0.052       0.052
20160329       0.064       0.060       0.057       0.064
20160330       0.062       0.052       0.061       0.062
20160331       0.060       0.050       0.052       0.061
20160401       0.057       0.049       0.050       0.059
20160402       0.055       0.050       0.050       0.057
20160403       0.054       0.048       0.051       0.056
20160404       0.053       0.048       0.050       0.058
20160405       0.061       0.205       0.092       0.085
20160406       0.079       0.272       0.179       0.102
20160407       0.098       0.217       0.204       0.101
20160408       0.107       0.194       0.204       0.101
20160409       0.108       0.137       0.179       0.104
20160410       0.104       0.102       0.138       0.088
20160411       0.101       0.079       0.102       0.086
20160412       0.100       0.059       0.079       0.078
20160413       0.102       0.050       0.074       0.093
20160414       0.102       0.054       0.073       0.128
20160415       0.103       0.090       0.054       0.099
20160416       0.102       0.053       0.067       0.102
20160417       0.101       0.050       0.053       0.082
20160418       0.101       0.049       0.050       0.105
20160419       0.100       0.049       0.050       0.098
20160420       0.099       0.048       0.050       0.100
20160421       0.102       0.047       0.048       0.097
20160422       0.110       0.046       0.047       0.099
20160423       0.111       0.046       0.046       0.103
20160424       0.109       0.045       0.046       0.107
20160425       0.109       0.045       0.045       0.107
20160426       0.108       0.049       0.046       0.108
20160427       0.103       0.046       0.049       0.108
20160428       0.099       0.045       0.046       0.100
20160429       0.097       0.045       0.046       0.096
20160430       0.100       0.051       0.047       0.099
20160501       0.097       0.049       0.053       0.096
20160502       0.097       0.047       0.050       0.095
20160503       0.102       0.052       0.054       0.160
20160504       0.113       0.051       0.053       0.097
20160505       0.126       0.126       0.051       0.115
20160506       0.148       0.209       0.132       0.218
20160507       0.234       0.372       0.240       0.248
20160508       0.414       0.688       0.451       0.386
20160509       0.687       0.878       0.758       0.658
20160510       0.917       0.921       0.926       0.805
20160511       1.066       0.861       0.962       0.942
20160512       1.095       0.741       0.873       0.984
20160513       0.956       0.602       0.743       0.911
20160514       0.662       0.375       0.607       0.779
20160515       0.479       0.280       0.382       0.480
20160516       0.437       0.244       0.289       0.386
20160517       0.447       0.225       0.252       0.380
20160518       0.439       0.201       0.228       0.366
20160519       0.535       0.190       0.210       0.388
20160520       0.757       0.184       0.195       0.398
20160521       0.758       0.292       0.195       0.640
20160522       0.843       0.486       0.284       0.787
20160523       1.047       0.548       0.511       0.912
20160524       0.813       0.325       0.483       0.875
20160525       0.627       0.251       0.324       0.582
20160526       0.430       0.201       0.250       0.437
20160527       0.309       0.159       0.201       0.330
20160528       0.276       0.124       0.169       0.247
20160529       0.273       0.180       0.138       0.206
20160530       0.331       0.126       0.158       0.228
20160531       0.541       0.587       0.163       0.238
20160601       0.367       0.273       0.385       0.546
20160602       0.245       0.210       0.292       0.319
20160603       0.170       0.164       0.210       0.212
20160604       0.140       0.126       0.181       0.165
20160605       0.124       0.093       0.126       0.115
20160606       0.110       0.072       0.093       0.089
20160607       0.098       0.063       0.072       0.085
20160608       0.086       0.060       0.063       0.088
20160609       0.076       0.058       0.060       0.082
20160610       0.066       0.057       0.058       0.075
20160611       0.059       0.055       0.057       0.065
20160612       0.054       0.054       0.055       0.058
20160613       0.050       0.052       0.054       0.054
20160614       0.045       0.051       0.052       0.048
20160615       0.042       0.050       0.051       0.044
20160616       0.042       0.057       0.051       0.043
20160617       0.042       0.054       0.074       0.058
20160618       0.041       0.051       0.072       0.057
20160619       0.038       0.050       0.051       0.041
20160620       0.037       0.048       0.050       0.039
20160621       0.042       0.153       0.059       0.043
20160622       0.042       0.069       0.110       0.047
20160623       0.039       0.059       0.069       0.033
20160624       0.038       0.052       0.059       0.035
20160625       0.039       0.071       0.085       0.057
20160626       0.040       0.059       0.067       0.040
20160627       0.049       0.077       0.085       0.051
20160628       0.062       0.072       0.077       0.051
20160629       0.061       0.056       0.067       0.058
20160630       0.066       0.077       0.064       0.059
20160701       0.080       0.078       0.089       0.080
20160702       0.099       0.080       0.089       0.090
20160703       0.102       0.078       0.091       0.110
20160704       0.094       0.060       0.073       0.095
20160705       0.082       0.057       0.060       0.080
20160706       0.071       0.058       0.075       0.105
20160707       0.062       0.055       0.057       0.071
20160708       0.055       0.053       0.055       0.061
20160709       0.048       0.051       0.054       0.056
20160710       0.044       0.050       0.051       0.047
20160711       0.045       0.085       0.060       0.051
20160712       0.046       0.071       0.065       0.041
20160713       0.048       0.058       0.068       0.044
20160714       0.066       0.135       0.079       0.056
20160715       0.083       0.097       0.133       0.092
20160716       0.081       0.071       0.087       0.066
20160717       0.074       0.062       0.071       0.071
20160718       0.067       0.056       0.061       0.062
20160719       0.060       0.054       0.056       0.063
20160720       0.055       0.052       0.054       0.059
20160721       0.050       0.050       0.052       0.054
20160722       0.047       0.049       0.050       0.048
20160723       0.064       0.117       0.049       0.046
20160724       0.078       0.068       0.134       0.106
20160725       0.122       0.084       0.076       0.071
20160726       0.177       0.305       0.106       0.135
20160727       0.146       0.142       0.215       0.214
20160728       0.149       0.208       0.170       0.146
20160729       0.138       0.126       0.177       0.138
20160730       0.151       0.203       0.153       0.126
20160731       0.137       0.158       0.178       0.152
