date          Qobs       Qsimobs        Qsim       Qusi
20150801       0.320       0.391       0.474       0.244
20150802       0.820       3.002       0.812       0.668
20150803       0.631       0.682       1.534       0.576
20150804       0.797       0.436       0.663       0.358
20150805       2.786       5.221       2.339       2.003
20150806       1.538       1.011       3.126       2.113
20150807       0.957       0.632       2.050       1.864
20150808       0.672       0.473       0.693       0.655
20150809       0.512       0.445       0.473       0.576
20150810       0.428       0.672       0.445       0.500
20150811       0.672       0.514       0.426       0.440
20150812       0.840       2.780       0.755       0.476
20150813       0.565       0.504       1.768       0.870
20150814       0.429       0.445       0.579       0.310
20150815       0.354       0.424       0.445       0.406
20150816       5.360      11.614       1.288       1.121
20150817       3.274       4.693       4.880       2.340
20150818       1.643       1.473       3.898       2.827
20150819       0.966       0.640       1.473       1.003
20150820       0.706       0.495       0.640       0.520
20150821       0.559       0.466       0.495       0.559
20150822       0.451       0.439       0.466       0.536
20150823       0.382       0.413       0.439       0.438
20150824       0.383       0.388       0.413       0.392
20150825       8.950       4.556       2.541       2.178
20150826       6.274      12.530       5.530       8.091
20150827      12.946      11.393       9.576       7.844
20150828       5.599       6.012       9.206       8.134
20150829       2.639       2.024       4.680       4.105
20150830       1.766       0.933       2.278       1.933
20150831       1.197       0.532       0.908       0.760
20150901       1.066       0.502       0.695       0.990
20150902       8.978       9.926       2.154       3.072
20150903      13.835      19.125       7.587       6.453
20150904       3.393       4.005      10.702      10.061
20150905       2.092       1.790       3.870       2.544
20150906       1.443       0.673       1.907       1.477
20150907       0.987       0.588       0.673       0.614
20150908       0.797       0.555       0.586       0.842
20150909       0.662       0.524       0.553       0.754
20150910       0.570       0.494       0.524       0.634
20150911       0.495       0.466       0.494       0.557
20150912       0.824       1.455       0.472       0.489
20150913       3.366       4.621       2.241       1.359
20150914      12.675       5.586       5.539       5.314
20150915      26.593      16.686       6.630       8.507
20150916      13.484      16.025      15.563      19.713
20150917       8.526       5.373      11.497      10.383
20150918       3.891       5.403       5.635       5.445
20150919       2.156       1.730       4.164       2.910
20150920       1.379       0.697       1.730       1.320
20150921       1.007       0.618       0.724       0.631
20150922       1.170       0.617       0.714       0.921
20150923       1.456       2.520       1.334       1.930
20150924       1.820       0.851       1.913       1.349
20150925       2.689       3.938       2.333       2.196
20150926       1.661       0.904       2.676       2.525
20150927       1.136       0.650       0.907       0.748
20150928       0.904       0.614       0.650       0.786
20150929       0.802       0.581       0.614       0.829
20150930       0.664       0.436       0.581       0.749
20151001       0.592       0.411       0.548       0.630
20151002       0.542       0.388       0.518       0.542
20151003       0.498       0.366       0.388       0.514
20151004       0.431       0.436       0.366       0.470
20151005       0.407       0.411       0.345       0.389
20151006       0.428       0.407       0.326       0.354
20151007       0.468       0.698       0.398       0.400
20151008       0.482       0.439       0.605       0.528
20151009       0.728       1.838       0.665       0.644
20151010       0.933       1.297       1.832       0.982
20151011       0.811       0.826       1.079       0.941
20151012       0.774       1.068       0.785       0.677
20151013       0.790       0.677       0.849       0.736
20151014       0.679       0.490       0.577       0.532
20151015       0.586       0.463       0.490       0.561
20151016       0.498       0.437       0.467       0.560
20151017       0.447       0.413       0.471       0.493
20151018       0.415       0.391       0.473       0.469
20151019       0.394       0.378       0.394       0.399
20151020       0.381       0.363       0.375       0.384
20151021       0.377       0.337       0.392       0.410
20151022       0.471       0.625       0.460       0.477
20151023       0.487       0.442       0.621       0.472
20151024       0.441       0.341       0.429       0.414
20151025       0.536       0.504       0.442       0.428
20151026       0.493       0.354       0.336       0.448
20151027       0.428       0.334       0.352       0.448
20151028       0.390       0.315       0.334       0.408
20151029       0.361       0.298       0.315       0.365
20151030       0.352       0.286       0.298       0.330
20151031       0.418       0.920       0.433       0.504
20151101       0.447       0.360       0.387       0.284
20151102       0.412       0.324   -9999.000   -9999.000
20151103       0.363       0.307       0.324       0.288
20151104       0.329       0.289       0.307       0.357
20151105       0.329       0.279       0.291       0.328
20151106       0.423       0.396       0.322       0.324
20151107       2.555       2.526       1.360       0.908
20151108       3.324       5.301       1.711       1.144
20151109       3.642       4.354       3.672       4.190
20151110       2.640       1.877       3.476       2.913
20151111       1.766       0.649       1.655       1.591
20151112       1.485       0.985       0.620       0.665
20151113       2.327       2.175       0.606       0.844
20151114       1.886       0.681       1.162       1.311
20151115       1.236       0.554       0.576       0.722
20151116       0.943       0.613       0.530       0.828
20151117       0.897       0.673       0.641       0.894
20151118       0.789       0.463       0.500       0.730
20151119       0.715       0.501       0.497       0.692
20151120       0.665       0.395       0.413       0.545
20151121       0.939       0.369       0.389       0.536
20151122       2.557       0.347       0.367       0.644
20151123       1.896       0.328       0.346       1.224
20151124       0.740       0.352       0.374       1.423
20151125       0.648       0.299       0.316       0.499
20151126       0.506       0.277       0.389       0.614
20151127       2.110       0.270       1.107       1.097
20151128       3.112       3.540       0.351       1.364
20151129       1.744       0.868       1.855       4.238
20151130       1.041       0.435       0.728       0.684
20151201       0.856       0.356       0.387       0.490
20151202       0.806       0.389       0.450       1.025
20151203       0.709       0.313       0.335       0.471
20151204       0.549       0.703       0.552       1.041
20151205       2.594       0.917       2.062       1.422
20151206       9.690      16.266       0.739       0.954
20151207       4.292       3.399       5.616      11.006
20151208       2.472       1.339       3.675       2.590
20151209       3.905       3.500       1.585       1.373
20151210       4.355       2.791       1.537       2.654
20151211       3.164       0.983       2.054       3.057
20151212       2.008       0.435       0.865       1.135
20151213       1.130       0.418       0.435       0.800
20151214       1.394       0.386       0.410       0.808
20151215       2.242       0.364       0.386       0.858
20151216       4.057       0.344       0.364       1.009
20151217       2.054       0.404       1.199       4.710
20151218       0.854       0.802       1.525       7.979
20151219       1.077       1.971       1.844       3.020
20151220       6.998       5.519       3.749       1.978
20151221       5.568       7.123   -9999.000   -9999.000
20151222       2.733       2.740   -9999.000   -9999.000
20151223       1.803       1.260       2.561       1.655
20151224       1.469       0.638       1.383       1.159
20151225       2.622       2.645       0.724       0.790
20151226       1.633       0.856       1.528       1.613
20151227       1.805       0.523       0.882       1.030
20151228       2.298       0.501       0.530       0.892
20151229       3.391       0.446       0.464       0.916
20151230       2.223       0.493       0.505       1.948
20151231       1.483       0.880       0.531       1.353
20160101       1.230       0.629       0.660       1.146
20160102  -10000.000       0.560       0.475       0.619
20160103  -10000.000       0.442       0.403       0.686
20160104  -10000.000       0.366       0.375       0.375
20160105  -10000.000       0.324       0.348       0.347
20160106  -10000.000       0.301       0.324       0.324
20160107       0.315       0.282       0.299       0.299
20160108  -10000.000       0.275       0.290       0.290
20160109       0.192       0.257       0.271       0.271
20160110  -10000.000       0.416       0.294       0.294
20160111       0.317       0.342       0.336       0.334
20160112       0.400       0.226       0.243       0.242
20160113       0.404       0.263       0.228       0.326
20160114       0.277       0.393       0.282       0.386
20160115       0.296       0.186       0.201       0.138
20160116       0.265       0.191       0.227       0.318
20160117       0.228       0.165       0.179       0.218
20160118       0.236       0.155       0.165       0.202
20160119       0.206       0.146       0.155       0.186
20160120       0.182       0.138       0.146       0.196
20160121       0.167       0.130       0.138       0.169
20160122       0.198       0.123       0.130       0.162
20160123       0.212       0.220       0.156       0.186
20160124       0.223       0.114       0.124       0.205
20160125       0.290       0.110       0.615       0.570
20160126       0.383       0.976       0.180       0.276
20160127       0.408       0.419       0.471       0.558
20160128       0.777       0.430       0.311       0.194
20160129       1.184       0.167       0.182       0.288
20160130       1.219       0.525       0.377       1.241
20160131       1.558       0.297       0.207       0.366
20160201       1.961       0.131       0.152       0.552
20160202       2.207       0.545       0.316       1.367
20160203       2.425       0.228       0.160       0.404
20160204       0.854       0.110       0.121       0.360
20160205       1.936       0.102       0.110       0.220
20160206       2.292       0.226       0.183       1.313
20160207       2.600       0.281       0.243       1.391
20160208       3.372       0.872       0.328       1.609
20160209       2.550       0.499       0.670       1.683
20160210       1.142       0.101       0.183       0.544
20160211       0.972       0.093       0.101       0.391
20160212       0.809       0.086       0.093       0.593
20160213       0.897       0.081       0.087       0.421
20160214       0.863       0.074       0.080       0.545
20160215       0.519       0.069       0.074       0.548
20160216       0.596       0.065       0.069       0.069
20160217       0.974       0.062       0.072       0.072
20160218       0.871       0.061       0.073       0.073
20160219       0.618       0.098       0.078       0.078
20160220       0.508       0.217       0.179       0.179
20160221       0.630       0.104       0.136       0.134
20160222       0.673       0.056       0.073       0.072
20160223       0.648       0.045       0.049       0.048
20160224       0.509       0.042       0.045       0.045
20160225       0.490       0.040       0.044       0.044
20160226       0.324       0.037       0.040       0.040
20160227       0.479       0.035       0.037       0.037
20160228       0.354       0.033       0.035       0.035
20160229       0.306       0.031       0.033       0.033
20160301       0.242       0.029       0.031       0.031
20160302       0.232       0.268       0.208       0.208
20160303       0.430       0.198       0.177       0.175
20160304       0.604       0.115       0.096       0.095
20160305       0.736       0.049       0.056       0.055
20160306       0.674       0.090       0.076       0.076
20160307       0.603       0.092       0.102       0.102
20160308       0.828       0.025       0.033       0.032
20160309       0.540       0.024       0.027       0.027
20160310       0.548       0.023       0.035       0.035
20160311       0.736       0.019       0.021       0.021
20160312       0.600       0.017       0.019       0.019
20160313       0.466       0.019       0.019       0.019
20160314       0.623       1.150       0.263       0.304
20160315       1.024       2.637       1.564       1.830
20160316       1.566       2.622       3.390       3.522
20160317       1.674       4.732       3.909       3.626
20160318       1.502       4.713       4.255       4.540
20160319       2.924       1.820       3.479       3.738
20160320       2.315       0.979       1.783       2.284
20160321       1.325       0.594       0.921       1.034
20160322       1.184       0.611       0.570       0.734
20160323   -9999.000   -9999.000       0.409       0.430
20160324       1.142       0.263   -9999.000   -9999.000
20160325       1.093       0.280   -9999.000   -9999.000
20160326       1.669       0.239   -9999.000   -9999.000
20160327       2.301       3.499       0.619       0.640
20160328       2.649       2.355       1.793       1.908
20160329       2.967       2.763       1.956       2.576
20160330       1.704       0.684       1.624       1.443
20160331       1.827       0.394       0.641       0.641
20160401       1.537       0.304       0.392       0.392
20160402       0.635       0.371       0.374       0.414
20160403       0.686       0.605       0.527       1.191
20160404       0.966       1.340       0.788       0.910
20160405       3.549       4.242       2.120       2.107
20160406       3.555       4.652       3.739       3.398
20160407       3.274       3.554       3.206       3.289
20160408       3.514       2.488       2.892       3.282
20160409       3.627       0.987       1.975       1.982
20160410       5.136       0.463       0.881       0.914
20160411       5.377       0.729       0.577       0.758
20160412       3.600       0.633       0.533       0.655
20160413       3.586       1.297       0.744       0.888
20160414       3.131       1.910       1.657       1.838
20160415       2.118       2.985       1.494       1.816
20160416       3.772       1.062       1.952       2.139
20160417       4.213       1.139       1.029       1.224
20160418       1.794       1.131       0.907       1.320
20160419       1.396       0.653       0.863       0.912
20160420       1.289       1.066       0.673       0.784
20160421       1.785       1.034       0.922       1.220
20160422       1.584       0.881       0.799       1.315
20160423       1.469       0.514       0.691       0.874
20160424       1.282       0.503       0.516       0.730
20160425       0.987       0.469       0.487       0.931
20160426       0.864       0.542       0.587       0.920
20160427       0.776       0.414       0.451       0.602
20160428       0.743       0.391       0.425       0.679
20160429       0.701       0.389       0.434       0.676
20160430       0.708       0.561       0.482       0.750
20160501       0.706       0.517       0.470       0.635
20160502       0.780       1.478       0.424       0.630
20160503       1.378       2.568       1.781       2.604
20160504       2.235       2.407       1.982       0.982
20160505       2.594       3.129       2.138       2.082
20160506       3.225       3.807       2.906       2.998
20160507       4.504       5.867       3.792       3.740
20160508       7.134       8.672       5.891       5.106
20160509       8.923      10.122       8.775       8.664
20160510      10.379      10.026       9.500       8.360
20160511      10.380       9.603       9.567       8.652
20160512      10.150       8.020       8.175       8.524
20160513       7.228       7.198       6.523       6.885
20160514       4.045       3.660       5.488       5.815
20160515       3.423       2.332       3.281       3.173
20160516       3.798       2.120       2.292       2.241
20160517       3.461       2.916       2.237       3.366
20160518       3.235       3.045       2.687       3.525
20160519       4.361       3.910       3.223       3.318
20160520       6.540       5.574       3.882       3.943
20160521       5.659       5.078       5.203       6.747
20160522      10.400       8.459       5.323       5.391
20160523      15.337       9.629       8.656       8.431
20160524       9.099       6.411       7.388      10.404
20160525       4.900       3.939       5.169       6.109
20160526       3.484       3.952       3.638       3.657
20160527       3.851       3.947       3.917       3.545
20160528       3.551       3.995       4.012       3.204
20160529       3.541       4.097       3.643       2.878
20160530       7.181       2.738       3.270       2.867
20160531       7.245      16.617       4.946       4.204
20160601       3.117       5.146      10.677       9.128
20160602       2.269       3.220       5.099       1.674
20160603       1.904       1.935       3.251       1.524
20160604       1.539       1.698       1.935       1.218
20160605       1.429       1.407       1.643       1.332
20160606       0.962       1.120       1.398       1.288
20160607       0.762       0.935       1.110       0.871
20160608       0.650       0.777       0.933       0.708
20160609       0.618       0.638       0.767       0.591
20160610       0.647       0.557       0.630       0.538
20160611       0.485       0.499       0.657       0.758
20160612       0.409       0.475       0.591       0.589
20160613       0.768       0.447       0.473       0.386
20160614       1.129       0.421       0.447       0.476
20160615       0.928       0.397       0.422       1.004
20160616       0.352       0.920       0.522       1.308
20160617       0.317       0.671       0.735       0.368
20160618       0.301       0.413       0.608       0.268
20160619       0.286       0.388       0.412       0.290
20160620       0.510       0.365       0.388       0.266
20160621       0.696       4.343       1.123       1.472
20160622       0.471       0.750       2.515       0.901
20160623       0.426       0.428       0.750       0.223
20160624       0.382       0.402       0.428       0.301
20160625       0.398       1.187       1.204       1.036
20160626       0.552       0.668       1.483       0.762
20160627       0.700       2.107       0.889       0.501
20160628       0.619       1.120       1.325       0.630
20160629       0.468       0.474       0.912       0.450
20160630       1.006       1.586       0.935       0.600
20160701       1.300       1.286       2.014       1.655
20160702       1.862       2.094       1.943       1.504
20160703       1.319       1.300       1.944       1.799
20160704       0.904       0.627       1.260       1.088
20160705       0.585       0.515       0.626       0.634
20160706       0.477       0.485       0.686       0.672
20160707       0.507       0.455       0.484       0.474
20160708       0.362       0.430       0.456       0.499
20160709       0.339       0.403       0.430       0.377
20160710       0.341       0.381       0.403       0.290
20160711       0.550       0.780       0.478       0.420
20160712       0.531       1.756       1.006       0.646
20160713       1.083       0.437       1.046       0.484
20160714       3.092       3.698       0.923       0.821
20160715       2.733       3.611       3.722       3.699
20160716       0.680       0.978       1.927       1.684
20160717       0.587       0.947       0.958       0.386
20160718       0.497       0.495       0.754       0.412
20160719       0.362       0.466       0.495       0.392
20160720       0.332       0.444       0.469       0.368
20160721       0.302       0.414       0.441       0.334
20160722       0.316       0.420       0.514       0.364
20160723       1.792       1.771       0.406       0.266
20160724       2.614       0.738       2.077       2.128
20160725       5.877       2.079       1.773       3.099
20160726       5.105       4.844       1.808       2.913
20160727       2.080       1.060       3.193       3.688
20160728       3.773       3.389       2.208       2.108
20160729       3.899       0.853       2.242       2.601
20160730       3.127       4.024       1.569       2.295
20160731       2.050       2.096       2.306       2.418
