date          Qobs       Qsimobs        Qsim       Qusi
20150801       0.303       0.591       0.648       0.646
20150802       0.298       0.768       0.685       0.685
20150803  -10000.000       0.577       0.673       0.648
20150804  -10000.000       0.543       0.578       0.204
20150805  -10000.000       1.993       0.921       0.920
20150806  -10000.000       1.035       1.425       1.289
20150807  -10000.000       0.915       1.044       1.043
20150808       0.300       0.788       0.899       0.895
20150809       0.261       0.696       0.788       0.788
20150810  -10000.000       0.642       0.696       0.696
20150811  -10000.000       0.596       0.640       0.309
20150812  -10000.000       0.799       0.598       0.598
20150813  -10000.000       0.574       0.669       0.643
20150814  -10000.000       0.541       0.574       0.574
20150815       0.168       0.509       0.541       0.541
20150816       0.158       0.527       0.513       0.513
20150817  -10000.000       0.476       0.496       0.492
20150818  -10000.000       0.448       0.472       0.166
20150819  -10000.000       0.426       0.448       0.448
20150820  -10000.000       0.404       0.426       0.426
20150821  -10000.000       0.384       0.404       0.404
20150822       0.106       0.365       0.384       0.384
20150823       0.099       0.348       0.365       0.365
20150824  -10000.000       0.329       0.347       0.347
20150825  -10000.000       0.560       0.450       0.136
20150826  -10000.000       2.282       1.207       1.175
20150827  -10000.000       1.977       1.577       1.412
20150828  -10000.000       1.594       1.810       1.727
20150829       0.762       1.179       1.451       1.418
20150830       0.681       1.044       1.183       1.182
20150831  -10000.000       0.925       1.037       1.036
20150901  -10000.000       0.822       0.924       0.637
20150902  -10000.000       3.098       1.173       1.172
20150903  -10000.000       3.421       2.640       2.432
20150904  -10000.000       2.370       2.614       2.464
20150905       1.329       2.053       2.287       2.268
20150906       1.228       1.804       2.014       2.021
20150907  -10000.000       1.578       1.777       1.773
20150908  -10000.000       1.426       1.577       1.172
20150909  -10000.000       1.286       1.428       1.427
20150910  -10000.000       1.161       1.288       1.288
20150911  -10000.000       1.047       1.163       1.163
20150912       0.530       0.978       1.047       1.047
20150913       0.577       1.762       1.007       0.994
20150914  -10000.000       1.473       1.453       1.374
20150915  -10000.000       2.528       1.652       0.527
20150916  -10000.000       5.062       2.591       2.499
20150917  -10000.000       2.842       3.715       3.354
20150918  -10000.000       3.649       2.955       2.921
20150919       3.070       2.414       3.064       2.950
20150920       2.427       2.139       2.412       2.411
20150921  -10000.000       1.943       2.136       2.137
20150922  -10000.000       1.769       1.942       2.143
20150923  -10000.000       2.264       2.011       2.010
20150924  -10000.000       1.734       2.037       1.970
20150925  -10000.000       1.982       2.040       2.037
20150926       1.215       1.578       1.819       1.783
20150927       1.043       1.431       1.577       1.577
20150928  -10000.000       1.298       1.431       1.431
20150929  -10000.000       1.177       1.298       0.950
20150930  -10000.000       0.827       1.177       1.177
20151001  -10000.000       0.762       1.066       1.066
20151002  -10000.000       0.702       0.959       0.959
20151003       0.501       0.646       0.702       0.702
20151004       0.460       0.744       0.645       0.645
20151005  -10000.000       0.684       0.604       0.604
20151006  -10000.000       0.636       0.559       0.434
20151007  -10000.000       0.617       0.635       0.635
20151008  -10000.000       0.582       0.616       0.623
20151009  -10000.000       0.675       0.664       0.722
20151010  -10000.000       0.652       0.648       0.630
20151011       0.368       0.578       0.619       0.630
20151012  -10000.000       0.552       0.576       0.578
20151013  -10000.000       0.530       0.546       0.550
20151014  -10000.000       0.504       0.529       0.534
20151015  -10000.000       0.480       0.504       0.504
20151016  -10000.000       0.458       0.482       0.481
20151017       0.252       0.437       0.463       0.460
20151018       0.236       0.416       0.443       0.439
20151019  -10000.000       0.398       0.422       0.416
20151020  -10000.000       0.379       0.397       0.261
20151021  -10000.000       0.371       0.388       0.388
20151022  -10000.000       0.406       0.374       0.376
20151023  -10000.000       0.493       0.412       0.410
20151024       0.208       0.388       0.407       0.414
20151025       0.210       0.383       0.392       0.392
20151026       0.204       0.365       0.374       0.384
20151027  -10000.000       0.351       0.363       0.206
20151028  -10000.000       0.334       0.349       0.198
20151029  -10000.000       0.319       0.334       0.334
20151030  -10000.000       0.304       0.320       0.319
20151031  -10000.000       0.364       0.310       0.311
20151101       0.181       0.383       0.320       0.324
20151102       0.185       0.321   -9999.000   -9999.000
20151103  -10000.000       0.306       0.321       0.321
20151104  -10000.000       0.292       0.306       0.178
20151105  -10000.000       0.279       0.296       0.296
20151106  -10000.000       0.272       0.278       0.278
20151107  -10000.000       0.351       0.345       0.342
20151108       0.206       0.898       0.337       0.318
20151109       0.211       0.771       0.474       0.434
20151110  -10000.000       0.699       0.767   -9999.000
20151111  -10000.000       0.624       0.664       0.166
20151112  -10000.000       0.578       0.593       0.610
20151113  -10000.000       0.744       0.590       0.602
20151114  -10000.000       0.509       0.648       0.680
20151115       0.222       0.753       0.544       0.540
20151116       0.214       0.662       0.626       0.592
20151117  -10000.000       0.802       0.720   -9999.000
20151118  -10000.000       0.477       0.629       0.230
20151119  -10000.000       0.432       0.503       0.502
20151120  -10000.000       0.377       0.430       0.424
20151121  -10000.000       0.355       0.378       0.378
20151122       0.170       0.332       0.353       0.351
20151123       0.161       0.317       0.332       0.332
20151124  -10000.000       0.335       0.340   -9999.000
20151125  -10000.000       0.293       0.319       0.167
20151126  -10000.000       0.277       0.292       0.293
20151127  -10000.000       0.315       0.324       0.293
20151128  -10000.000       1.309       0.321       0.318
20151129       0.166       0.928       1.018       1.045
20151130       0.176       0.802       0.919       0.909
20151201  -10000.000       0.697       0.810       0.172
20151202  -10000.000       0.738       0.729       0.200
20151203  -10000.000       0.677       0.684       0.663
20151204  -10000.000       1.127       0.789       0.770
20151205  -10000.000       0.833       0.926       0.845
20151206       0.252       3.147       0.901       0.859
20151207       0.295       1.933       2.087       1.980
20151208  -10000.000       1.539       1.808       0.268
20151209  -10000.000       1.625       1.550       0.292
20151210  -10000.000       1.917       1.532       1.518
20151211  -10000.000       1.769       1.730       1.732
20151212  -10000.000       1.398       1.640       1.603
20151213       0.325       1.267       1.414       1.414
20151214       0.318       1.123       1.254       1.251
20151215  -10000.000       1.004       1.120       0.312
20151216  -10000.000       0.902       1.003       0.296
20151217  -10000.000       0.904       0.946       0.945
20151218  -10000.000       0.858       0.997       0.889
20151219  -10000.000       1.113       1.114       0.907
20151220       0.326       4.031       1.436       1.513
20151221       0.432       5.524   -9999.000   -9999.000
20151222  -10000.000       3.684   -9999.000   -9999.000
20151223  -10000.000       3.133       3.505       0.464
20151224  -10000.000       2.663       3.000       3.162
20151225  -10000.000       3.206       2.667       2.656
20151226  -10000.000       2.696       2.998       3.033
20151227       0.631       2.402       2.700       2.690
20151228       0.598       2.309       2.443       2.442
20151229  -10000.000       1.995       2.232       0.593
20151230  -10000.000       1.832       2.005       0.612
20151231  -10000.000       1.738       1.823       1.817
20160101  -10000.000       1.620       1.712       1.702
20160102  -10000.000       1.449       1.608       1.588
20160103       0.409       1.328       1.441       1.426
20160104       0.398       1.160       1.300       1.288
20160105  -10000.000       1.034       1.156       0.372
20160106  -10000.000       0.930       1.031       0.386
20160107  -10000.000       0.834       0.928       0.927
20160108  -10000.000       0.772       0.834       0.834
20160109  -10000.000       0.704       0.762       0.759
20160110       0.264       0.887       0.745       0.742
20160111       0.268       0.822       0.814       0.780
20160112  -10000.000       0.684       0.825       0.252
20160113  -10000.000       0.628       0.681       0.244
20160114  -10000.000       0.794       0.672       0.667
20160115  -10000.000       0.573       0.671       0.637
20160116  -10000.000       0.795       0.712       0.711
20160117       0.211       0.541       0.650       0.610
20160118       0.201       0.496       0.535       0.534
20160119  -10000.000       0.459       0.492       0.196
20160120  -10000.000       0.426       0.458       0.223
20160121  -10000.000       0.397       0.423       0.422
20160122  -10000.000       0.381       0.399       0.397
20160123       0.172       0.541       0.397       0.397
20160124       0.165       0.496       0.447       0.420
20160125       0.167       0.420       0.600       0.560
20160126  -10000.000       1.136       0.394       0.156
20160127  -10000.000       1.375       0.790       0.283
20160128  -10000.000       1.181       1.151       1.163
20160129  -10000.000       0.952       1.102       1.087
20160130       0.182       1.134       1.209       1.209
20160131       0.184       0.915       1.054       1.023
20160201       0.179       0.746       0.871       0.858
20160202  -10000.000       1.106       0.893       0.201
20160203  -10000.000       0.725       0.897       0.238
20160204  -10000.000       0.585       0.692       0.682
20160205  -10000.000       0.513       0.583       0.582
20160206       0.172       0.577       0.540       0.540
20160207       0.175       0.708       0.597       0.581
20160208       0.173       0.684       0.611       0.574
20160209  -10000.000       0.740       0.592       0.184
20160210  -10000.000       0.525       0.621       0.170
20160211  -10000.000       0.431       0.499       0.492
20160212  -10000.000       0.402       0.431       0.431
20160213       0.151       0.370       0.406       0.405
20160214       0.146       0.356       0.369       0.369
20160215       0.142       0.330       0.350       0.348
20160216  -10000.000       0.312       0.329       0.138
20160217  -10000.000       0.299       0.313       0.144
20160218  -10000.000       0.292       0.301       0.301
20160219  -10000.000       0.282       0.296       0.294
20160220       0.122       0.308       0.301       0.300
20160221       0.118       0.310       0.331       0.322
20160222       0.117       0.274       0.314       0.306
20160223  -10000.000       0.240       0.262       0.112
20160224  -10000.000       0.224       0.239       0.189
20160225  -10000.000       0.215       0.223       0.224
20160226  -10000.000       0.200       0.213       0.213
20160227       0.101       0.194       0.201       0.200
20160228       0.099       0.183       0.192       0.191
20160229       0.098       0.178       0.182       0.183
20160301  -10000.000       0.167       0.176       0.101
20160302  -10000.000       0.460       0.234       0.243
20160303  -10000.000       0.552       0.401       0.357
20160304  -10000.000       0.430       0.409       0.359
20160305       0.106       0.470       0.417       0.387
20160306       0.107       0.295       0.371       0.333
20160307       0.107       0.364       0.332       0.320
20160308  -10000.000       0.206       0.280       0.082
20160309  -10000.000       0.155       0.194       0.062
20160310  -10000.000       0.130       0.153       0.152
20160311  -10000.000       0.122       0.130       0.130
20160312       0.092       0.108       0.119       0.118
20160313       0.089       0.100       0.107       0.108
20160314       0.090       0.850       0.157       0.300
20160315  -10000.000       1.125       0.772       0.252
20160316  -10000.000       1.098       1.302       0.102
20160317  -10000.000       2.004       1.358       1.126
20160318  -10000.000       3.125       1.638       1.752
20160319       0.121       2.105       2.350       2.378
20160320       0.124       1.898       2.104       2.117
20160321       0.124       1.710       1.898       1.898
20160322  -10000.000       1.712       1.712       0.130
20160323   -9999.000   -9999.000       1.543       0.146
20160324  -10000.000       1.444   -9999.000   -9999.000
20160325  -10000.000       1.302   -9999.000   -9999.000
20160326  -10000.000       1.175   -9999.000   -9999.000
20160327       0.121       1.723       1.198       1.341
20160328  -10000.000       1.705       1.514       1.570
20160329  -10000.000       1.847       1.683       1.798
20160330  -10000.000       1.490       1.697       1.678
20160331  -10000.000       1.329       1.496       1.492
20160401  -10000.000       1.199       1.330       1.329
20160402       0.121       1.150       1.237       1.236
20160403       0.122       0.996       1.113       1.119
20160404  -10000.000       1.016       1.033       1.131
20160405  -10000.000       1.207       1.131       0.125
20160406  -10000.000       1.205       1.061       1.014
20160407  -10000.000       1.048       1.065       1.062
20160408  -10000.000       1.044       1.086       1.087
20160409       0.205       0.889       1.030       1.009
20160410       0.207       0.754       0.858       0.850
20160411  -10000.000       0.682       0.755       0.754
20160412  -10000.000       0.631       0.683       0.220
20160413  -10000.000       0.574       0.629       0.628
20160414  -10000.000       0.711       0.724       0.724
20160415  -10000.000       0.696       0.646       0.656
20160416       0.227       0.555       0.651       0.631
20160417       0.225       0.488       0.539       0.534
20160418  -10000.000       0.471       0.488       0.549
20160419  -10000.000       0.450       0.485       0.208
20160420  -10000.000       0.524       0.442       0.482
20160421  -10000.000       0.510       0.478       0.661
20160422  -10000.000       0.464       0.492       0.492
20160423       0.246       0.426       0.457       0.455
20160424       0.252       0.537       0.476       0.475
20160425  -10000.000       0.473       0.477       0.455
20160426  -10000.000       0.450       0.504       0.268
20160427  -10000.000       0.365       0.422       0.412
20160428  -10000.000       0.339       0.367       0.366
20160429  -10000.000       0.377       0.516       0.517
20160430       0.250       0.519       0.416       0.407
20160501       0.240       0.409       0.433       0.403
20160502  -10000.000       0.412       0.368       0.357
20160503  -10000.000       0.599       0.436       0.220
20160504  -10000.000       0.595       0.490       0.581
20160505  -10000.000       0.782       0.573       0.638
20160506  -10000.000       1.297       0.832       0.922
20160507       0.709       1.859       1.362       1.439
20160508       1.122       2.996       2.114       2.102
20160509  -10000.000       6.267       3.462       3.312
20160510  -10000.000       7.661       6.445       2.307
20160511  -10000.000       7.609       7.787       7.835
20160512  -10000.000       6.885       7.484       7.591
20160513  -10000.000       6.101       6.749       6.790
20160514  -10000.000       3.927       5.451       5.644
20160515  -10000.000       2.846       3.869       3.992
20160516  -10000.000       2.618       2.936       3.039
20160517  -10000.000       2.638       2.697       2.776
20160518  -10000.000       2.540       2.636       2.686
20160519  -10000.000       2.776       2.718       2.753
20160520  -10000.000       2.661       2.699       2.689
20160521  -10000.000       2.742       2.710       2.751
20160522       6.497       3.028       2.833       2.791
20160523  -10000.000       3.684       3.360       3.333
20160524  -10000.000       2.666       3.362       3.240
20160525  -10000.000       2.308       2.653       2.661
20160526  -10000.000       2.021       2.300       2.305
20160527  -10000.000       1.842       2.023       2.023
20160528       3.379       1.694       1.864       1.864
20160529       3.176       2.083       1.985       1.982
20160530  -10000.000       2.262       1.915       1.862
20160531  -10000.000       2.375       2.179       2.692
20160601  -10000.000       1.845       2.256       2.183
20160602  -10000.000       1.645       2.015       2.015
20160603  -10000.000       1.502       1.866       1.866
20160604       1.757       1.354       1.504       1.502
20160605       1.450       1.229       1.353       1.352
20160606  -10000.000       1.114       1.228       1.227
20160607  -10000.000       1.012       1.112       1.232
20160608  -10000.000       0.924       1.011       1.011
20160609  -10000.000       0.848       0.923       0.923
20160610  -10000.000       0.783       0.847       0.847
20160611       0.518       0.714       0.781       0.780
20160612       0.456       0.656       0.717       0.717
20160613       0.403       0.606       0.688       0.688
20160614  -10000.000       0.571       0.606       0.379
20160615  -10000.000       0.536       0.571       0.571
20160616  -10000.000       0.746       0.593       0.593
20160617  -10000.000       0.583       0.648       0.616
20160618       0.353       1.000       0.760       0.756
20160619       0.348       0.606       0.789       0.739
20160620  -10000.000       0.546       0.613       0.612
20160621  -10000.000       1.326       0.736       0.414
20160622  -10000.000       0.755       0.985       0.910
20160623  -10000.000       0.643       0.754       0.754
20160624  -10000.000       0.586       0.643       0.643
20160625  -10000.000       1.442       0.952       0.952
20160626       0.369       0.962       1.072       0.990
20160627  -10000.000       2.057       1.321       1.306
20160628  -10000.000       1.280       1.555       1.443
20160629  -10000.000       1.066       1.246       1.235
20160630  -10000.000       1.001       1.089       1.089
20160701  -10000.000       0.904       1.037       1.031
20160702       0.334       0.900       1.024       1.020
20160703       0.313       1.022       0.921       0.905
20160704  -10000.000       0.760       0.903       0.871
20160705  -10000.000       0.700       0.786       0.254
20160706  -10000.000       1.136       0.794       0.794
20160707  -10000.000       0.744       0.925       0.878
20160708  -10000.000       0.680       0.748       0.747
20160709  -10000.000       0.633       0.685       0.685
20160710       0.178       0.587       0.632       0.631
20160711  -10000.000       0.725       0.783       0.783
20160712  -10000.000       0.727       0.682       0.661
20160713  -10000.000       0.703       0.665       0.646
20160714  -10000.000       0.899       0.822       0.806
20160715  -10000.000       0.816       1.369       1.334
20160716       0.199       0.673       0.747       0.727
20160717       0.190       0.584       0.733       0.726
20160718  -10000.000       0.548       0.582       0.581
20160719  -10000.000       0.517       0.548       0.196
20160720  -10000.000       0.611       0.542       0.542
20160721  -10000.000       0.487       0.577       0.564
20160722  -10000.000       0.471       0.510       0.510
20160723       0.213       0.455       0.466       0.466
20160724       0.467       0.507       0.533       0.530
20160725  -10000.000       0.933       0.557       0.547
20160726  -10000.000       1.543       1.159       1.064
20160727  -10000.000       0.837       1.219       1.120
20160728  -10000.000       1.019       0.936       0.935
20160729  -10000.000       0.709       0.886       0.857
20160730  -10000.000       1.093       0.906       0.906
20160731  -10000.000       0.856       0.896       0.854
