date          Qobs       Qsimobs        Qsim       Qusi
20150801       6.944       3.678       4.070       6.335
20150802       6.922       6.646       4.682       7.156
20150803       6.291       3.891       4.737       5.756
20150804       5.606       3.211       3.830       4.915
20150805       5.115       2.979       3.269       5.002
20150806       4.857       3.031       2.984       4.611
20150807       4.614       2.755       3.444       5.664
20150808       4.253       2.525       2.744       4.283
20150809       3.939       3.531       2.662       4.120
20150810       3.661       2.659       3.129       3.610
20150811       3.379       2.397       2.713       3.224
20150812       3.537       3.167       2.605       3.401
20150813       3.749       3.448       2.834       3.178
20150814       3.562       3.030       3.333       3.926
20150815       3.336       2.617       2.823       3.268
20150816       3.116       2.334       2.572       3.053
20150817       2.886       2.137       2.336       2.875
20150818       2.698       1.969       2.137       2.672
20150819       2.534       1.821       1.981       2.436
20150820       2.390       1.662       1.811       2.296
20150821       2.249       1.528       1.663       2.156
20150822       2.126       1.413       1.529       2.027
20150823       2.020       1.295       1.409       1.957
20150824       1.964       1.829       1.528       2.199
20150825       1.910       1.309       1.465       1.687
20150826       1.842       1.201       1.312       1.655
20150827       1.753       1.104       1.202       1.675
20150828       1.690       1.042       1.107       1.589
20150829       1.637       1.009       1.030       1.521
20150830       1.594       0.946       0.978       1.490
20150831       1.562       1.088       0.970       1.440
20150901       1.513       1.064       2.093       3.075
20150902       1.467       1.010       1.120       1.606
20150903       1.451       0.898       1.158       1.607
20150904       1.384       0.893       0.950       1.334
20150905       1.368       1.047       1.475       2.066
20150906       1.370       1.188       1.716       2.193
20150907       1.333       0.906       1.141       1.297
20150908       1.296       0.843       0.952       1.282
20150909       1.267       1.278       0.941       1.219
20150910       1.196       0.894       1.019       1.030
20150911       1.174       0.829       0.735       1.056
20150912       1.162       0.768       0.829       1.052
20150913       1.144       0.729       0.768       1.056
20150914       1.121       0.681       0.712       1.010
20150915       1.100       0.641       0.660       1.007
20150916       1.078       0.584       0.630       0.986
20150917       1.053       0.592       0.589       0.936
20150918       1.101       0.532       0.584       0.949
20150919       1.750       3.207       1.731       2.950
20150920       2.036       1.430       2.070       1.571
20150921       2.005       1.743       1.816       1.787
20150922       1.927       1.392       1.647       1.699
20150923       1.858       1.349       1.219       1.604
20150924       1.873       1.760       1.352       1.644
20150925       1.880       1.283       1.447       1.546
20150926       1.912       2.138       1.484       1.862
20150927       2.205       2.646       2.361       2.290
20150928       2.462       1.740       2.048       1.820
20150929       2.593       1.667       1.932       2.320
20150930       3.259       3.379       3.108       4.451
20151001       4.739       6.005       3.798       4.304
20151002       4.879       3.454       4.254       4.015
20151003       4.400       3.235       3.744       4.569
20151004       3.900       3.088       3.280       4.176
20151005       3.553       3.534       2.872       3.524
20151006       3.231       2.517       2.906       2.759
20151007       2.970       2.215       2.510       2.934
20151008       2.732       1.985       2.214       2.632
20151009       2.533       1.817       1.981       2.474
20151010       2.341       1.660       1.800       2.396
20151011       2.245       1.535       1.720       2.590
20151012       2.242       2.168       2.036       2.833
20151013       2.639       5.192       2.621       3.266
20151014       2.776       3.607       3.971       2.570
20151015       2.803       3.602       3.976       3.000
20151016       3.047       4.407       4.127       3.158
20151017       4.018       7.328       5.877       4.424
20151018       5.654       5.858       6.241       3.671
20151019       6.729      16.470       6.075       5.114
20151020       6.422       4.739       5.654       6.086
20151021       5.610       4.199       4.774       6.091
20151022       4.863       3.767       8.895       4.208
20151023       4.205       3.378       3.765       4.425
20151024       3.697       3.064       3.519       3.804
20151025       3.403       2.894       3.267       3.708
20151026       3.196       2.945       3.004       3.354
20151027       2.948       2.826       3.525       3.775
20151028       2.762       3.214       3.241       3.263
20151029       2.705       2.706       2.567       2.221
20151030       2.534       2.104       2.363       2.378
20151031       2.243       1.916       2.195       2.708
20151101       2.522       2.164       2.691       3.023
20151102       5.264      13.376   -9999.000   -9999.000
20151103       6.248       8.370       8.463       5.463
20151104       5.442       8.114       7.990       6.723
20151105       4.639       6.937       7.915       5.369
20151106       4.016       6.240       7.101       4.625
20151107       3.532       5.453       6.083       3.914
20151108       3.209       4.945       5.491       3.442
20151109       2.940       4.458       4.897       3.058
20151110       2.791       4.170       4.465       2.788
20151111       2.580       3.757       4.130       2.721
20151112       2.303       3.393       3.796       2.506
20151113       2.032       3.466       3.558       2.329
20151114       1.921       2.736       3.060       1.941
20151115       1.900       2.544       2.831       1.864
20151116       1.812       2.193       2.567       1.804
20151117       1.711       2.058       2.186       1.590
20151118       1.655       1.973       2.089       1.715
20151119       1.599       1.815       1.927       1.502
20151120       1.552       1.755       1.857       1.560
20151121       1.351       1.696       1.772       1.540
20151122       1.265       1.560       1.659       1.312
20151123       1.116       1.390       1.490       1.204
20151124       1.098       1.299       1.413       1.064
20151125       1.131       1.279       1.360       1.102
20151126       1.071       1.139       1.216       1.087
20151127       1.077       1.087       1.247       1.108
20151128       1.069       1.529       1.305       1.228
20151129       1.019       1.055       1.104       0.822
20151130       1.008       0.898       0.970       0.913
20151201       1.067       1.043       0.977       0.988
20151202       1.064       0.850       0.917       0.987
20151203       1.017       0.881       0.947       1.065
20151204       0.978       1.173       0.811       0.926
20151205       0.944       1.764       1.292       1.300
20151206       0.958       1.498       1.602       1.222
20151207       0.977       1.568       1.479       0.903
20151208       0.963       2.593       1.703       1.211
20151209       0.929       1.540       1.591       0.849
20151210       0.925       1.741       1.554       0.986
20151211       0.888       1.315       1.473       0.765
20151212       0.854       0.966       1.099       0.742
20151213       0.866       1.481       1.381       1.071
20151214       0.897       1.431       1.364       0.846
20151215       0.970       2.278       1.888       1.232
20151216       1.042       1.971       1.973       0.880
20151217       1.036       1.431       1.236       0.718
20151218       0.994       0.718       0.756       0.537
20151219       0.956       0.806       0.806       1.001
20151220       0.986       0.576       0.665       0.730
20151221       0.995       0.634   -9999.000   -9999.000
20151222       0.973       0.505   -9999.000   -9999.000
20151223       0.910       0.545       0.611       1.006
20151224       0.866       0.421       0.451       0.692
20151225       0.855       0.429       0.428       0.792
20151226       0.897       1.297       0.993       1.774
20151227       0.887       1.078       1.106       0.836
20151228       0.835       0.681       0.789       0.635
20151229       0.810       0.335       0.371       0.447
20151230       0.783       0.304       0.333       0.646
20151231       0.759       0.282       0.307       0.589
20160101       0.734       0.688       0.278       0.618
20160102       0.717       0.773       0.412       0.708
20160103       0.686       0.533       0.623       0.768
20160104       0.663       0.467       0.533       0.542
20160105       0.642       0.421       0.464       0.518
20160106       0.615       0.380       0.417       0.499
20160107       0.587       0.352       0.368       0.521
20160108       0.566       0.399       0.341       0.500
20160109       0.568       1.221       0.697       0.906
20160110       0.556       0.450       0.541       0.287
20160111       0.539       0.292       0.307       0.358
20160112       0.523       0.254       0.279       0.451
20160113       0.507       0.238       0.255       0.378
20160114       0.492       0.216       0.234       0.410
20160115       0.488       0.240       0.420       0.806
20160116       0.496       0.431       0.369       0.642
20160117       0.503       0.487       0.685       0.790
20160118       0.486       0.283       0.191       0.198
20160119       0.464       0.159       0.180       0.188
20160120       0.449       0.151       0.160       0.299
20160121       0.437       0.133       0.145       0.343
20160122       0.439       0.522       0.145       0.344
20160123       0.440       0.530       0.334       0.282
20160124       0.432       0.128       0.141       0.125
20160125       0.423       0.148       0.146       0.351
20160126       0.414       0.109       0.129       0.297
20160127       0.419       0.487       0.305       0.829
20160128       0.414       0.146       0.229       0.208
20160129       0.401       0.092       0.119       0.264
20160130       0.391       0.077       0.105       0.310
20160131       0.388       0.075       0.120       0.329
20160201       0.383       0.119       0.203       0.698
20160202       0.378       0.418       0.133       0.332
20160203       0.376       0.178       0.079       0.062
20160204       0.374       0.123       0.163       0.290
20160205       0.369       0.066       0.105       0.238
20160206       0.359       0.121       0.192       0.710
20160207       0.360       0.133       0.164       0.374
20160208       0.364       0.076       0.097       0.188
20160209       0.354       0.178       0.299       1.023
20160210       0.363       0.249       0.499       1.038
20160211       0.373       0.310       0.196       0.270
20160212       0.363       0.795       0.229       0.264
20160213       0.351       0.117       0.129       0.073
20160214       0.344       0.065       0.117       0.275
20160215       0.338       0.064       0.093       0.276
20160216       0.344       0.314       0.127       0.361
20160217       0.331       0.182       0.215       0.251
20160218       0.326       0.059       0.074       0.139
20160219       0.326       0.035       0.042       0.132
20160220       0.314       0.030       0.035       0.158
20160221       0.291       0.030       0.039       0.193
20160222       0.298       0.094       0.120       0.092
20160223       0.305       0.056       0.045       0.160
20160224       0.317       0.549       0.411       1.947
20160225       0.319       0.159       0.159       0.106
20160226       0.318       0.083       0.086       0.146
20160227       0.309       0.039       0.052       0.152
20160228       0.302       0.040       0.039       0.164
20160229       0.302       0.309       0.219       0.895
20160301       0.296       0.148       0.082       0.105
20160302       0.282       0.047       0.038       0.057
20160303       0.274       0.040       0.043       0.110
20160304       0.278       0.031       0.038       0.108
20160305       0.279       0.028       0.032       0.136
20160306       0.282       0.025       0.028       0.156
20160307       0.281       0.022       0.025       0.110
20160308       0.279       0.021       0.048       0.227
20160309       0.276       0.019       0.028       0.139
20160310       0.270       0.102       0.019       0.123
20160311       0.263       0.018       0.020       0.032
20160312       0.260       0.061       0.055       0.354
20160313       0.261       1.141       0.039       0.097
20160314       0.276       0.507       0.456       0.186
20160315       0.332       1.485       0.495       0.532
20160316       0.342       2.804       1.558       0.860
20160317       0.403       2.157       2.196       0.512
20160318       0.417       2.456       1.754       0.382
20160319       0.420       1.630       1.791       0.338
20160320       0.417       1.393       1.538       0.418
20160321       0.407       1.251       1.394       0.464
20160322       0.388       1.034       0.920       0.310
20160323   -9999.000   -9999.000       0.822       0.336
20160324       0.380       1.082   -9999.000   -9999.000
20160325       0.368       0.536   -9999.000   -9999.000
20160326       0.364       0.502   -9999.000   -9999.000
20160327       0.363       0.611       0.582       0.413
20160328       0.366       1.613       0.736       0.791
20160329       0.365       2.941       1.388       0.762
20160330       0.417       3.512       2.484       0.640
20160331       0.486       3.518       3.027       0.502
20160401       0.501       2.890       3.228       0.546
20160402       0.500       2.566       2.881       0.512
20160403       0.481       2.334       2.566       0.512
20160404       0.471       2.077       2.283       0.520
20160405       0.419       1.886       2.056       0.492
20160406       0.378       1.676       1.880       0.486
20160407       0.421       1.633       1.768       0.448
20160408       0.443       1.707       1.805       0.516
20160409       0.455       1.941       1.624       0.502
20160410       0.476       1.595       1.854       0.558
20160411       0.479       1.447       1.595       0.517
20160412       0.484       1.649       1.584       0.574
20160413       0.485       1.486       1.583       0.511
20160414       0.467       1.350       1.514       0.502
20160415       0.437       0.982       1.107       0.410
20160416       0.417       0.898       0.983       0.468
20160417       0.407       0.941       1.008       0.492
20160418       0.399       0.822       0.857       0.412
20160419       0.402       0.757       0.794       0.414
20160420       0.409       0.917       0.871       0.448
20160421       0.396       0.675       0.724       0.334
20160422       0.389       0.632       0.674       0.392
20160423       0.394       0.584       0.685       0.411
20160424       0.391       0.557       0.624       0.396
20160425       0.389       0.508       0.544       0.364
20160426       0.409       0.596       0.694       0.536
20160427       0.473       1.333       0.671       0.633
20160428       0.983       3.843       1.543       0.913
20160429       1.768       4.943       2.971       1.597
20160430       2.750      12.168       4.823       2.380
20160501       3.664      14.878       8.680       4.848
20160502       4.364      18.388      12.716       5.091
20160503       5.080      19.261      13.449       4.669
20160504       6.346      23.506      16.597       5.813
20160505       7.292      19.598      20.307       8.274
20160506       7.658      19.722      17.058       7.348
20160507       8.279      22.759      17.056       8.379
20160508      10.443      24.643      18.891       9.518
20160509      11.642      23.851      20.166      10.772
20160510      11.152      13.664      17.955      10.303
20160511       9.555       9.918      10.894       7.795
20160512       7.815      13.184       9.644       8.739
20160513       7.324      14.053      10.223       8.757
20160514       7.071      13.799      10.865       7.563
20160515       6.809      14.509      11.483       7.125
20160516       6.550      11.678      12.021       6.982
20160517       6.095      11.734      10.512       6.235
20160518       5.643       9.050       9.029       5.386
20160519       4.977       9.739       7.969       4.798
20160520       4.674      10.233       9.109       6.548
20160521       4.654      10.504       8.322       4.811
20160522       6.177      21.014      13.296       6.489
20160523       8.739      24.271      18.378       8.383
20160524      12.727      27.361      24.718      11.383
20160525      15.167      20.331      22.911      12.132
20160526      15.091      13.765      17.016      11.633
20160527      13.154      13.480      13.974      12.350
20160528      15.598      19.688      16.880      15.389
20160529      19.700      16.983      18.552      17.099
20160530      19.816      18.046      18.545      19.361
20160531      20.480      20.204      19.889      20.123
20160601      17.501      12.162      17.786      18.718
20160602      14.395       8.018      10.402      11.672
20160603      12.264      11.500       9.158      12.435
20160604      11.131      21.213       8.850      11.927
20160605       8.822      15.901      13.605      10.345
20160606       7.089       8.176      11.834       6.874
20160607       6.227       8.194       8.220       5.566
20160608       7.459      18.363       9.825       7.771
20160609       8.053      11.261      12.060       8.629
20160610       6.853       8.079       9.559       5.879
20160611       5.921       7.448       7.956       5.963
20160612       5.739       7.347       7.373       5.720
20160613       5.881       7.002       7.738       5.893
20160614       6.601       8.803       7.246       6.052
20160615       7.106       7.815       7.367       6.591
20160616       7.773       8.022       7.267       6.581
20160617      11.009      11.450      10.283       9.850
20160618      33.038      39.733      18.174      19.028
20160619      25.003      15.301      23.485      33.192
20160620      15.575       9.322      13.434      14.752
20160621      11.994       9.071       9.924      11.918
20160622      13.090      11.733      10.948      12.986
20160623      13.177       9.912      11.153      13.215
20160624      12.235       9.725      10.236      12.520
20160625      12.954      11.051      10.200      11.730
20160626      11.334       9.342      10.377      12.627
20160627      10.770       9.411       9.318      10.704
20160628      13.536      11.671      10.493      11.151
20160629      12.765       9.345      11.124      13.581
20160630      12.109       9.118       9.947      12.002
20160701      11.847       9.760       9.380      11.444
20160702      11.443       9.126       9.906      11.616
20160703      12.101       7.760       9.010      10.198
20160704      11.382       7.217       8.047       9.912
20160705      10.748       7.388       9.203      13.445
20160706      14.491      15.020      11.029      13.649
20160707      12.348       9.215      10.350      13.506
20160708       9.872       6.445       8.181       9.264
20160709       8.255       5.638       6.918       8.229
20160710       9.669       8.258       6.146       7.658
20160711      11.868       8.688       7.271       8.924
20160712       9.866       5.528       7.122      10.268
20160713       8.204       5.129       6.098       8.610
20160714       7.416       6.447       5.587       8.324
20160715       6.750       5.733       5.436       7.150
20160716       6.053       4.730       5.209       5.816
20160717       9.221      12.175       5.517       6.260
20160718       9.340       6.187       8.286       8.498
20160719       7.680       5.466       6.102       7.124
20160720       6.406       5.029       5.452       6.742
20160721       5.456       4.493       4.986       5.806
20160722       4.827       4.057       4.498       5.010
20160723       4.322       3.710       4.071       4.401
20160724       3.917       3.435       3.710       3.960
20160725       3.627       3.314       3.427       3.527
20160726       3.377       2.940       3.229       3.276
20160727       3.153       2.825       2.986       3.078
20160728       2.952       4.478       3.489       3.754
20160729       2.957       3.031       3.594       2.689
20160730       3.393       4.959       4.160       3.419
20160731       3.185       3.750       4.035       3.048
