date          Qobs       Qsimobs        Qsim       Qusi
20150801       1.111       0.714       0.822       0.962
20150802       1.238       4.203       1.741       1.933
20150803       1.174       1.668       1.900       0.861
20150804       1.214       1.489       1.815       1.369
20150805       1.800       4.503       3.727       2.838
20150806       1.711       2.169       2.399       1.474
20150807       1.690       1.974       2.174       1.636
20150808       1.659       1.768       1.971       1.692
20150809       1.597       1.589       1.768       1.527
20150810       1.531       1.433       1.588       1.511
20150811       1.488       1.846       3.113       2.860
20150812       1.531       1.326       1.556       1.169
20150813       1.418       1.171       1.319       1.371
20150814       1.296       1.036       1.171       1.244
20150815       1.253       1.680       1.436       1.473
20150816       1.689       6.840       3.292       2.471
20150817       1.712       2.525       3.474       1.898
20150818       1.574       2.252       2.500       1.577
20150819       1.450       2.028       2.252       1.488
20150820       1.364       1.824       2.028       1.326
20150821       1.275       1.638       1.824       1.272
20150822       1.202       1.468       2.028       1.522
20150823       1.080       1.312       1.468       1.125
20150824       0.991       1.169       1.312       0.996
20150825       1.033       1.039       1.625       1.371
20150826       4.273       5.684       2.330       2.135
20150827       6.730       6.582       5.670       5.893
20150828       6.322       5.264       3.662       4.803
20150829       6.808       3.826       3.992       4.800
20150830       5.616       3.120       3.228       4.546
20150831       4.554       2.711       2.996       4.614
20150901       3.876       2.450       3.036       4.094
20150902       9.446      11.281       3.711       4.766
20150903      10.299      14.706       6.622       8.953
20150904       8.914       5.455       9.202       9.390
20150905       7.822       6.215       6.081       6.255
20150906       6.019       3.492       4.735       5.278
20150907       4.395       3.196       3.492       4.399
20150908       3.369       2.897       3.174       4.091
20150909       2.712       2.617       2.877       3.155
20150910       2.393       2.366       2.623       2.565
20150911       2.172       2.136       2.370       2.222
20150912       1.960       1.925       2.136       1.952
20150913       3.290       2.476       2.077       2.007
20150914       6.181      12.920       2.803       2.511
20150915      25.342      28.483      13.425      13.145
20150916      18.945      16.406      18.601      22.117
20150917      14.657      10.790      15.160      15.127
20150918      10.576       6.790      10.115      10.631
20150919       8.758       4.323       6.673       7.062
20150920       7.469       5.398       4.303       5.224
20150921       5.663       3.482       3.754       5.830
20150922       5.621       4.091       4.209       5.104
20150923       5.413       5.371       4.163       4.579
20150924       8.806       4.677       3.583       4.202
20150925      18.094      20.915       8.980      10.662
20150926      17.331      15.558      13.453      15.785
20150927      13.282       6.716      11.573      12.230
20150928       9.457       4.104       6.749       7.806
20150929       6.997       3.507       4.118       5.874
20150930       5.299       2.437       3.508       5.190
20151001       4.160       2.215       3.180       4.005
20151002       3.433       2.022       2.895       3.575
20151003       2.915       1.845       2.016       2.803
20151004       2.576       2.197       1.838       2.652
20151005       2.375       1.985       1.662       2.329
20151006       2.196       1.790       1.494       2.079
20151007       2.010       1.611       1.790       2.023
20151008       1.812       1.453       1.645       1.836
20151009       1.699       2.464       1.886       1.992
20151010       1.570       1.535       1.808       1.530
20151011       1.477       1.380       1.540       1.548
20151012       1.414       1.263       1.381       1.378
20151013       1.352       1.125       1.260       1.302
20151014       1.290       1.003       1.126       1.224
20151015       1.250       0.890       1.004       1.142
20151016       1.203       0.784       0.890       1.128
20151017       1.166       0.687       0.784       1.034
20151018       1.130       0.597       0.687       1.027
20151019       1.121       0.518       0.597       0.996
20151020       1.116       0.438       0.520       0.837
20151021       1.516       0.949       0.549       1.015
20151022       2.613       3.617       1.161       1.461
20151023       2.481       4.059       2.393       2.563
20151024       4.693       2.404       2.547       2.044
20151025      11.808      18.017       4.404       4.220
20151026       9.038       6.812       4.421       8.208
20151027       7.791       4.019       6.065       6.125
20151028       6.156       3.396       4.005       5.178
20151029       4.620       3.095       3.396       5.274
20151030       3.582       2.819       3.098       4.040
20151031       3.026       2.794       2.836       3.213
20151101       2.617       2.509       2.725       2.624
20151102       2.410       2.261   -9999.000   -9999.000
20151103       2.281       2.102       2.266       2.104
20151104       2.157       1.923       2.078       2.210
20151105       2.049       1.790       1.915       2.066
20151106       1.970       1.655       1.819       1.827
20151107      10.268       5.039       2.739       2.768
20151108      15.269      23.008       3.529       6.696
20151109      25.543      28.664      19.787      31.715
20151110      18.880      23.171      22.649      24.160
20151111      13.928      13.544      18.832      17.417
20151112      16.716      14.140      14.480      12.416
20151113      14.330      16.402      16.299      17.436
20151114      13.814      15.137      19.623      19.105
20151115      11.766      11.076      16.284      15.134
20151116      15.437      12.367      10.721      10.399
20151117      14.313      19.343      12.429      13.758
20151118      13.780      15.654      14.132      14.396
20151119      16.338      20.921      16.097      13.945
20151120      12.503       9.197      15.630      14.951
20151121       9.625       5.270       8.950       8.267
20151122       7.430       3.967       5.260       5.796
20151123       5.982       3.681       3.967       5.632
20151124      11.938      15.128       8.161      10.799
20151125      13.210      13.039      13.072      15.623
20151126       9.915       7.363       9.784      10.899
20151127      17.835      18.343      11.479      11.000
20151128      28.920      34.484      20.493      20.265
20151129      33.785      38.573      28.948      32.548
20151130      24.997      24.222      28.770      29.732
20151201      18.967      20.427      22.868      21.669
20151202      15.897      15.030      17.793      16.020
20151203      15.657      17.629      14.652      12.587
20151204      44.389      57.596      29.522      29.348
20151205      36.440      38.735      35.871      37.849
20151206      36.298      49.751      41.312      38.093
20151207      27.291      39.178      47.791      42.018
20151208      24.226      19.860      43.962      33.276
20151209      27.519      35.435      32.924      28.085
20151210      28.676      33.814      24.495      24.609
20151211      22.618      24.158      30.952      29.530
20151212      19.650      22.253      22.189      20.678
20151213      13.746      12.256      15.630      14.934
20151214      10.589      10.100      11.137      10.185
20151215       8.449       5.984      10.390       8.966
20151216       6.933       4.067       5.716       5.619
20151217       6.008       3.945       4.317       5.107
20151218       7.078       9.336       4.915       5.864
20151219      17.913       7.095       7.267       8.256
20151220      32.493      41.792      10.945      16.431
20151221      20.568      17.336   -9999.000   -9999.000
20151222      18.200      16.330   -9999.000   -9999.000
20151223      15.557      20.412      19.454      18.850
20151224      17.062      14.527      18.155      17.115
20151225      22.631      39.748      23.430      19.866
20151226      16.927      18.930      22.473      21.365
20151227      12.148      10.759      20.782      17.093
20151228       8.699       7.787      12.194      10.540
20151229       6.795       4.272       7.049       5.863
20151230       5.604       4.398       8.168       8.492
20151231      13.106      10.433      15.940      15.855
20160101      17.254      29.398      19.046      21.390
20160102      12.251      10.802      16.251      16.996
20160103       8.955       6.316      11.784       7.622
20160104       5.464       4.154       6.348       5.746
20160105       3.430       3.813       4.154       3.630
20160106       2.881       3.516       3.813       3.566
20160107       8.972       3.241       3.516       2.174
20160108       9.647       2.988       3.242       7.358
20160109       5.975       2.756       2.990       7.936
20160110       3.893       2.595       3.035       5.438
20160111       2.545       2.904       2.974       3.840
20160112       2.324       2.454       2.781       2.532
20160113       2.094       2.366       2.524       2.304
20160114       1.860       2.436       2.807       2.304
20160115       2.274       1.980       2.147       1.512
20160116       2.579       2.183       2.211       2.525
20160117       4.746       1.683       1.825       1.946
20160118       6.258       1.552       1.751       3.906
20160119       5.936       1.963       2.043       2.043
20160120       5.840       1.320       1.431       1.431
20160121       5.843       1.217       1.320       1.320
20160122       7.008       1.131       1.252       1.251
20160123       5.335       1.676       2.208       2.360
20160124       3.832       2.239       1.995       2.015
20160125       3.598       3.499       2.331       2.325
20160126      11.287       7.357       4.225       4.212
20160127      20.597      34.319      16.014      15.808
20160128      20.523      26.120      28.407      27.696
20160129      20.242      25.415      21.183      20.873
20160130      16.238      20.143      23.994      23.696
20160131      12.797      15.519      20.608      20.371
20160201      11.555      10.595      14.366      14.218
20160202      15.792      25.543      12.505      12.486
20160203      16.581      22.773      29.843      29.350
20160204      14.097      18.625      16.652      17.043
20160205      10.236       9.862      15.051      14.922
20160206      15.240      21.028      14.862      14.834
20160207      35.006      43.225      28.461      28.134
20160208      36.066      41.081      40.529      39.749
20160209      30.720      35.520      39.286      38.718
20160210      19.548      19.033      28.615      28.283
20160211      12.736      10.947      17.686      17.675
20160212       8.881       6.338      10.274      10.285
20160213       6.520       4.190       6.341       6.340
20160214       4.991       3.845       4.191       4.190
20160215       3.999       3.534       3.845       3.845
20160216       3.220       3.250       3.533       3.534
20160217       2.855       3.120       3.508       3.473
20160218       2.490       2.811       3.250       2.918
20160219       2.342       2.701       3.045       2.602
20160220      16.199      24.235       9.367       7.707
20160221       9.774      17.916      17.060      23.236
20160222       8.563      16.200      17.215      14.126
20160223       8.013      12.853      14.399      11.247
20160224       6.978       9.652      11.359       8.499
20160225       6.203       6.237      10.173       6.881
20160226       4.974       4.084       5.689       4.102
20160227       4.041       3.814       4.161       3.898
20160228       3.375       3.481       3.774       3.665
20160229       2.796       3.196       3.471       3.248
20160301       2.542       2.949       3.310       2.836
20160302       2.601       4.185       5.461       4.536
20160303       2.686      10.283       5.255       3.388
20160304       2.995       4.524       7.129       3.401
20160305       2.708       3.316       4.427       2.277
20160306       2.396       3.333       3.383       2.331
20160307       2.258       3.127       3.379       2.308
20160308       2.120       2.758       2.990       2.096
20160309       3.112       2.869       3.092       2.151
20160310       3.276       3.027       3.107       2.856
20160311       2.647       2.524       2.726       3.001
20160312       2.510       2.366       2.598       2.596
20160313       2.898       2.478       2.585       2.597
20160314       2.943       2.494       2.425       2.737
20160315       2.830       2.609       2.589       2.897
20160316       2.655       2.692       2.657       3.000
20160317       2.561       2.416       2.670       2.759
20160318       2.542       2.383       2.530       2.388
20160319       2.486       2.194       2.363       2.458
20160320       2.469       2.102       2.218       2.381
20160321       2.478       2.077       2.135       2.201
20160322       2.496       2.516       2.682       3.002
20160323   -9999.000   -9999.000       2.382       2.480
20160324       2.360       2.347   -9999.000   -9999.000
20160325       2.854       5.910   -9999.000   -9999.000
20160326       2.778       3.069   -9999.000   -9999.000
20160327       7.133      18.794       5.737       4.915
20160328      12.549       7.090       8.533       8.594
20160329      24.750      36.296      28.585      24.103
20160330      16.812      16.905      24.716      25.135
20160331      11.376      10.954      15.530      13.878
20160401       7.788       5.901      10.189       8.513
20160402      19.196      24.130      10.301       8.931
20160403      16.897      20.379      19.858      19.618
20160404      12.016       9.463      15.745      14.936
20160405       8.965       7.563       9.343       7.739
20160406       7.944       5.195       7.583       7.209
20160407       6.990       5.100       7.057       7.008
20160408       5.548       3.797       5.725       5.845
20160409       4.496       3.399       3.752       4.495
20160410       3.688       3.092       3.394       3.669
20160411       3.039       2.989       3.092       3.398
20160412       2.572       2.665       2.844       2.798
20160413       2.347       2.365       2.574       2.405
20160414       2.158       2.117       2.674       2.295
20160415       2.058       2.475       3.082       2.915
20160416       1.943       2.130       2.231       1.849
20160417       1.793       1.806       1.987       1.754
20160418       1.754       2.004       2.090       1.937
20160419       1.861       4.055       2.472       2.090
20160420       1.826       2.465       2.674       1.665
20160421       1.753       2.335       2.389       1.848
20160422       1.695       2.360       2.627       1.960
20160423       1.624       2.004       2.191       1.643
20160424       1.571       1.963       2.055       1.607
20160425       1.528       1.728       1.881       1.434
20160426       1.490       1.754       2.573       2.257
20160427       1.410       1.488       1.650       1.336
20160428       1.372       1.338       1.488       1.303
20160429       1.450       2.620       2.216       1.994
20160430       1.895       3.422       2.063       1.652
20160501       2.237       4.657       2.985       2.336
20160502       8.832       5.045       4.032       3.155
20160503      17.760      31.775      10.767      12.659
20160504      12.354       9.990      17.819      21.407
20160505       8.490       5.820       9.971       7.882
20160506       5.656       3.871       5.819       5.178
20160507       3.947       3.410       3.870       4.019
20160508       2.881       3.082       3.410       3.672
20160509       2.358       2.785       3.082       2.764
20160510       2.077       2.515       2.785       2.258
20160511       1.858       2.271       2.517       1.908
20160512       1.680       2.050       2.272       1.721
20160513       1.519       1.847       2.050       1.532
20160514       1.379       1.663       1.847       1.379
20160515       1.265       1.494       1.663       1.304
20160516       1.168       1.339       1.494       1.145
20160517       1.088       1.196       1.339       1.188
20160518       1.050       1.065       1.196       0.998
20160519       1.126       2.418       1.214       1.050
20160520       1.248       2.246       1.909       1.304
20160521       1.324       2.251       1.807       1.265
20160522       4.011       4.648       2.762       2.037
20160523       4.577      11.678       2.470       2.515
20160524       3.796       3.906       3.904       4.222
20160525       3.331       3.216       3.906       2.636
20160526       2.685       2.913       3.216       2.776
20160527       2.286       2.635       2.913       2.550
20160528       2.030       2.383       2.639       2.340
20160529       1.872       2.911       2.524       2.032
20160530       1.872       2.134       2.424       2.038
20160531       4.452      19.852       2.833       2.389
20160601       3.230       5.663       9.434       7.238
20160602       2.907       3.636       5.496       2.763
20160603       2.721       6.824       4.127       2.804
20160604       2.490       3.350       4.539       2.782
20160605       2.296       3.039       3.351       2.054
20160606       2.105       2.754       3.039       2.188
20160607       1.911       2.495       2.754       2.204
20160608       1.719       2.258       2.496       1.810
20160609       1.538       2.041       2.258       1.583
20160610       1.378       1.841       2.041       1.474
20160611       1.253       1.659       1.841       1.258
20160612       1.173       1.499       1.660       1.304
20160613       1.074       1.352       1.508       1.246
20160614       0.989       1.205       1.349       1.002
20160615       0.962       1.092       1.205       0.994
20160616       1.282       2.298       1.210       1.064
20160617       1.651       3.648       1.690       1.167
20160618       1.395       1.865       2.101       1.364
20160619       1.208       1.674       1.864       1.286
20160620       9.281       1.505       1.674       1.137
20160621      11.429      12.387       3.109       7.099
20160622       7.230       3.259       4.256       9.776
20160623       5.962       2.855       3.259       5.389
20160624       7.614       2.686       2.863       4.390
20160625       8.720      11.324       4.308       6.807
20160626      10.457       5.305       8.411      10.447
20160627      13.637      12.906       6.770       8.482
20160628      11.537       7.549       8.114      10.494
20160629      10.215       4.060       6.155       7.266
20160630      11.145       8.727       6.569       9.165
20160701       7.180       5.679       5.506       7.263
20160702       6.149       9.197       5.801       6.922
20160703       5.298       7.841       8.602       7.297
20160704       4.499       4.866       5.936       4.391
20160705       3.913       3.809       4.327       3.292
20160706       3.036       3.258       3.540       3.313
20160707       2.427       2.947       3.256       2.921
20160708       2.168       2.805       2.966       2.502
20160709       1.914       2.460       2.713       2.249
20160710       2.036       2.226       2.459       2.022
20160711       2.118       4.275       2.356       2.066
20160712       1.889       3.004       4.075       2.922
20160713       2.091       3.279       2.854       1.997
20160714       2.194       2.437       2.700       1.986
20160715       2.047       2.197       2.429       1.999
20160716       1.994       2.022       2.321       2.111
20160717       3.157       4.037       2.068       1.798
20160718       3.247       3.038       3.395       3.078
20160719       2.612       2.361       2.574       2.854
20160720       2.373       2.139       2.453       2.338
20160721       2.123       1.915       2.138       2.196
20160722       1.898       1.721       1.926       2.001
20160723       1.718       1.543       1.721       1.685
20160724       1.558       1.379       1.543       1.524
20160725       1.448       1.318       1.379       1.312
20160726       1.450       2.150       1.650       1.679
20160727       6.954       2.780       1.491       1.212
20160728       7.232      21.390      10.796      13.462
20160729       6.381       9.326      10.759      11.018
20160730       6.028       7.923       8.651       5.284
20160731       6.052       8.196       6.252       5.191
