date          Qobs       Qsimobs        Qsim       Qusi
20150801       3.982       2.614       2.903       2.188
20150802      19.566      13.591       5.993       6.838
20150803      12.294       5.398       7.941      11.186
20150804      11.094       4.555       5.777       9.503
20150805      30.865      27.543       6.887       9.977
20150806      14.406      16.422      14.813      21.407
20150807       9.024      11.500      13.842      13.191
20150808       6.782       9.681      11.269       8.810
20150809       6.372       8.616       9.655       6.902
20150810       5.261       7.847       8.691       5.828
20150811       5.017       9.323       8.692       6.111
20150812       5.687       7.250       8.225       4.992
20150813       8.578       6.354       7.176       4.899
20150814       7.082       5.678       6.351       7.757
20150815       5.245      11.856       7.111       8.596
20150816      26.725      33.471      10.362       5.752
20150817      17.198      13.450      18.840      21.248
20150818      10.259      11.107      12.993      15.036
20150819       9.076       9.740      11.087       9.134
20150820       8.227       8.716       9.752       8.244
20150821       7.656       7.788       8.718       7.522
20150822       7.075       6.964       7.794       7.327
20150823       6.491       6.227       6.964       6.316
20150824       6.473       5.590       6.232       5.797
20150825       7.186       5.055       7.028       6.697
20150826      14.470      14.278       6.515       7.528
20150827      19.332      17.398      17.111      17.431
20150828      21.079      15.552      12.347      14.246
20150829      20.489      13.139      12.814      15.291
20150830      18.469      11.864      11.458      14.951
20150831      15.055       9.796      10.558      14.649
20150901      12.976       8.751      10.263      13.835
20150902      17.901      16.749      10.952      12.776
20150903      20.652      15.638      14.350      14.363
20150904      14.834      11.329      13.512      17.775
20150905      13.943      10.686      11.146      12.018
20150906      10.937       8.969       9.677      12.288
20150907      11.335       8.333       8.917      10.002
20150908      12.225       7.468       7.990       9.606
20150909      11.367       6.674       7.186      10.767
20150910      10.569       5.966       6.694       9.970
20150911       9.723       5.335       5.974       9.346
20150912       8.851       4.740       5.335       8.791
20150913      13.794       6.836       4.921       7.517
20150914      13.819      19.504       7.793      11.586
20150915      34.450      31.450      15.688      15.182
20150916      28.318      23.468      23.549      28.303
20150917      18.035      15.404      22.450      26.637
20150918      16.057      13.771      15.362      14.518
20150919      14.693      12.158      13.416      14.136
20150920      13.793      11.388      11.803      12.191
20150921      12.915       9.727      10.804      12.003
20150922      13.778      10.696      10.789      12.604
20150923      13.468      12.286      10.417      11.815
20150924      14.428       9.930      10.518      11.886
20150925      18.113      19.163      15.852      18.495
20150926      21.131      16.069      15.902      15.455
20150927      16.534      11.549      13.799      17.257
20150928      13.930      10.074      11.414      14.697
20150929      12.930       9.041      10.064      12.445
20150930      12.121       5.598       9.081      11.656
20151001      11.358       5.005       8.127      10.911
20151002      10.618       4.491       7.305       9.600
20151003       9.848       4.041       4.484       7.922
20151004       9.108       5.303       4.029       9.029
20151005       8.427       4.746       3.591       8.360
20151006       7.554       4.252       3.199       6.729
20151007       6.685       3.834       4.257       5.947
20151008       5.979       3.676       4.654       6.478
20151009       5.462       4.880       6.739       9.601
20151010       5.066       3.602       4.101       4.648
20151011       4.811       3.165       3.516       4.167
20151012       4.438       2.888       3.166       3.926
20151013       3.540       2.687       2.916       3.763
20151014       3.199       2.316       2.628       3.205
20151015       3.037       2.048       2.326       2.914
20151016       3.050       1.841       2.050       2.664
20151017       3.300       1.639       1.834       2.795
20151018       3.337       1.464       1.639       3.022
20151019       3.298       1.304       1.464       3.044
20151020       3.236       1.180       1.307       3.165
20151021       3.718       2.492       1.300       2.689
20151022       5.778       6.782       3.523       5.239
20151023       7.302      15.767       7.059       7.409
20151024       8.888       7.547       9.837       6.760
20151025      24.339      17.978      11.278      10.262
20151026      18.229      12.401      12.238      19.041
20151027      11.712       9.671      11.261      15.226
20151028      12.760       8.468       9.587      10.099
20151029      12.825       7.595       8.468      10.753
20151030      12.056       7.013       7.638      10.747
20151031      11.619       8.243       6.975      10.112
20151101      11.124       6.413       7.193       9.730
20151102      10.579       5.748   -9999.000   -9999.000
20151103       9.955       5.239       5.783       8.708
20151104       9.365       4.764       5.218       7.770
20151105       8.871       4.351       4.749       7.293
20151106       8.340       4.409       5.028       8.543
20151107      11.878       8.870       6.405      10.119
20151108      14.318      15.307       7.445       9.335
20151109      29.313      21.796      16.740      25.880
20151110      31.783      27.270      18.104      21.052
20151111      19.428      15.905      18.712      23.368
20151112      18.255      19.358      17.639      19.016
20151113      27.223      35.314      20.194      19.150
20151114      28.828      35.216      35.799      33.764
20151115      24.886      27.689      30.528      26.809
20151116      31.716      19.589      25.709      21.116
20151117      39.459      45.633      24.685      28.153
20151118      37.181      33.944      33.480      35.324
20151119      41.218      57.371      30.860      30.143
20151120      24.913      18.970      38.433      31.812
20151121      18.132      16.623      18.818      15.279
20151122      15.924      14.747      16.598      16.515
20151123      14.941      13.303      14.749      14.204
20151124      16.974      16.112      16.787      17.166
20151125      17.734      15.721      14.773      14.340
20151126      15.781      12.365      14.563      15.567
20151127      31.157      21.191      14.639      16.436
20151128      50.970      44.585      20.499      24.813
20151129      46.563      63.694      32.096      47.887
20151130      29.111      38.391      44.880      42.358
20151201      22.119      31.674      34.944      26.172
20151202      25.779      23.750      26.239      19.530
20151203      41.384      38.926      24.010      19.535
20151204     101.702     121.447      56.061      58.147
20151205     218.327     147.499      96.350      94.413
20151206     195.098     228.283     156.722     142.888
20151207      61.588      88.228     163.821     127.232
20151208      36.314      31.239      76.494      64.120
20151209      56.861      74.020      55.552      43.310
20151210      70.233      80.496      61.934      56.198
20151211      37.567      49.547      60.041      51.399
20151212      23.064      23.012      36.642      27.439
20151213      17.291      19.006      21.559      16.071
20151214      15.110      16.864      18.801      16.331
20151215      14.075      15.673      17.341      14.869
20151216      13.376      14.038      15.370      12.834
20151217      13.864      14.765      15.709      14.445
20151218      17.837      20.037      15.847      14.812
20151219      32.399      16.883      17.637      16.627
20151220      79.193      88.318      24.488      34.959
20151221      36.037      35.095   -9999.000   -9999.000
20151222      47.475      38.599   -9999.000   -9999.000
20151223      50.635      62.196      47.324      41.301
20151224      38.132      42.628      53.657      44.523
20151225      58.546     112.707      51.175      47.296
20151226      34.344      41.697      67.999      56.769
20151227      21.662      21.546      36.073      26.702
20151228      16.641      19.435      21.615      17.528
20151229      15.036      17.049      18.881      15.088
20151230      14.863      19.924      19.202      15.954
20151231      18.321      28.081      21.571      18.550
20160101      24.473      55.290      26.498      25.434
20160102      21.744      21.927      34.357      25.868
20160103      16.203      19.187      20.974      16.114
20160104      13.936      17.036      18.609      15.855
20160105      12.950      14.764      16.558      13.119
20160106      12.666      13.202      14.746      11.770
20160107      17.159      11.837      13.174      11.578
20160108      22.626      10.626      11.842      13.669
20160109      21.585       9.563      10.676      18.957
20160110      32.199       9.123      10.127      17.213
20160111      23.126       9.346       9.590      26.093
20160112      12.317       8.049       8.829       8.761
20160113       8.893       7.650       8.140       8.142
20160114       7.898       8.227       8.486       8.472
20160115       7.445       6.013       6.951       6.851
20160116       6.938       5.951       6.289       6.287
20160117      10.031       4.814       5.460       5.427
20160118       9.661       4.200       4.878       4.875
20160119       6.972       4.742       5.045       5.047
20160120       6.772       3.390       3.954       3.897
20160121       6.430       3.010       3.378       3.376
20160122       5.907       2.751       3.082       3.067
20160123       5.701       3.884       4.078       4.242
20160124       5.894       4.048       4.299       4.553
20160125       7.065       6.890       4.816       4.790
20160126      17.751      12.719       8.370       7.968
20160127      50.451      73.073      18.145      17.404
20160128      33.454      52.603      48.326      42.308
20160129      51.777      59.134      45.223      43.853
20160130      45.431      59.441      46.689      46.836
20160131      24.131      36.892      45.034      42.531
20160201      18.338      20.501      31.328      29.761
20160202      48.101     102.416      29.772      32.761
20160203      49.987     103.694      81.368      75.979
20160204      24.091      29.513      68.822      60.756
20160205      17.735      20.126      27.346      27.127
20160206      29.355      49.430      27.929      28.063
20160207      84.485     107.613      57.060      50.240
20160208      66.831     112.146      96.712      89.030
20160209      47.121      94.672      88.857      84.725
20160210      25.719      35.459      66.449      59.445
20160211      17.349      20.304      29.357      28.378
20160212      14.322      17.897      20.161      20.169
20160213      13.121      15.943      17.897      17.899
20160214      12.211      14.255      15.941      15.943
20160215      11.333      12.791      14.261      14.255
20160216      10.545      11.486      12.786      12.790
20160217       9.814      10.520      11.685      11.676
20160218       9.051       9.398      10.511      10.540
20160219       8.476       8.777       9.702       9.750
20160220      11.232      20.867      13.987      14.180
20160221       9.744      17.495      20.019      18.523
20160222       9.238      16.626      16.686      16.227
20160223       9.421      15.444      16.229       9.703
20160224       8.421      12.701      13.997       9.429
20160225       7.412      11.967      12.642       8.576
20160226       5.662       9.958      11.305       7.433
20160227       5.437       8.880       9.957       5.814
20160228       4.698       7.957       8.882       5.422
20160229       5.138       7.134       7.951       4.672
20160301       5.182       6.463       7.237       5.030
20160302       5.217       8.357       8.653       6.886
20160303       5.201       8.283       8.821       5.286
20160304       5.187       6.408       7.081       4.661
20160305       5.120       5.304       6.175       4.792
20160306       5.063       5.196       5.399       4.868
20160307       5.059       4.639       5.270       5.069
20160308       5.088       4.068       4.556       4.723
20160309       5.166       4.111       4.275       4.778
20160310       5.256       4.384       4.155       4.682
20160311       5.312       3.428       3.795       4.723
20160312       5.281       3.144       3.487       4.790
20160313       5.367       3.255       3.497       5.327
20160314       6.802       3.660       3.715       6.014
20160315       6.653       3.828       4.662       7.769
20160316       8.493       3.970       4.575       7.267
20160317      15.046       3.516       4.708       8.841
20160318      16.296       4.496       4.269      14.218
20160319      13.761       4.291       4.291      16.398
20160320      12.352       4.087       4.230      12.000
20160321      12.161       4.248       4.176      10.933
20160322      12.260       5.607       4.701      11.396
20160323   -9999.000   -9999.000       5.693      10.607
20160324      11.444       6.122   -9999.000   -9999.000
20160325      12.821      10.183   -9999.000   -9999.000
20160326      12.200       7.430   -9999.000   -9999.000
20160327      42.858      36.672      13.578      19.127
20160328      41.197      22.434      22.599      34.463
20160329      55.669      98.837      44.065      59.305
20160330      28.901      29.250      60.684      58.475
20160331      20.018      19.238      26.282      18.774
20160401      15.522      16.526      18.726      15.995
20160402      19.025      33.406      18.423      16.584
20160403      26.338      32.301      32.216      23.961
20160404      20.448      20.039      26.036      22.503
20160405      21.884      23.445      20.447      18.216
20160406      25.170      17.241      21.772      22.168
20160407      21.346      19.533      19.303      21.769
20160408      19.336      14.536      18.174      19.894
20160409      15.940      12.829      14.368      17.084
20160410      14.063      11.601      12.874      14.509
20160411      13.256      11.999      11.680      12.867
20160412      12.717      10.963      10.991      12.413
20160413      12.255       9.936      10.193      11.891
20160414      11.897       8.982      11.093      12.313
20160415      11.893      11.222      10.329      12.017
20160416      11.681       8.741       9.878      10.893
20160417      11.297       7.858       8.465      10.425
20160418      11.644      10.351       8.624      11.233
20160419      13.443      21.592      13.385      16.463
20160420      13.480      12.704      15.356      12.726
20160421      13.054      11.197      12.036      11.271
20160422      13.006      11.053      11.385      11.695
20160423      11.998       9.143      10.289      11.254
20160424      11.316       8.493       9.193      10.177
20160425      10.784       7.530       8.292       9.697
20160426      10.042       7.276       7.908       9.564
20160427       9.042       6.607       6.923       9.078
20160428       9.184       5.972       6.382       7.571
20160429       8.793       7.878       7.740       9.953
20160430       8.953       9.997       8.084       9.275
20160501       9.421      12.370      10.203       9.680
20160502      11.880      11.692      10.882       9.324
20160503      26.404      50.936      17.191      15.652
20160504      20.089      17.582      26.072      24.860
20160505      14.452      15.025      17.563      16.304
20160506      14.005      13.416      15.110      12.509
20160507      12.897      12.459      13.628      12.715
20160508      13.774      11.760      12.664      12.049
20160509      13.370      10.525      11.742      12.348
20160510      12.200       9.264      10.545      12.381
20160511      11.064       8.411       9.246      10.741
20160512      10.427       7.597       8.389      10.220
20160513       9.883       6.820       7.594       9.461
20160514       9.309       6.081       6.842       8.508
20160515       8.669       5.454       6.081       7.450
20160516       7.952       4.879       5.457       7.957
20160517       7.211       4.351       4.879       7.047
20160518       6.512       3.852       4.351       6.570
20160519       5.975       4.823       5.016       7.199
20160520       5.731       4.878       5.054       5.941
20160521       5.850       5.921       5.210       6.068
20160522      10.028       9.856       7.201       6.889
20160523      10.796      12.881       9.123       8.211
20160524       9.656       7.257       9.435       8.694
20160525       9.894       6.293       7.257       8.690
20160526       9.370       5.601       6.296       8.555
20160527       8.650       4.979       5.601       8.440
20160528       7.953       4.417       5.954       8.262
20160529       7.234       4.788       6.293       9.412
20160530       6.852       3.743       4.612       6.335
20160531       8.017      13.385       7.145      10.249
20160601       5.053       6.551       8.517       6.503
20160602       2.459       5.412       9.026       7.431
20160603       2.004       8.635       8.182       3.872
20160604       1.404       5.405       6.522       2.359
20160605       1.244       4.820       5.405       1.268
20160606       1.325       4.278       4.815       1.111
20160607       1.922       3.781       4.278       1.149
20160608       2.228       3.301       3.779       1.599
20160609       2.131       2.901       3.299       1.930
20160610       2.032       2.573       2.901       1.844
20160611       2.119       2.282       2.575       1.922
20160612       2.099       2.576       3.448       2.825
20160613       2.059       1.943       2.228       1.672
20160614       2.380       1.696       1.918       1.769
20160615       4.269       1.591       1.713       1.963
20160616       4.702       3.101       2.016       3.921
20160617       5.065       5.415       3.702       5.219
20160618       4.288       3.643       5.970       6.583
20160619       3.631       2.330       2.961       3.253
20160620       5.813       2.033       2.330       3.285
20160621       7.028      13.366       5.035       7.321
20160622       3.765       4.961       7.387       5.598
20160623       5.226       4.241       4.964       3.084
20160624       5.521       3.828       4.227       4.059
20160625       4.902       8.033       5.760       7.357
20160626       5.675       6.266       7.680       5.661
20160627      10.956       9.196       7.002       5.988
20160628      13.198       7.648       7.121       7.463
20160629       9.418       5.925       6.603      10.005
20160630      17.633      16.143       8.448      11.192
20160701      19.682      10.512      11.574      12.553
20160702      21.226      14.141      10.204      14.602
20160703      22.398      14.246      12.911      17.450
20160704      17.400      10.368      11.882      17.480
20160705      13.927       8.969      10.717      15.111
20160706      12.198       8.183       8.759      12.463
20160707      11.100       7.246       7.997      10.578
20160708      10.843       8.241       8.675      10.151
20160709       9.991       6.361       7.119       8.930
20160710      10.507       5.890       6.366       8.217
20160711      13.342      10.105       6.379       8.411
20160712      10.514      11.122       9.219      11.125
20160713      11.339       8.898       9.050       9.163
20160714      10.592       6.795       8.008       8.301
20160715      11.723       6.038       6.724       8.810
20160716      11.624       5.613       6.422       9.479
20160717      11.635       8.688       6.853      11.188
20160718      11.186       6.856       7.273       9.378
20160719      10.219       5.332       6.079       9.169
20160720       9.444       4.881       5.336       8.267
20160721       8.584       4.297       4.830       8.554
20160722       7.637       4.499       4.318       6.784
20160723       6.350       3.608       4.135       6.142
20160724       5.887       3.200       3.601       5.790
20160725       5.825       3.647       3.231       4.909
20160726       6.065       4.688       3.677       5.751
20160727       9.437       6.218       4.163       4.876
20160728       8.082      25.301       8.477      10.870
20160729      14.116      13.891      14.432       7.350
20160730      18.157      13.445      13.157      11.409
20160731      16.243      12.798      11.885      15.081
