date          Qobs       Qsimobs        Qsim       Qusi
20150801      15.763      13.551      14.992      14.601
20150802      11.425       8.972      11.147      12.420
20150803      10.087      13.275      11.686      11.430
20150804       9.501       7.948       9.485       9.686
20150805  -10000.000      11.092       8.800       8.408
20150806  -10000.000      20.703      20.211      25.919
20150807  -10000.000      10.812      15.845      16.424
20150808  -10000.000      40.189      16.931      16.933
20150809  -10000.000      24.275      24.731      25.737
20150810  -10000.000      16.700      21.494      21.681
20150811       8.335      12.405      16.069      16.087
20150812      11.235      16.893      13.931   -9999.000
20150813      13.170      19.767      16.803      13.114
20150814       9.091      11.426      14.661      11.798
20150815       7.506       8.537      11.416       7.411
20150816       6.478       7.248       8.537       5.857
20150817       5.715       6.389       7.240       5.822
20150818       5.106       5.632       6.388       5.127
20150819       4.572       4.959       5.632       4.508
20150820       4.110       4.369       4.959       4.040
20150821       3.732       3.838       4.366       3.604
20150822       3.437       3.370       3.838       3.247
20150823       3.175       2.958       3.370       3.237
20150824       2.997       2.594       2.958       2.972
20150825       2.952       2.274       2.594       2.611
20150826       2.892       2.513       2.297       2.381
20150827       2.907       2.575       4.820       5.535
20150828      50.887      50.115      19.941      22.003
20150829      30.297      48.331      36.456      50.950
20150830      15.196      26.308      32.385      36.298
20150831      11.856      24.905      25.795      15.091
20150901       9.921      16.085      22.812      12.066
20150902       8.540      11.565      16.078       8.872
20150903       7.477       8.477      11.556       7.053
20150904       6.552       6.096       8.477       5.768
20150905       6.393       8.896       9.721       7.574
20150906       7.011      10.216       8.203       6.538
20150907       9.661       9.257      10.683       9.370
20150908      20.169       6.556      10.769       9.720
20150909      13.292      11.303      11.313      15.951
20150910       9.478       7.477      10.119      10.484
20150911       7.703       6.145       4.840       7.891
20150912       6.551       5.434       6.145       6.255
20150913       5.896       4.809       5.434       5.901
20150914       5.255       4.243       4.803       5.047
20150915       4.831       3.812       4.243       4.643
20150916       4.493       3.347       3.781       4.194
20150917       4.008       2.947       3.347       3.842
20150918       5.671      13.242       5.525       6.344
20150919      54.429      38.039      27.646      23.763
20150920      46.338      40.182      32.582      49.110
20150921      33.691      28.246      34.323      41.026
20150922      21.394      20.228      24.587      25.262
20150923      16.754      14.227      19.411      16.587
20150924      14.385      10.561      14.194      12.478
20150925      21.403      12.628      14.867      14.507
20150926      22.877      21.744      16.852      21.470
20150927      52.962      29.825      23.783      29.319
20150928      26.534      26.304      22.467      43.936
20150929      19.290      17.549      16.987      20.419
20150930      28.044      18.472      17.386      17.866
20151001     151.100      42.977      32.897      34.417
20151002     164.769     123.703      78.911     121.544
20151003      92.847      87.604      88.044     115.866
20151004      71.608      58.211      77.102      78.126
20151005      54.100      44.346      54.289      50.595
20151006      40.821      31.490      40.917      42.032
20151007      31.950      22.830      31.490      30.812
20151008      25.286      17.304      23.465      23.620
20151009      21.266      12.943      18.162      19.797
20151010      18.863      12.132      13.037      15.351
20151011      16.599       9.080      10.958      14.480
20151012      14.658       7.542       9.072      12.447
20151013      13.048       6.728       7.546      11.655
20151014      11.779       6.443       7.806      11.562
20151015      10.580       5.581       6.198       9.756
20151016       9.842       5.270       5.581       9.027
20151017       9.443       4.897       5.154       7.909
20151018      10.662       5.514       4.800       7.716
20151019       9.941       5.061       4.573       8.438
20151020       8.855       4.565       4.507       7.998
20151021       8.093       3.989       4.690       7.544
20151022      13.164      14.044      12.575      19.847
20151023      21.095      24.926      15.699      21.220
20151024      16.805      14.128      18.206      19.534
20151025      23.073      21.017      17.536      16.965
20151026      26.062      17.020      20.637      25.822
20151027      40.119      31.773      25.744      33.453
20151028      19.355      16.814      22.064      38.495
20151029      15.273      12.341      16.787      14.753
20151030      12.983       9.125      12.414      11.983
20151031      14.230       9.376       9.218       9.463
20151101      45.518      20.361      14.242      17.438
20151102      80.236      42.265   -9999.000   -9999.000
20151103      57.563      41.559      45.891      76.029
20151104      42.723      34.662      38.349      55.608
20151105      33.109      24.705      29.091      28.587
20151106      24.273      18.131      22.602      28.090
20151107      25.356      15.903      18.095      20.034
20151108      23.668      22.819      20.978      22.888
20151109      19.775      16.094      18.633      21.133
20151110      18.128      12.887      16.726      17.502
20151111      32.141      25.768      18.054      19.309
20151112      27.301      23.561      22.070      31.573
20151113      20.493      15.577      18.847      23.374
20151114      16.552      12.659      15.367      15.300
20151115      14.011       9.121      11.446      11.884
20151116      12.402       7.902       9.112      10.808
20151117      11.686      13.417       9.155      11.945
20151118      10.381       7.870       8.720       9.985
20151119       9.511       6.648       7.703       8.250
20151120       8.779       6.166       6.772       7.562
20151121       7.977       5.540       6.141       7.964
20151122       7.331       4.733       5.311       6.761
20151123       7.158       7.168       6.232      10.902
20151124       6.902       4.659       6.038       5.836
20151125       6.349       3.447       4.127       5.349
20151126       6.376       3.695       7.425      11.354
20151127      64.396      29.389      22.217      34.329
20151128      56.354      41.352      26.803      36.564
20151129      21.080      22.018      29.790      61.751
20151130      15.454      16.803      22.981      18.617
20151201      14.348      19.181      19.285      15.235
20151202      13.620      10.915      17.541      13.633
20151203      13.657      17.054      12.467      12.402
20151204      12.157       9.436      11.421      11.221
20151205      12.042       7.737      10.631      14.111
20151206      12.545      25.009       9.925      13.746
20151207      21.394      57.524      22.970      19.994
20151208      20.509      29.406      52.256      39.201
20151209      31.340      40.970      29.662      18.383
20151210      21.971      35.537      37.060      35.880
20151211      16.897      31.266      32.332      23.602
20151212      14.339      30.456      31.223      15.748
20151213      12.705      20.804      27.777      15.825
20151214      11.308      16.890      22.321      12.117
20151215      10.838      13.564      16.661      10.281
20151216      10.781      15.048      14.387      10.392
20151217      10.189      10.022      16.356      13.029
20151218      17.040      10.190      16.848      15.093
20151219      51.939      20.531      20.621      22.919
20151220      51.316      31.679      29.401      57.287
20151221      52.160      48.864   -9999.000   -9999.000
20151222      39.943      41.513   -9999.000   -9999.000
20151223      27.210      29.184      39.648      36.779
20151224      20.794      22.514      27.822      23.819
20151225      26.662      33.341      23.688      19.367
20151226      23.980      29.873      31.170      29.196
20151227      18.188      19.896      25.122      19.459
20151228      15.227      13.561      17.760      14.229
20151229      13.774      10.827      13.477      12.172
20151230      12.112       9.867      10.893      11.482
20151231      12.224      25.292       9.301      11.152
20160101      11.488      21.937      19.137      16.041
20160102       9.569      18.682      20.041      11.936
20160103       4.529      13.777      17.906      10.001
20160104       7.346      10.553      13.777       4.576
20160105       6.303       8.008      10.660       6.752
20160106       7.082       7.198       7.967       5.144
20160107       6.219       6.394       7.149       6.204
20160108       5.289       5.820       6.414       5.373
20160109       5.926       5.158       5.756       4.972
20160110       7.760       4.609       5.150       5.229
20160111       8.778       4.927       5.862       8.025
20160112      10.930       3.829       4.477       6.776
20160113      15.743       3.345       3.925       7.755
20160114      21.628       2.991       3.377      11.079
20160115      27.729       2.664       2.978      13.300
20160116      32.203       2.867       2.943      10.729
20160117      32.482       2.710       3.066      23.764
20160118      31.743       8.734       9.064      69.416
20160119      35.002       7.579       5.258       5.420
20160120      36.061       5.442       6.273       6.407
20160121      32.384       4.930       5.852       5.931
20160122      30.245       2.128       3.240       3.302
20160123      28.408       2.091       2.032       2.037
20160124      23.833       2.913       2.384       2.388
20160125      19.663       1.479       2.243       2.124
20160126      14.726       5.853       3.005       2.972
20160127      15.249       8.717       3.287       3.777
20160128      12.672       4.470       6.756       7.480
20160129      10.608       3.670       5.519       5.601
20160130      10.225      28.109       5.004       5.170
20160131       9.718      12.851      18.464      19.323
20160201       8.798       9.595      13.448      13.460
20160202       8.453       7.613      12.154      12.181
20160203       7.448       6.235       6.808       6.855
20160204       7.123      13.620       9.495       9.518
20160205       7.863       9.200       7.218       7.435
20160206       7.984       5.450       5.906       6.005
20160207       8.050       5.681       7.897       8.729
20160208      14.614      21.036       4.170       4.676
20160209      16.945      25.834      12.785      12.872
20160210      11.054      14.474      19.707      19.763
20160211       8.196      10.778      14.868      14.861
20160212       6.142       7.576      11.393      11.403
20160213       5.561       6.598       7.764       7.762
20160214       4.894       5.566       6.493       6.503
20160215       4.705       4.619       5.374       5.399
20160216       4.389       5.525       6.810       6.816
20160217       4.107       4.018       4.337       4.360
20160218       3.552       3.923       3.767       3.778
20160219       3.283       3.090       3.611       3.613
20160220       3.247       2.733       3.078       3.079
20160221       3.040       2.994       3.363       3.366
20160222       2.914       2.301       2.905       2.909
20160223       2.811       2.165       2.300       2.665
20160224       2.889       6.775       6.105       7.133
20160225       2.940       6.567       8.116       4.425
20160226       3.086       6.109       6.673       4.200
20160227       3.108       2.790       3.699       2.012
20160228       3.075       5.300       6.363       6.318
20160229       3.074       2.878       4.132       2.731
20160301       3.065       1.878       2.093       1.882
20160302       2.932       1.287       1.630       1.987
20160303       2.759       1.056       1.291       2.070
20160304       2.673       1.003       1.255       2.569
20160305       2.600       0.973       1.724       3.784
20160306       2.542       0.782       1.181       2.602
20160307       2.488       0.703       0.900       2.239
20160308       2.446       2.120       1.347       3.875
20160309       2.410       0.692       0.831       1.123
20160310       2.428       0.524       0.668       1.598
20160311       2.359       0.456       0.528       1.708
20160312       2.315       0.369       0.441       1.884
20160313       2.312       0.415       0.552       2.466
20160314      26.686       6.331      17.723      61.488
20160315      69.092      10.279       4.488       8.191
20160316      51.045      11.183       5.702      55.013
20160317      41.965      16.142       8.330      47.918
20160318      38.718      16.892      14.279      41.819
20160319      23.811      13.065      15.985      34.886
20160320      21.020      10.711      12.512      17.864
20160321      19.107      13.199      13.940      22.151
20160322      16.611       9.607       9.231      13.571
20160323   -9999.000   -9999.000       9.377      15.791
20160324      14.066       5.199   -9999.000   -9999.000
20160325      12.979       3.995   -9999.000   -9999.000
20160326      12.339       4.938   -9999.000   -9999.000
20160327      17.286      18.612       4.793      11.692
20160328      27.132      40.960      15.256      26.014
20160329      34.032      55.836      33.655      43.148
20160330      39.001      57.753      45.588      38.918
20160331      23.451      32.342      47.886      42.090
20160401      18.196      25.230      33.549      16.645
20160402      15.695      18.825      25.142      15.654
20160403      17.052      20.438      21.385      15.512
20160404      20.327      31.058      21.186      17.704
20160405      25.335      34.440      27.791      23.379
20160406      33.631      32.539      32.065      31.167
20160407      39.752      41.727      33.840      37.849
20160408      32.038      31.010      35.632      43.657
20160409      22.540      23.263      28.736      29.244
20160410      19.038      16.760      21.796      18.450
20160411      17.309      13.184      16.737      15.470
20160412      16.344      11.926      13.468      16.436
20160413      15.257      13.574      12.074      16.398
20160414      13.724       9.061      11.099      12.763
20160415      13.102       8.971      10.590      12.770
20160416      13.767      13.191       8.809      12.027
20160417      14.449      11.057      10.526      14.465
20160418      16.265      14.304      10.403      13.903
20160419      23.239      25.458      24.025      30.502
20160420      21.985      20.419      19.586      24.049
20160421      21.345      25.001      22.403      26.406
20160422      21.064      31.676      26.368      27.152
20160423      16.004      20.229      24.975      22.718
20160424      13.503      14.924      18.988      12.738
20160425      12.171      10.996      14.897      11.821
20160426      11.298       9.142      11.515       9.665
20160427      10.824       6.968       8.906       9.171
20160428      10.531       9.463       8.681       9.646
20160429      20.510      30.317      10.007      11.592
20160430      34.122      36.400      21.485      21.296
20160501      48.211      53.312      33.752      39.224
20160502      41.881      48.522      46.016      51.220
20160503      59.425      60.991      48.981      40.560
20160504      63.899      63.866      57.596      56.782
20160505      51.871      63.589      59.939      67.749
20160506      51.319      66.957      63.828      54.134
20160507      57.239      69.291      66.042      52.053
20160508      62.294      71.898      68.909      55.707
20160509      68.536      69.560      70.664      63.103
20160510      69.273      70.756      69.514      65.132
20160511      55.341      50.451      63.003      59.198
20160512      50.533      46.748      51.874      43.944
20160513      45.600      40.344      47.796      44.210
20160514      44.138      31.253      39.013      36.960
20160515      43.688      32.289      33.859      36.644
20160516      35.967      27.881      28.146      34.492
20160517      33.842      24.903      23.399      28.566
20160518      28.177      18.331      25.211      33.695
20160519      24.507      22.958      21.273      25.896
20160520      24.750      15.705      20.667      21.194
20160521      51.064      40.168      27.960      31.609
20160522      43.820      32.502      29.833      50.142
20160523      51.127      43.687      33.477      41.138
20160524      43.898      32.785      34.928      41.998
20160525      40.015      28.458      32.860      38.204
20160526      35.047      22.132      26.444      29.308
20160527      32.862      23.883      23.648      28.401
20160528      33.656      27.302      24.122      31.434
20160529      33.846      26.748      26.059      31.596
20160530      31.087      27.601      26.769      29.870
20160531      30.177      29.591      27.523      30.262
20160601      28.268      29.466      29.861      30.974
20160602      25.672      26.909      28.663      30.056
20160603      23.105      23.957      26.177      22.507
20160604      20.232      19.938      22.668      19.615
20160605      17.814      16.316      19.182      20.359
20160606      15.967      14.854      16.504      16.812
20160607      15.576      14.851      15.291      14.265
20160608      15.003      14.377      17.783      19.744
20160609      13.300      12.360      15.417      14.819
20160610      12.239      10.951      11.660      10.565
20160611      11.024       8.370       9.709      10.315
20160612      10.319       8.274       8.759       9.620
20160613       9.802       7.773       8.068       8.913
20160614       9.151       6.783       7.138       8.405
20160615       8.615       7.792       6.850       8.704
20160616       9.196      11.930       9.476      11.066
20160617       8.843      11.314      11.948      10.666
20160618       8.788      12.790      16.258      13.826
20160619      12.390      12.739      14.456      10.647
20160620      14.099      13.292      16.203      15.404
20160621      11.728      10.536      12.271      16.372
20160622      11.576      12.630      10.815      10.587
20160623      10.499       8.673      10.510      10.817
20160624       9.183       7.290       8.464       9.543
20160625       9.314       9.982      13.250      14.473
20160626       8.562       6.571       7.508       7.860
20160627      10.765      11.761       6.706       8.093
20160628      10.506      11.457       9.936      12.396
20160629       8.983       7.225      10.470      10.291
20160630       7.457       5.896       6.929       7.439
20160701       6.802       5.238       5.896       6.922
20160702       6.195       4.541       5.410       5.696
20160703       9.513      10.806       5.948       6.939
20160704      14.219      14.620      15.277      14.769
20160705       7.949       8.554      10.048      12.950
20160706       6.558       6.451       7.255       6.093
20160707       7.573      11.865       8.277       7.836
20160708       7.360       6.447       9.664       7.013
20160709       5.936       5.269       6.181       5.681
20160710       5.156       4.645       5.266       4.954
20160711       4.857       4.166       4.646       4.600
20160712       6.002       6.009      10.796      12.035
20160713      17.574      19.671       8.797       9.872
20160714      19.632      21.915      13.047       8.870
20160715      13.038      11.580      14.977      17.343
20160716      10.052       8.352      11.066      10.919
20160717      15.004      21.863      12.237      11.267
20160718      16.272      21.042      17.688      16.680
20160719      13.268      13.891      17.110      16.189
20160720       9.844      10.034      12.783      10.482
20160721       8.269       7.207       9.874       7.851
20160722       7.567       6.030       7.212       6.479
20160723       9.795      10.457       6.927       6.530
20160724       7.474      23.781       8.109       8.932
20160725       6.544      10.627      14.213       8.047
20160726       6.079       7.582      10.846       5.585
20160727      14.217      35.420      16.353      10.139
20160728       9.910      15.925      19.781      17.337
20160729      11.022      18.983      18.630       9.984
20160730      12.643      13.204      15.024       9.912
20160731      24.585      24.919      21.848      13.160
