date          Qobs       Qsimobs        Qsim       Qusi
20150801      31.208      29.747      32.986      34.249
20150802      27.347      37.977      30.440      30.539
20150803      24.918      30.947      37.357      29.435
20150804      29.339      31.265      32.024      25.359
20150805      37.087      47.282      36.730      32.861
20150806      35.556      36.957      41.809      38.791
20150807      41.352      44.152      37.514      34.386
20150808      40.940      40.367      39.564      37.968
20150809      35.843      32.789      38.361      37.764
20150810      35.563      29.085      33.127      32.291
20150811      43.062      34.312      29.055      31.626
20150812      41.978      33.807      31.329      37.234
20150813      34.907      24.627      31.500      37.528
20150814      31.138      23.455      25.726      31.242
20150815      35.517      26.558      24.312      28.801
20150816      49.221      33.732      27.847      36.800
20150817      52.098      36.611      31.165      43.887
20150818      49.973      28.075      32.080      45.082
20150819      45.003      25.890      27.728      44.297
20150820      40.087      24.323      26.132      41.794
20150821      36.271      22.189      23.939      37.166
20150822      33.940      20.678      21.988      31.195
20150823      30.761      18.198      20.365      31.767
20150824      30.399      16.961      18.217      28.384
20150825      35.027      16.801      17.399      27.142
20150826      34.391      24.048      18.031      31.058
20150827      33.555      20.243      23.989      35.565
20150828      31.454      22.139      20.444      30.812
20150829      29.713      23.820      22.107      28.812
20150830      26.039      23.411      24.248      30.150
20150831      23.159      20.339      21.477      23.513
20150901      20.510      16.434      19.021      19.713
20150902      36.576      23.765      21.059      22.078
20150903      28.859      17.467      20.389      31.025
20150904      25.216      15.424      17.181      24.950
20150905      24.838      19.621      17.190      25.027
20150906      18.660      14.746      16.824      22.627
20150907      14.654      13.601      14.685      17.675
20150908      12.022      12.463      13.586      13.501
20150909      10.315      11.395      12.566      11.557
20150910       9.114      10.673      11.617       9.581
20150911       8.704       9.846      10.627       8.667
20150912       8.762       9.093       9.783       8.314
20150913       9.812       9.131       9.152       8.309
20150914      12.167       9.097      12.374       8.716
20150915      16.499       8.022      11.004      11.159
20150916      20.990      17.125      11.017      17.560
20150917      19.217      10.342      13.659      19.077
20150918      19.216      11.510      12.230      18.269
20150919      19.928      10.572      10.855      16.965
20150920      17.445      10.076      10.862      18.647
20150921      14.141       8.714       9.311      16.154
20150922      11.554       7.985       8.623      12.811
20150923      10.158       8.553       8.360      11.355
20150924       9.196       7.272       7.915       9.335
20150925      11.700      15.196       8.455       9.870
20150926      14.282      19.078      13.042      12.103
20150927      12.844      13.639      15.703      13.797
20150928      10.927      12.000      13.119      12.032
20150929       9.236      10.952      11.996      10.389
20150930       8.007       7.516      11.039       8.629
20151001       7.253       7.337      10.214       7.999
20151002       6.887       6.748       9.878       6.729
20151003       7.170       7.426       6.732       6.462
20151004       6.234       8.220       6.753       6.502
20151005       5.533       7.580       6.152       5.846
20151006       4.992       7.032       5.684       5.268
20151007       4.302       7.065       6.989       4.741
20151008       3.879       7.043       7.338       4.865
20151009       3.784       7.577       6.900       4.135
20151010       3.581       5.949       6.920       3.287
20151011       3.335       5.438       5.924       3.234
20151012       3.128       7.386       5.438       3.119
20151013       2.838       6.775       4.987       3.095
20151014       2.738       3.983       4.573       2.567
20151015       2.625       3.635       6.172       2.451
20151016       2.509       3.304       5.669       2.333
20151017       2.395       2.977       3.324       2.290
20151018       2.287       2.671       3.009       2.154
20151019       2.135       2.381       2.689       2.057
20151020       2.028       2.170       2.393       1.860
20151021       1.993       2.690       2.641       2.212
20151022       4.828       6.105       4.189       2.855
20151023      14.706      53.310       8.622       5.780
20151024      10.228      18.185      24.608      12.821
20151025      11.827      27.250      20.436      10.962
20151026      10.760      23.840      24.387      12.895
20151027       9.520      17.467      21.388       9.197
20151028       7.824      13.497      17.251       8.577
20151029       6.295      12.160      15.428       7.510
20151030       5.927      11.207      14.366       6.357
20151031       8.895      13.031      13.005       6.470
20151101      12.581      16.505      12.977       8.936
20151102      10.603      13.198   -9999.000   -9999.000
20151103      10.491      11.969      13.094      10.046
20151104       9.725      11.406      11.934       9.502
20151105       8.535      10.521      10.942       9.139
20151106       7.813       9.721      10.063       8.285
20151107      11.462      10.620      11.289       9.052
20151108      12.422      17.112      10.651       7.973
20151109      17.161      28.090      11.709      14.542
20151110      16.936      49.624      24.652      18.280
20151111      14.362      44.597      36.605      22.464
20151112      14.552      34.074      36.693      15.710
20151113      14.261      34.518      30.855      11.794
20151114      11.565      25.649      28.607      11.347
20151115      10.031      36.556      28.208      12.080
20151116       8.565      31.170      27.272       7.221
20151117       8.595      22.997      22.021       8.735
20151118       7.845      24.359      22.642       7.557
20151119       6.351      14.063      21.609       5.928
20151120       5.177      12.277      14.057       5.810
20151121       4.112      11.173      12.155       5.100
20151122       4.074       9.908      10.980       4.123
20151123       4.176       8.998       9.914       4.223
20151124       4.443       8.988       9.492       4.176
20151125       3.828       8.012       9.099       4.470
20151126       3.479       7.192       8.655       4.444
20151127      18.550      14.922       9.693       4.884
20151128      21.668      15.103      11.988      11.171
20151129      14.801      15.622      11.920      17.480
20151130      12.295      13.957      13.579      11.201
20151201      10.267      11.232      12.242       9.663
20151202      11.202       7.838       9.140       7.934
20151203      13.911      14.004       8.171       8.645
20151204       9.992       9.316      10.867      10.608
20151205      26.661      19.780      11.340      12.154
20151206      22.126      64.064      19.527      21.542
20151207      13.149      46.777      37.378      26.020
20151208      12.140      23.359      38.576      13.055
20151209      15.358      44.709      25.082      12.007
20151210      18.928      57.897      36.117      17.264
20151211      11.791      42.115      46.831      20.491
20151212       9.075      26.506      39.963      10.056
20151213       7.377      19.651      25.314       6.647
20151214       6.134      17.833      19.703       5.907
20151215       4.714      15.536      17.254       5.352
20151216       4.140      14.071      15.556       5.122
20151217       6.189      14.659      15.264       3.857
20151218      16.978      16.188      15.116       5.826
20151219      25.543      20.527      21.793      18.508
20151220      59.285      69.975      22.182      25.175
20151221      53.431     102.068   -9999.000   -9999.000
20151222      37.834      79.097   -9999.000   -9999.000
20151223      30.328      59.115      68.677      37.914
20151224      23.959      54.076      55.132      27.608
20151225      19.821      72.330      48.663      22.250
20151226      14.144      40.329      59.324      21.235
20151227      11.949      27.159      39.066      10.623
20151228       9.730      22.630      26.820       8.480
20151229       7.937      19.758      21.879       7.700
20151230       6.718      18.895      20.036       7.698
20151231       6.077      24.997      19.548       7.358
20160101       5.791      25.149      22.037       6.700
20160102       5.076      21.161      22.466       5.853
20160103       6.391      17.894      19.990       4.476
20160104      11.559      16.265      17.907       4.790
20160105      20.754      14.848      16.276      10.633
20160106      19.195      13.691      14.848      14.854
20160107      16.035      12.403      13.600      13.580
20160108      12.210      11.490      12.411      12.412
20160109       9.612      10.377      11.386      11.367
20160110       7.740      10.017      10.547      10.541
20160111       6.513      10.251      10.075       9.999
20160112       4.424       7.929       8.990       8.866
20160113       4.238       7.347       8.161       8.147
20160114       3.817       7.476       8.472       8.436
20160115       3.597       6.645       6.769       6.623
20160116       3.251       6.858       7.097       7.002
20160117       3.204       5.073       5.876       5.667
20160118       3.038       5.016       5.327       5.327
20160119       2.816       4.820       5.392       5.329
20160120       2.748       3.837       4.467       4.373
20160121       2.627       3.481       3.840       3.837
20160122       2.586       3.151       3.477       3.568
20160123       2.512       4.512       3.414       3.560
20160124       2.314       4.048       4.609       4.343
20160125       2.911       3.828       3.651       3.380
20160126       7.083       9.059       3.658       3.333
20160127       6.057       8.883       7.426       5.898
20160128       4.859       7.885       7.064       6.309
20160129       6.819       7.907       7.038       6.512
20160130       4.882      21.567      11.282      10.561
20160131       3.803       9.973      14.178      10.009
20160201       4.413       6.421       8.947       8.401
20160202       5.911      12.383      12.016      11.735
20160203       5.522       8.296       7.211       5.982
20160204       5.109       4.828       6.815       6.195
20160205       4.531       3.280       4.335       4.315
20160206       4.383       6.060       4.336       4.527
20160207       4.418       6.106       5.482       4.976
20160208       3.890       4.311       5.393       4.756
20160209       3.148       4.593       4.489       4.200
20160210       2.890       2.781       3.855       3.573
20160211       3.396       2.098       2.472       2.403
20160212      11.370       1.793       2.060       2.047
20160213      11.758       1.587       1.788       1.795
20160214       4.205       1.427       1.589       1.587
20160215       3.375       1.280       1.423       1.427
20160216       3.548       1.329       1.286       1.280
20160217       2.375       1.475       1.753       1.733
20160218       1.753       1.017       1.460       1.389
20160219       1.645       1.048       1.146       1.130
20160220       1.312       2.239       1.760       1.739
20160221       1.427       6.318       4.395       4.195
20160222       1.558       5.332       6.659       5.855
20160223       1.691       3.426       3.733       3.103
20160224       1.744       1.150       2.761       2.424
20160225       1.747       1.360       1.447       1.424
20160226       1.822       0.680       1.208       1.106
20160227       1.794       0.570       0.791       0.785
20160228       1.762       0.517       0.694       0.691
20160229       1.614       0.561       0.448       0.437
20160301       1.463       0.425       0.425       0.438
20160302       1.097       1.339       1.197       1.182
20160303       1.368       0.574       1.696       1.544
20160304       1.262       0.375       0.516       0.482
20160305       1.125       0.438       0.663       0.651
20160306       1.104       0.308       0.395       0.364
20160307       1.136       0.301       0.692       0.690
20160308       1.132       0.255       0.242       0.237
20160309       1.180       0.256       0.221       0.210
20160310       1.135       0.321       0.241       0.229
20160311       1.041       0.625       0.205       0.224
20160312       1.020       0.250       0.284       0.260
20160313       1.046       0.743       0.326       0.316
20160314       1.047       0.538       0.561       0.523
20160315       1.558       0.513       0.627       1.131
20160316       1.916       0.650       0.664       1.858
20160317       1.758       0.553       0.683       1.820
20160318       1.659       1.223       0.619       1.860
20160319       1.429       1.061       0.993       2.198
20160320       1.310       1.148       1.198       1.662
20160321       1.268       1.200       1.285       1.293
20160322       1.223       1.785       2.013       2.017
20160323   -9999.000   -9999.000       1.376       0.833
20160324       1.047       1.256   -9999.000   -9999.000
20160325       1.050       2.014   -9999.000   -9999.000
20160326       1.140       2.734   -9999.000   -9999.000
20160327       3.388       5.013       2.340       0.998
20160328       2.063       2.963       3.424       2.263
20160329       2.070       3.789       3.490       2.670
20160330       1.530       3.648       3.697       2.564
20160331       1.267       2.867       3.044       1.303
20160401       1.176       2.400       2.919       1.414
20160402       1.238       3.184       3.420       1.781
20160403       1.424       2.991       3.146       1.325
20160404       1.784       2.009       2.353       1.132
20160405       3.037       3.414       2.354       2.037
20160406       2.578       3.305       2.644       2.538
20160407       2.485       3.040       3.256       2.768
20160408       2.313       2.565       2.805       2.277
20160409       2.047       2.723       2.691       2.375
20160410       1.894       1.971       2.184       1.655
20160411       1.818       1.838       1.895       1.656
20160412       1.687       1.774       1.722       1.472
20160413       1.667       1.445       1.623       1.381
20160414       1.702       1.607       1.824       1.962
20160415       1.859       3.480       2.934       2.989
20160416       1.686       2.291       2.608       1.567
20160417       1.524       1.267       1.550       1.082
20160418       2.072       2.747       1.502       1.502
20160419       1.947       5.505       4.949       3.998
20160420       1.633       2.873       3.178       1.268
20160421       1.697       1.982       2.268       1.389
20160422       1.487       2.723       3.079       2.396
20160423       1.311       1.257       1.980       1.120
20160424       1.150       1.123       1.415       1.306
20160425       1.296       1.027       0.995       0.942
20160426       1.142       0.718       1.021       1.138
20160427       1.135       0.969       0.698       1.118
20160428       1.095       1.253       0.873       1.239
20160429       1.110       0.841       1.408       1.228
20160430       1.102       1.168       0.917       1.094
20160501       1.083       0.958       0.996       1.005
20160502       1.264       1.639       1.012       1.024
20160503       2.037       3.071       1.964       1.540
20160504       1.945       2.629       2.104       1.367
20160505       2.172       3.244       1.712       1.297
20160506       2.483       4.143       2.520       2.504
20160507       3.761       6.604       3.782       3.208
20160508       7.054      10.690       6.270       4.256
20160509      12.956      13.678       9.668       7.814
20160510      13.068      16.342      12.261      13.777
20160511      13.425      22.823      15.689      14.997
20160512      13.551      29.749      19.777      14.687
20160513      12.366      32.716      24.774      14.377
20160514      10.347      21.690      26.421      12.700
20160515      11.300      19.237      21.443       8.085
20160516      11.546      18.092      18.516       9.745
20160517      12.249      19.001      17.361       9.930
20160518      12.098      17.615      18.137      13.194
20160519      15.652      19.712      19.468      14.178
20160520      19.793      23.543      18.639      14.413
20160521      23.274      25.480      20.455      20.854
20160522      30.195      32.464      22.898      23.206
20160523      32.546      38.147      30.138      29.131
20160524      33.729      37.130      33.541      31.871
20160525      34.687      39.472      33.962      31.517
20160526      33.023      39.961      36.157      33.407
20160527      31.874      40.959      37.399      31.704
20160528      33.718      46.581      40.019      31.712
20160529      36.877      51.906      46.069      36.353
20160530      50.573      43.616      47.173      34.305
20160531      73.648      56.914      49.299      48.168
20160601      76.203      59.322      52.118      66.023
20160602      82.651      55.503      56.209      69.027
20160603      86.948      55.947      54.573      69.805
20160604      80.666      57.003      54.431      77.987
20160605      77.994      55.007      54.757      72.252
20160606      73.814      51.078      53.105      69.939
20160607      69.730      48.005      49.601      63.562
20160608      66.525      43.272      46.053      59.298
20160609      53.971      36.249      40.780      57.849
20160610      44.055      32.223      34.197      44.239
20160611      36.026      26.728      31.347      38.411
20160612      31.818      25.837      26.662      30.892
20160613      29.140      25.349      25.407      28.228
20160614      29.150      24.752      24.491      27.091
20160615      31.788      25.244      23.970      27.235
20160616      37.092      22.694      24.576      27.927
20160617      35.942      21.944      23.237      32.249
20160618      36.185      22.794      23.272      33.477
20160619      37.898      19.936      21.072      30.175
20160620      34.075      16.611      18.707      33.304
20160621      35.096      25.506      20.112      33.492
20160622      33.534      18.688      21.249      30.340
20160623      33.479      18.177      18.303      26.950
20160624      40.922      17.288      17.724      31.202
20160625      49.573      25.070      19.243      35.820
20160626      49.834      19.828      21.508      42.397
20160627      50.949      19.243      20.086      39.866
20160628      45.643      17.267      18.688      42.267
20160629      37.832      14.476      16.814      36.466
20160630      35.449      14.899      15.525      34.417
20160701      34.392      14.902      14.393      30.214
20160702      33.183      15.297      14.823      29.754
20160703      29.037      15.113      15.195      29.909
20160704      25.272      12.542      14.386      26.146
20160705      22.743      12.726      13.383      24.038
20160706      20.776      11.118      12.071      19.193
20160707      19.158      10.644      11.023      18.735
20160708      18.145       9.952      10.581      16.317
20160709      17.896       9.873      10.351      17.126
20160710      18.399       8.856       9.517      15.366
20160711      23.181      16.507      10.128      17.599
20160712      25.101      13.297      13.788      22.087
20160713      25.507      13.215      12.568      22.459
20160714      25.527      12.427      12.553      21.471
20160715      25.292      11.220      11.477      21.066
20160716      25.400      10.813      11.231      22.093
20160717      27.362      13.558      13.700      28.136
20160718      23.802      11.325      12.915      24.604
20160719      21.557       9.917      10.790      20.738
20160720      22.144      14.026       9.875      18.773
20160721      23.063      10.975      11.580      20.161
20160722      25.787       9.481      10.528      18.364
20160723      26.062       9.062       9.648      22.089
20160724      24.417       8.071       8.861      22.078
20160725      22.806       7.598       8.278      21.474
20160726      22.568      10.486       7.853      19.858
20160727      20.672       8.567       9.482      19.321
20160728      21.436      11.732       9.781      20.944
20160729      20.708      10.941      10.775      19.060
20160730      21.225      13.447      10.928      19.730
20160731      18.714      11.330      11.716      18.147
