date          Qobs       Qsimobs        Qsim       Qusi
20150801       1.891       1.366       1.592       1.832
20150802       1.710       1.484       1.395       1.848
20150803       1.514       1.276       1.480       1.687
20150804       1.362       1.190       1.293       1.441
20150805       1.727       2.594       1.594       1.651
20150806       2.194       1.640       2.406       1.972
20150807       2.117       1.440       1.727       1.982
20150808       1.873       1.352       1.442       1.853
20150809       1.606       1.259       1.348       1.750
20150810       1.397       1.173       1.260       1.504
20150811       1.250       1.116       1.176       1.344
20150812       1.158       1.173       1.144       1.231
20150813       1.061       1.040       1.147       1.122
20150814       0.964       0.968       1.038       0.996
20150815       0.871       0.916       0.968       0.888
20150816       0.794       0.867       0.916       0.826
20150817       0.735       0.822       0.867       0.764
20150818       0.680       0.779       0.822       0.712
20150819       0.632       0.736       0.779       0.651
20150820       0.593       0.697       0.737       0.609
20150821       0.563       0.660       0.697       0.566
20150822       0.529       0.626       0.660       0.543
20150823       0.491       0.593       0.626       0.501
20150824       0.466       0.560       0.593       0.471
20150825       0.593       0.651       0.601       0.476
20150826       2.030       4.784       0.931       0.696
20150827       3.867       2.935       3.035       2.797
20150828       4.473       2.287       3.011       3.912
20150829       3.713       1.844       2.347       3.910
20150830       2.991       1.652       1.898       3.263
20150831       2.446       1.481       1.657       2.700
20150901       2.061       1.367       1.479       2.253
20150902       9.985       6.490       1.653       2.334
20150903      18.328      11.230       6.429       9.478
20150904      11.399       5.170       8.167      15.761
20150905       7.717       5.115       5.118       8.165
20150906       6.001       3.635       4.688       5.859
20150907       4.549       2.437       3.463       4.476
20150908       3.529       2.139       2.641       3.529
20150909       2.845       2.000       2.263       3.094
20150910       2.357       1.864       2.000       2.670
20150911       1.992       1.742       1.860       2.202
20150912       1.780       1.670       1.744       1.910
20150913       2.169       4.893       1.769       1.796
20150914       2.809       4.068       3.253       2.488
20150915       5.880       5.296       4.321       3.412
20150916      12.025      12.802       7.870       6.602
20150917      11.161       8.747      17.449      14.171
20150918      10.512       8.624       9.168       9.707
20150919       7.339       4.689       7.463       8.441
20150920       5.241       3.135       4.684       4.862
20150921       4.022       2.395       3.174       3.672
20150922       3.346       2.216       2.443       3.205
20150923       3.434       2.669       2.440       3.325
20150924       3.403       2.144       3.577       3.419
20150925       3.560       2.628       2.331       3.397
20150926       3.440       2.102       2.410       3.267
20150927       2.953       1.965       2.100       3.224
20150928       2.517       1.826       1.966       2.815
20150929       2.198       1.712       1.841       2.375
20150930       1.928       1.370       1.726       2.064
20151001       1.727       1.298       1.608       1.836
20151002       1.555       1.229       1.510       1.660
20151003       1.397       1.166       1.229       1.466
20151004       1.246       1.276       1.166       1.328
20151005       1.136       1.208       1.103       1.207
20151006       1.053       1.319       1.046       1.099
20151007       1.001       1.184       1.257       1.032
20151008       0.969       1.159       1.155       0.946
20151009       0.962       1.107       1.161       0.966
20151010       0.990       1.369       1.100       0.904
20151011       1.001       1.185       1.270       1.026
20151012       0.995       1.084       1.186       0.929
20151013       0.972       1.041       1.123       0.926
20151014       0.928       0.983       1.060       0.920
20151015       0.878       0.930       0.981       0.891
20151016       0.831       0.881       0.931       0.842
20151017       0.785       0.834       0.882       0.798
20151018       0.743       0.790       0.835       0.753
20151019       0.706       0.748       0.791       0.703
20151020       0.676       0.709       0.748       0.681
20151021       0.663       0.671       0.710       0.649
20151022       0.654       0.726       0.676       0.620
20151023       0.663       0.691       0.734       0.640
20151024       0.655       0.649       0.683       0.644
20151025       0.657       0.618       0.657       0.613
20151026       0.640       0.584       0.619       0.631
20151027       0.622       0.553       0.586       0.600
20151028       0.606       0.523       0.553       0.594
20151029       0.590       0.496       0.523       0.576
20151030       0.575       0.469       0.496       0.554
20151031       0.588       0.576       0.471       0.562
20151101       0.614       0.511       0.569       0.591
20151102       0.611       0.483   -9999.000   -9999.000
20151103       0.605       0.452       0.482       0.579
20151104       0.593       0.430       0.452       0.566
20151105       0.578       0.407       0.428       0.564
20151106       0.571       0.397       0.405       0.552
20151107       0.617       0.688       0.513       0.651
20151108       0.728       0.944       0.602       0.670
20151109       0.825       0.867       0.790       0.718
20151110       0.858       0.815       0.894       0.827
20151111       0.830       0.746       0.806       0.813
20151112       0.773       0.698       0.759       0.786
20151113       0.724       0.722       0.714       0.728
20151114       0.678       0.647       0.703       0.698
20151115       0.639       0.604       0.653       0.631
20151116       0.620       0.581       0.604       0.607
20151117       0.607       0.687       0.622       0.625
20151118       0.584       0.569       0.668       0.572
20151119       0.568       0.528       0.571       0.544
20151120       0.543       0.493       0.530       0.532
20151121       0.513       0.461       0.493       0.512
20151122       0.481       0.431       0.461       0.476
20151123       0.461       0.404       0.431       0.451
20151124       0.461       0.382       0.411       0.440
20151125       0.452       0.357       0.384       0.434
20151126       0.432       0.335       0.358       0.430
20151127       0.424       0.316       0.461       0.462
20151128       0.456       0.363       0.338       0.427
20151129       0.476       0.366       0.353       0.469
20151130       0.473       0.321       0.360       0.450
20151201       0.462       0.298       0.319       0.444
20151202       0.453       0.290       0.306       0.453
20151203       0.448       0.286       0.295       0.435
20151204       0.479       0.373       0.332       0.496
20151205       0.491       0.351       0.448       0.502
20151206       0.535       0.830       0.390       0.518
20151207       0.551       0.676       0.650       0.641
20151208       0.553       0.592       0.680       0.645
20151209       0.572       0.563       0.602       0.539
20151210       0.581       0.531       0.574       0.535
20151211       0.586       0.724       0.528       0.549
20151212       0.573       0.596       0.639       0.621
20151213       0.557       0.559       0.601       0.545
20151214       0.532       0.526       0.560       0.528
20151215       0.496       0.495       0.526       0.499
20151216       0.461       0.466       0.495       0.473
20151217       0.446       0.464       0.477       0.450
20151218       0.456       0.446       0.472       0.428
20151219       0.456       0.585       0.585       0.440
20151220       0.485       0.419       0.824       0.663
20151221       0.574       0.630   -9999.000   -9999.000
20151222       0.678       0.593   -9999.000   -9999.000
20151223       0.745       0.556       0.632       0.736
20151224       0.764       0.520       0.559       0.715
20151225       0.778       0.860       0.540       0.744
20151226       0.758       0.704       0.721       0.912
20151227       0.699       0.657       0.708       0.716
20151228       0.666       0.653       0.672       0.679
20151229       0.636       0.599       0.650       0.624
20151230       0.615       0.565       0.602       0.608
20151231       0.612       0.568       0.572       0.586
20160101       0.609       0.530       0.570       0.583
20160102       0.614       0.573       0.547       0.586
20160103       0.605       0.512       0.572       0.587
20160104       0.589       0.486       0.517       0.565
20160105       0.571       0.457       0.488       0.549
20160106       0.556       0.430       0.459       0.542
20160107       0.538       0.402       0.430       0.525
20160108       0.512       0.383       0.403       0.506
20160109       0.489       0.370       0.385       0.488
20160110       0.497       0.383       0.384       0.484
20160111       0.513       0.499       0.414       0.487
20160112       0.495       0.400       0.491       0.492
20160113       0.487       0.382       0.409       0.474
20160114       0.471       0.360       0.414       0.457
20160115       0.457       0.339       0.359       0.442
20160116       0.455       0.414       0.371       0.463
20160117       0.445       0.340       0.402       0.430
20160118       0.425       0.316       0.340       0.419
20160119       0.411       0.298       0.317       0.399
20160120       0.394       0.283       0.298       0.384
20160121       0.378       0.270       0.283       0.370
20160122       0.361       0.259       0.270       0.361
20160123       0.358       0.280       0.264       0.350
20160124       0.347       0.257       0.277       0.341
20160125       0.337       0.247       0.257       0.336
20160126       0.329       0.240       0.249       0.324
20160127       0.325       0.234       0.246       0.329
20160128       0.330       0.258       0.253       0.332
20160129       0.325       0.235       0.259       0.319
20160130       0.332       0.461       0.267       0.355
20160131       0.328       0.317       0.388       0.348
20160201       0.325       0.297       0.321       0.310
20160202       0.326       0.309       0.324       0.331
20160203       0.323       0.295       0.318       0.322
20160204       0.316       0.273       0.296       0.312
20160205       0.309       0.260       0.272       0.301
20160206       0.305       0.260       0.273       0.324
20160207       0.312       0.259       0.280       0.315
20160208       0.322       0.290       0.306       0.308
20160209       0.327       0.289       0.294       0.344
20160210       0.324       0.257       0.290       0.320
20160211       0.317       0.242       0.258       0.310
20160212       0.308       0.230       0.242       0.298
20160213       0.303       0.222       0.238       0.303
20160214       0.295       0.213       0.221       0.293
20160215       0.284       0.205       0.213       0.284
20160216       0.276       0.199       0.204       0.272
20160217       0.268       0.189       0.198       0.268
20160218       0.262       0.188       0.195       0.263
20160219       0.255       0.188       0.192       0.259
20160220       0.260       0.212       0.198       0.264
20160221       0.258       0.215       0.228       0.276
20160222       0.253       0.196       0.218       0.252
20160223       0.249       0.192       0.201       0.248
20160224       0.244       0.184       0.192       0.241
20160225       0.236       0.179       0.185       0.234
20160226       0.231       0.175       0.179       0.232
20160227       0.225       0.171       0.176       0.230
20160228       0.218       0.167       0.171       0.219
20160229       0.213       0.164       0.167       0.218
20160301       0.208       0.161       0.164       0.210
20160302       0.219       0.215       0.188       0.237
20160303       0.230       0.227       0.246       0.255
20160304       0.240       0.212       0.236       0.238
20160305       0.247       0.275       0.252       0.270
20160306       0.248       0.227       0.266       0.245
20160307       0.253       0.236       0.252       0.254
20160308       0.248       0.213       0.243       0.248
20160309       0.239       0.198       0.213       0.238
20160310       0.231       0.188       0.199       0.227
20160311       0.224       0.179       0.189       0.221
20160312       0.216       0.172       0.179       0.215
20160313       0.211       0.167       0.172       0.210
20160314       0.213       0.163       0.223       0.270
20160315       0.224       0.168       0.264       0.294
20160316       0.233       0.154       0.295       0.374
20160317       0.244       0.192       0.275       0.339
20160318       0.256       0.353       0.186       0.259
20160319       0.268       0.257       0.274       0.320
20160320       0.276       0.242       0.257       0.262
20160321       0.286       0.229       0.242       0.263
20160322       0.290       0.229       0.234       0.291
20160323   -9999.000   -9999.000       0.217       0.278
20160324       0.283       0.295   -9999.000   -9999.000
20160325       0.279       0.278   -9999.000   -9999.000
20160326       0.273       0.265   -9999.000   -9999.000
20160327       0.278       0.557       0.306       0.359
20160328       0.292       0.726       0.443       0.390
20160329       0.343       0.992       0.695       0.383
20160330       0.369       0.840       0.904       0.404
20160331       0.381       0.764       0.826       0.357
20160401       0.383       0.741       0.773       0.362
20160402       0.383       0.691       0.761       0.376
20160403       0.379       0.648       0.694       0.382
20160404       0.381       0.638       0.673       0.383
20160405       0.424       0.711       0.878       0.458
20160406       0.506       0.785       0.820       0.474
20160407       0.618       0.859       0.772       0.540
20160408       0.721       0.839       0.837       0.682
20160409       0.766       0.888       0.904       0.744
20160410       0.758       0.753       0.870       0.734
20160411       0.731       0.699       0.753       0.718
20160412       0.705       0.650       0.699       0.702
20160413       0.691       0.614       0.687       0.701
20160414       0.695       0.721       0.654       0.737
20160415       0.718       0.723       0.725       0.758
20160416       0.718       0.674       0.729       0.752
20160417       0.715       0.772       0.675       0.684
20160418       0.714       0.916       0.725       0.780
20160419       0.730       1.056       0.841       0.789
20160420       0.750       1.272       0.982       0.798
20160421       0.772       1.389       1.188       0.856
20160422       0.823       1.425       1.279       0.826
20160423       0.861       1.275       1.356       0.812
20160424       0.851       1.209       1.294       0.818
20160425       0.823       1.177       1.217       0.824
20160426       0.781       1.138       1.198       0.815
20160427       0.737       1.048       1.137       0.762
20160428       0.704       0.986       1.042       0.709
20160429       0.734       1.020       1.068       0.738
20160430       0.754       1.108       1.074       0.749
20160501       0.737       1.029       1.091       0.748
20160502       0.730       1.221       1.030       0.714
20160503       0.803       1.535       1.184       0.833
20160504       0.986       1.411       1.430       0.884
20160505       1.269       1.903       1.524       1.026
20160506       1.825       2.949       1.912       1.527
20160507       2.762       4.676       2.960       2.594
20160508       4.164       6.707       4.770       4.100
20160509       6.898       8.514       6.901       5.540
20160510       9.695       8.907       8.357       7.395
20160511      12.046       8.261       8.632       9.192
20160512      13.075       7.226       7.927      10.154
20160513      13.145       6.206       7.058      10.040
20160514       9.922       4.283       5.746       9.780
20160515       7.232       3.151       4.200       7.191
20160516       5.792       2.700       3.164       5.590
20160517       5.206       2.675       2.760       4.980
20160518       4.867       2.457       2.630       4.760
20160519       4.893       2.324       2.704       4.984
20160520       5.788       2.199       2.327       4.323
20160521       6.658       3.077       2.331       5.641
20160522       6.750       2.698       2.913       6.384
20160523       9.216       3.610       3.268       7.229
20160524       8.871       2.322       3.099       7.302
20160525       6.888       1.929       2.319       6.806
20160526       5.339       1.707       1.923       5.713
20160527       4.238       1.561       1.706       4.768
20160528       3.593       1.575       1.577       3.977
20160529       3.315       1.510       1.626       3.562
20160530       3.283       1.529       1.528       3.159
20160531       3.180       1.409       1.514       3.127
20160601       2.873       1.313       1.401       2.896
20160602       2.555       1.245       1.395       2.880
20160603       2.358       1.195       1.238       2.434
20160604       2.119       1.105       1.189       2.255
20160605       1.838       1.031       1.104       2.004
20160606       1.594       0.963       1.031       1.710
20160607       1.399       0.924       0.963       1.487
20160608       1.207       0.855       0.918       1.337
20160609       1.049       0.807       0.855       1.135
20160610       0.925       0.763       0.807       1.008
20160611       0.830       0.720       0.766       0.881
20160612       0.757       0.680       0.721       0.798
20160613       0.704       0.642       0.691       0.738
20160614       0.656       0.607       0.642       0.679
20160615       0.617       0.572       0.606       0.611
20160616       0.629       0.791       0.591       0.606
20160617       0.637       0.620       0.713       0.626
20160618       0.651       0.715       0.712       0.677
20160619       0.659       0.632       0.764       0.664
20160620       0.660       0.564       0.624       0.617
20160621       0.814       0.821       0.633       0.672
20160622       0.921       0.626       0.734       0.790
20160623       0.909       0.577       0.626       0.851
20160624       0.863       0.526       0.576       0.823
20160625       0.856       0.669       0.710       1.066
20160626       0.918       0.542       0.617       0.825
20160627       1.558       3.520       0.707       0.986
20160628       1.869       1.509       2.227       2.243
20160629       1.662       1.232       1.476       1.599
20160630       1.460       1.164       1.256       1.421
20160701       1.421       1.195       1.236       1.422
20160702       1.451       1.135       1.195       1.375
20160703       1.591       1.201       1.185       1.393
20160704       1.587       1.111       1.181       1.573
20160705       1.489       1.067       1.141       1.583
20160706       1.511       1.061       1.114       1.486
20160707       1.421       0.954       1.048       1.436
20160708       1.235       0.875       0.949       1.329
20160709       1.084       0.830       0.884       1.189
20160710       0.961       0.791       0.833       1.019
20160711       1.021       0.880       0.815       0.931
20160712       1.042       0.831       0.897       1.007
20160713       1.048       0.974       1.056       1.286
20160714       1.136       0.865       0.980       1.091
20160715       1.287       0.906       1.117       1.275
20160716       1.333       0.820       0.983       1.359
20160717       1.209       0.742       0.839       1.276
20160718       1.056       0.703       0.745       1.149
20160719       0.938       0.638       0.699       1.014
20160720       0.849       0.605       0.642       0.885
20160721       0.777       0.562       0.603       0.800
20160722       0.727       0.542       0.562       0.726
20160723       0.693       0.511       0.539       0.696
20160724       0.680       0.535       0.511       0.661
20160725       0.689       0.966       0.570       0.707
20160726       0.710       0.777       0.883       0.804
20160727       0.720       0.699       0.831       0.748
20160728       0.780       0.914       0.705       0.683
20160729       0.814       0.731       0.837       0.761
20160730       0.854       0.916       0.777       0.779
20160731       0.853       0.809       0.851       0.858
