date          Qobs       Qsimobs        Qsim       Qusi
20150801      47.334      57.806      68.370      45.898
20150802      42.703      61.019      55.856      42.860
20150803      41.970      58.409      64.189      45.335
20150804      37.792      50.679      60.210      40.504
20150805      52.433      70.463      57.141      40.791
20150806      64.779      59.655      66.333      49.093
20150807      61.180      62.098      58.766      60.285
20150808      64.785      56.746      60.753      57.173
20150809      52.442      55.693      57.894      63.038
20150810      48.448      46.808      53.133      51.870
20150811      51.452      55.338      52.279      45.344
20150812      60.331      58.770      51.666      50.297
20150813      48.385      42.299      56.836      56.715
20150814      38.405      38.949      44.400      41.727
20150815      33.977      38.306      39.286      38.389
20150816      38.387      41.163      40.122      32.799
20150817      44.790      38.039      41.485      38.760
20150818      43.598      35.530      37.688      42.709
20150819      36.600      35.765      35.762      42.218
20150820      31.862      34.320      35.153      36.046
20150821      28.744      31.493      33.729      30.848
20150822      27.981      31.274      31.366      26.628
20150823      30.539      29.081      30.797      26.725
20150824      29.793      28.126      31.406      28.502
20150825      27.842      32.464      28.142      29.177
20150826      37.066      35.883      32.197      31.023
20150827      40.338      34.787      34.367      34.279
20150828      41.736      54.598      52.523      58.147
20150829      35.434      32.101      46.860      37.674
20150830      27.446      27.743      31.658      29.061
20150831      22.538      26.769      28.365      25.296
20150901      20.025      25.204      28.155      24.035
20150902      18.292      23.982      25.578      20.108
20150903      16.811      24.148      24.902      18.636
20150904      16.286      22.915      23.702      16.807
20150905      17.269      36.589      25.136      17.639
20150906      18.472      31.453      33.990      17.621
20150907      18.168      30.494      29.795      18.432
20150908      19.196      26.490      30.137      19.012
20150909      17.715      25.579      29.107      17.684
20150910      15.823      24.015      26.434      16.804
20150911      14.269      22.730      23.152      15.100
20150912      12.970      21.874      22.721      13.865
20150913      11.286      21.640      21.802      12.809
20150914      10.793      21.541      21.221      12.022
20150915      10.925      20.717      20.790      11.456
20150916      13.139      24.805      22.307      12.242
20150917      15.646      20.871      22.997      12.624
20150918      16.526      23.580      23.368      17.003
20150919      22.403      33.785      27.237      18.428
20150920      34.922      56.286      30.597      21.636
20150921      27.626      32.154      34.909      30.825
20150922      20.128      29.467      32.846      27.120
20150923      17.286      27.645      29.487      19.980
20150924      15.210      26.037      27.741      17.600
20150925      14.061      31.187      28.848      17.241
20150926      14.863      31.145      28.266      14.409
20150927      15.258      27.939      28.597      15.017
20150928      14.748      25.479      26.942      15.416
20150929      12.691      24.248      25.423      14.364
20150930      11.413      20.748      24.288      13.355
20151001      11.358      23.237      25.197      12.902
20151002      13.357      21.962      24.977      11.659
20151003      15.260      24.946      25.373      15.210
20151004      15.640      23.584      23.976      15.030
20151005      14.665      22.298      21.352      15.531
20151006      12.887      21.167      20.177      14.616
20151007      11.816      20.253      21.150      12.474
20151008      10.884      19.366      20.226      11.394
20151009      10.698      18.941      19.367      10.904
20151010      10.623      18.069      18.790      10.473
20151011      10.342      17.211      18.010      10.231
20151012      10.155      16.505      17.228       9.889
20151013       9.704      15.699      16.560       9.697
20151014       8.849      15.053      15.734       9.386
20151015       8.016      14.435      15.053       8.737
20151016       7.846      13.842      14.442       7.802
20151017       7.518      13.274      13.845       7.687
20151018       7.359      12.731      13.277       7.491
20151019       7.067      12.209      12.740       7.099
20151020       6.652      11.710      12.215       7.184
20151021       6.312      11.232      11.839       6.979
20151022       6.509      16.090      14.164       7.771
20151023       9.786      36.802      21.438      10.163
20151024      12.142      22.138      29.564       8.883
20151025      10.903      26.812      23.169      12.973
20151026      10.669      22.731      25.934      11.642
20151027      10.313      21.361      22.464      10.650
20151028      10.188      19.423      21.159       9.924
20151029       9.674      18.154      19.429       9.733
20151030       8.951      17.013      18.210       9.588
20151031       8.621      17.057      17.700       9.418
20151101       9.787      18.822      19.405       9.601
20151102      10.417      16.888   -9999.000   -9999.000
20151103      10.587      15.914      16.115      10.296
20151104      10.770      20.859      17.796      11.928
20151105      11.506      17.960      18.452      10.877
20151106      11.199      16.114      17.597      10.386
20151107      10.418      17.011      17.032      11.666
20151108      10.691      18.086      16.584      11.065
20151109      10.026      19.964      16.880      11.462
20151110       9.970      21.424      19.324      11.163
20151111      10.032      23.477      22.701      12.537
20151112       9.979      21.481      21.793      10.599
20151113       8.981      17.866      19.989       9.518
20151114       7.854      17.568      17.985       8.658
20151115       8.682      24.853      19.120       9.003
20151116       7.850      17.061      20.837       7.688
20151117       7.649      15.935      18.122       7.644
20151118       8.014      15.552      16.340       7.390
20151119      10.823      14.100      15.148       7.358
20151120       9.286      13.582      15.049       9.932
20151121       7.591      13.394      14.436       9.930
20151122       6.530      13.371      13.718       8.014
20151123       6.549      12.337      13.498       6.852
20151124       8.124      11.760      12.466       6.575
20151125       7.306      11.719      11.910       8.411
20151126       6.725      13.429      12.858       8.916
20151127      12.089      20.474      17.027       9.768
20151128      32.717      17.529      19.382      10.065
20151129      18.008      12.911      21.657      30.777
20151130      12.953      13.156      13.286      16.669
20151201      10.009      27.584      14.635      14.553
20151202      10.770      21.634      19.719       9.108
20151203      10.892      17.945      17.704       8.588
20151204       9.601      15.252      15.944       9.601
20151205       9.577      14.310      15.446      10.091
20151206      11.247      25.310      17.881      11.280
20151207      11.658      27.750      24.402      12.266
20151208      10.125      17.486      19.474       9.399
20151209      10.888      21.226      16.799       8.933
20151210      12.131      32.095      17.692      11.050
20151211      12.360      29.148      27.660      13.363
20151212      11.461      24.998      27.506      12.134
20151213      10.585      21.709      23.640      10.656
20151214      14.018      21.490      20.413       9.841
20151215      21.927      18.385      19.022      11.035
20151216       9.776      16.119      17.521      20.576
20151217      10.457      16.396      16.263       9.784
20151218      13.273      16.158      16.344       9.612
20151219      14.551      21.013      21.151      14.996
20151220      21.150      30.942      24.032      16.684
20151221      31.837      36.827   -9999.000   -9999.000
20151222      23.376      36.531   -9999.000   -9999.000
20151223      17.470      37.432      35.536      25.665
20151224      15.058      45.831      37.441      19.169
20151225      14.777      54.839      43.619      16.532
20151226      14.101      54.329      55.793      16.861
20151227      35.423      43.509      49.070      13.150
20151228      73.234      39.757      43.468      26.002
20151229      44.839      37.237      39.948      64.730
20151230      18.581      36.926      37.735      48.499
20151231      14.890      46.064      35.202      18.844
20160101      12.359      42.601      42.906      17.252
20160102      10.668      39.219      42.335      13.515
20160103      11.846      36.954      39.301      11.430
20160104      29.669      34.809      37.247      10.932
20160105      49.203      32.842      34.836      26.362
20160106      46.538      30.997      32.835      32.842
20160107      38.088      29.222      30.926      30.915
20160108      29.456      27.579      29.216      29.228
20160109      24.610      26.046      27.596      27.584
20160110      34.456      24.594      26.062      26.070
20160111      25.284      23.472      24.678      24.676
20160112      17.965      22.154      23.388      23.342
20160113      12.151      21.001      22.220      22.205
20160114       9.954      19.715      20.972      20.910
20160115       8.134      19.782      20.258      20.233
20160116       7.264      18.558      19.164      19.081
20160117       7.558      17.506      18.507      18.427
20160118       7.998      26.012      19.668      19.624
20160119       8.115      20.855      20.977       7.771
20160120       8.528      19.257      20.524       8.306
20160121       8.427      18.170      18.391       7.934
20160122       7.889      15.125      17.035       7.852
20160123       7.626      14.363      15.173       7.609
20160124       7.236      13.627      14.527       7.550
20160125       7.224      14.080      13.821       6.920
20160126       8.591      21.330      14.642       7.528
20160127       9.390      18.688      17.171       9.115
20160128       8.714      17.995      20.553      10.340
20160129       8.525      15.918      17.871       8.970
20160130       8.753      46.339      20.090       9.841
20160131       7.049      28.636      36.143       9.435
20160201       7.373      27.094      29.004       6.941
20160202       7.244      25.619      27.594       7.762
20160203       7.416      25.541      25.497       6.979
20160204       7.222      34.414      28.349       8.541
20160205       7.425      27.088      26.722       6.771
20160206       7.567      20.172      24.568       6.550
20160207       7.501      19.770      21.399       7.028
20160208       7.638      22.169      19.150       7.109
20160209       7.057      18.722      19.451       7.836
20160210       6.648      20.226      18.986       7.344
20160211       6.513      17.418      18.173       6.805
20160212       6.277      15.987      17.481       6.710
20160213       5.795      15.234      16.483       6.189
20160214       4.939      14.470      15.506       5.989
20160215       5.999      16.179      15.362       5.243
20160216       6.416      15.435      15.270       5.825
20160217       6.385      13.248      14.583       6.336
20160218       5.697      15.596      13.832       6.579
20160219       5.082      13.589      14.462       6.039
20160220       5.529      13.268      13.671       5.002
20160221       5.141      12.464      13.391       5.876
20160222       5.130      13.364      13.547       5.666
20160223       5.071      13.644      13.604       5.840
20160224       5.138      20.969      15.162       6.285
20160225       5.386      18.451      17.602       4.651
20160226       5.829      26.714      19.465       5.870
20160227       6.035      20.461      23.104       5.101
20160228       6.173      16.638      18.133       5.107
20160229       5.910      12.746      14.497       5.380
20160301       5.978      10.842      12.360       4.857
20160302       5.691       9.857      10.649       5.710
20160303       5.413       9.353       9.909       5.409
20160304       5.403       9.255       9.829       5.646
20160305       5.306      10.519      10.116       5.870
20160306       5.026       8.653       9.366       5.015
20160307       5.019       7.882       8.600       4.790
20160308       4.587       7.643       8.090       4.990
20160309       4.506       7.215       7.658       4.524
20160310       4.894       6.918       7.202       4.401
20160311       4.520       6.653       6.960       4.764
20160312       4.400       6.473       6.820       4.404
20160313       4.577       6.564       6.559       4.261
20160314       5.910      14.114       8.412       5.752
20160315       8.503       7.626       9.707       4.668
20160316       9.412       6.805       9.083       8.471
20160317       9.384       6.234       7.776       9.430
20160318       9.765       7.675       6.629       8.757
20160319       9.758       6.427       6.947       8.523
20160320      10.264       8.284       7.929      10.714
20160321      10.038       7.410       7.902       9.354
20160322       9.452       7.910       7.434       9.684
20160323   -9999.000   -9999.000       7.155       7.820
20160324       8.206       3.807   -9999.000   -9999.000
20160325       7.967       3.035   -9999.000   -9999.000
20160326       7.972       3.871   -9999.000   -9999.000
20160327       9.932       7.916       3.555       7.421
20160328      11.970       8.688       4.326      11.948
20160329      12.126      13.946       6.659      17.569
20160330      11.929      11.606      11.160      13.134
20160331      10.337      10.460       9.843      10.987
20160401       9.651      10.740      10.016      10.625
20160402       8.847       9.238      10.672       9.494
20160403       8.609       8.624       9.473       8.834
20160404       8.900       8.424       8.699       8.611
20160405       9.997      11.937       9.205      10.755
20160406      11.337      14.892      12.038      12.221
20160407      12.804      17.997      10.062      11.178
20160408      12.846      15.850      12.407      12.377
20160409      11.138      13.489      15.059      12.113
20160410      10.100      13.281      13.431      10.645
20160411       9.874      12.555      12.650       9.804
20160412       9.851      13.492      12.359       9.761
20160413       9.788      12.442      12.263       9.719
20160414       9.371      11.777      10.933       9.398
20160415       9.176      11.712      11.806       9.634
20160416       8.819      11.264      11.786       8.772
20160417       8.599      11.846      10.959       8.534
20160418       8.639      11.030      11.658       9.070
20160419       9.519      13.067      11.998       9.357
20160420      10.022      15.922      14.307      10.470
20160421      10.090      12.908      14.624       9.995
20160422      10.384      22.934      15.317      10.031
20160423      10.046      14.605      16.702       8.053
20160424       9.791      10.607      13.166       7.836
20160425       8.908       9.105      10.723       8.090
20160426       8.464       8.826       9.086       8.090
20160427       7.884       8.720       8.283       8.066
20160428       7.611       7.964       7.927       7.825
20160429       7.882      10.890       9.076       8.122
20160430       7.704      11.362       9.862       8.106
20160501       7.877       9.280       9.826       6.776
20160502       8.776      10.017       8.908       7.660
20160503      11.110      18.633       9.586      10.003
20160504      14.800      17.254      12.667      13.162
20160505      16.335      36.561      17.584      17.145
20160506      18.277      38.218      33.605      29.572
20160507      20.682      56.597      44.312      24.162
20160508      38.425     100.870      54.607      30.791
20160509      61.261     134.755      90.667      61.302
20160510      71.465     169.038     110.956      84.030
20160511      70.026      81.504     113.095      76.103
20160512      71.820     109.373      97.785      68.579
20160513      59.082      54.410      76.674      58.781
20160514      46.787      50.887      54.315      42.201
20160515      37.284      50.021      51.428      47.497
20160516      30.657      46.779      48.641      35.121
20160517      29.420      48.183      46.566      30.954
20160518      26.645      43.633      47.976      30.157
20160519      23.461      42.075      44.563      26.811
20160520      23.015      41.778      41.413      23.183
20160521      32.101      50.857      42.559      23.172
20160522      56.573     128.017      50.372      34.195
20160523      85.476     158.433      98.605      96.569
20160524      87.670      69.919     102.938      81.149
20160525      79.763      63.190      63.816      59.607
20160526      78.068      63.379      63.758      78.874
20160527      77.435     115.276      78.067     104.189
20160528      91.694     192.944     121.456     124.078
20160529     121.797     239.387     158.076     114.363
20160530     138.858     231.539     203.157     141.933
20160531     188.949     322.514     230.087     148.330
20160601     232.185     301.799     279.430     200.731
20160602     216.670     302.191     296.361     244.422
20160603     215.881     336.972     279.700     211.871
20160604     176.420     196.170     219.586     184.304
20160605     127.587     141.902     174.128     136.918
20160606     112.686     166.456     152.936     117.089
20160607     112.808     217.015     151.428     118.807
20160608     140.165     180.297     177.636     112.019
20160609      94.331      69.869     126.603     102.334
20160610      66.689      66.044      67.034      54.768
20160611      53.949      64.302      65.413      64.243
20160612      53.400      78.216      64.859      54.999
20160613      61.650     107.818      71.917      57.702
20160614      63.775      90.925      85.325      63.605
20160615      68.247     123.534      96.190      67.386
20160616      78.853     164.651     126.829      87.389
20160617      90.002     166.222     152.195      90.355
20160618      94.164     105.795     145.037      80.939
20160619      76.731      76.322      91.288      65.395
20160620      60.124      62.800      69.122      60.112
20160621      61.936     108.215      71.834      61.866
20160622      67.599      74.609      94.457      72.848
20160623      63.734      78.765     101.686      72.970
20160624      66.164      76.878      88.864      72.594
20160625      82.454     164.537     112.618      83.138
20160626      90.257      97.637     143.821      82.614
20160627     130.105     182.626     115.605      83.418
20160628     112.499     116.126     126.914     118.186
20160629      77.144      83.380     106.709      88.871
20160630      64.773      73.923      86.143      68.659
20160701      67.384      88.811      86.665      64.337
20160702      59.450      83.738      78.774      66.909
20160703      63.948     125.505      98.773      72.841
20160704      52.354      71.544     101.151      55.210
20160705      44.646      69.603      78.082      46.342
20160706      45.909      84.403      67.767      42.906
20160707      42.839      60.021      73.447      40.940
20160708      37.207      61.630      61.966      40.227
20160709      38.135      80.753      65.598      40.185
20160710      44.706      66.228      69.759      38.423
20160711      48.554      77.134      71.032      44.052
20160712      64.877      88.357      74.112      45.014
20160713      64.176      70.965      80.127      56.265
20160714      61.085      67.296      65.314      55.014
20160715      53.392      57.193      63.197      52.689
20160716      47.563      59.603      59.589      51.377
20160717      47.960      57.243      62.061      45.996
20160718      45.660      57.245      56.564      46.622
20160719      41.763      48.403      56.312      42.074
20160720      39.710      52.491      49.846      38.197
20160721      42.361      45.258      52.817      40.478
20160722      47.126      53.657      50.641      41.097
20160723      50.020      70.629      56.923      50.931
20160724      49.217      51.181      62.925      45.955
20160725      47.908      49.555      56.110      46.215
20160726      46.959      53.096      56.019      49.825
20160727      45.113      51.664      53.409      50.432
20160728      38.918      48.587      51.131      43.490
20160729      35.798      49.820      47.012      36.917
20160730      34.212      57.499      51.884      38.358
20160731      34.639      50.040      63.892      37.866
