date          Qobs       Qsimobs        Qsim       Qusi
20150801       3.873       1.714       3.337       3.791
20150802       4.001       7.556       2.914       3.748
20150803       2.834       2.069       2.734       3.136
20150804       2.764       1.503       2.017       1.458
20150805       9.424      18.700       6.014       6.742
20150806       5.030       4.466      10.068      12.012
20150807       3.516       2.244       4.688       2.940
20150808       2.494       1.684       3.365       2.984
20150809       1.859       1.562       1.681       2.020
20150810       1.498       1.451       1.562       1.800
20150811       1.379       1.356       1.450       1.531
20150812       1.462       2.256       1.364       1.257
20150813       1.114       1.376       1.497       1.327
20150814       0.894       1.277       1.376       1.193
20150815       0.731       1.184       1.277       0.917
20150816       4.524       9.472       1.586       1.081
20150817       2.959       2.814       5.045       5.351
20150818       2.068       1.436       2.343       1.540
20150819       1.607       1.333       1.436       1.312
20150820       1.257       1.236       1.333       1.476
20150821       0.994       1.146       1.237       1.229
20150822       0.787       1.062       1.146       0.993
20150823       0.642       0.984       1.062       0.817
20150824       0.588       0.911       0.984       0.663
20150825      35.123      23.601       6.812       4.998
20150826      29.021      36.784      22.763      32.670
20150827      40.708      35.084      30.752      35.121
20150828      20.159      16.232      29.808      33.328
20150829       8.912       6.053      14.167      12.208
20150830       4.976       2.234       6.052       4.539
20150831       3.311       1.637       2.213       1.989
20150901       2.728       1.521       2.200       2.890
20150902      69.577      49.601      26.906      31.541
20150903      46.643      70.639      50.482      63.491
20150904      17.844      23.451      48.737      49.925
20150905      10.053      10.509      21.954      15.350
20150906       7.204       7.260      11.939       9.430
20150907       4.236       2.507       5.172       4.127
20150908       2.939       2.024       2.468       1.802
20150909       2.269       1.864       2.022       2.428
20150910       1.849       1.740       1.891       2.054
20150911       1.560       1.625       1.766       1.789
20150912       1.362       1.516       1.942       1.914
20150913       3.551       6.964       3.600       3.194
20150914      18.245      17.448      15.297      12.562
20150915      87.547      43.829      34.672      42.986
20150916      41.833      55.835      45.194      54.043
20150917      45.338      30.161      58.386      54.700
20150918      41.451      44.962      37.829      34.976
20150919      13.755      14.734      31.554      38.156
20150920       7.011       6.614      14.734       7.666
20150921       4.373       2.727       6.723       4.466
20150922       9.186       5.417       5.212       4.076
20150923      10.513      12.307      10.369      10.357
20150924      14.627       5.299      10.210      12.602
20150925      19.267      18.290       8.222       8.441
20150926       9.238       5.407      11.455      16.469
20150927       5.300       2.607       5.359       5.007
20150928       3.552       2.463       2.607       2.899
20150929       2.722       2.310       2.445       3.237
20150930       2.229       1.695       2.292       2.490
20151001       1.907       1.579       2.161       2.268
20151002       1.636       1.475       2.021       1.880
20151003       1.432       1.377       1.475       1.618
20151004       1.274       1.661       1.377       1.320
20151005       1.148       1.549       1.291       1.247
20151006       1.038       1.458       1.216       1.148
20151007       0.949       1.394       1.456       0.992
20151008       0.877       1.288       1.544       1.101
20151009       1.017       5.307       2.775       2.136
20151010       1.559       6.267       3.188       1.240
20151011       1.427       1.671       3.815       1.594
20151012       1.337       1.675       1.854       0.774
20151013       1.433       1.950       1.712       1.364
20151014       1.275       1.658       1.644       1.418
20151015       1.129       1.567       1.646       1.353
20151016       1.018       1.466       1.545       1.119
20151017       0.916       1.391       1.475       1.068
20151018       0.830       1.317       1.387       0.985
20151019       0.762       1.286       1.329       0.928
20151020       0.706       1.239       1.257       0.780
20151021       0.694       1.148       1.212       0.724
20151022       0.766       2.429       1.225       0.789
20151023       0.849       1.652       1.460       0.932
20151024       0.722       1.296       1.551       0.922
20151025       1.119       1.282       1.606       0.808
20151026       1.000       1.196       1.233       0.978
20151027       0.847       1.113       1.244       0.975
20151028       0.760       1.057       1.143       0.876
20151029       0.715       1.027       1.042       0.735
20151030       0.672       0.956       1.004       0.738
20151031       0.831       1.588       0.974       0.637
20151101       1.037       1.388       1.034       0.767
20151102       0.909       1.219   -9999.000   -9999.000
20151103       0.807       1.156       1.159       0.964
20151104       0.741       1.079       1.137       0.819
20151105       0.694       1.095       1.092       0.746
20151106       0.785       2.143       1.206       0.764
20151107       8.370      11.872       6.873       5.136
20151108      13.775      21.788       7.285       4.494
20151109      15.568      14.560      15.352      17.360
20151110       8.339       6.711      11.339      11.166
20151111       4.971       2.110       5.282       4.766
20151112       3.411       1.803       2.206       2.003
20151113       7.773       3.764       2.037       3.101
20151114       7.176       6.521       3.938       4.768
20151115       4.723       2.524       4.268       7.607
20151116       3.786       1.871       2.546       2.498
20151117       3.766       1.919       3.539       3.159
20151118       3.152       1.869       3.074       3.674
20151119       2.782       1.823       1.796       2.963
20151120       2.300       1.554       1.664       2.271
20151121       1.955       1.456       1.554       2.063
20151122       2.562       1.364       1.456       1.672
20151123       3.696       1.278       1.376       2.188
20151124       1.767       1.197       1.629       3.639
20151125       1.630       1.275       1.242       1.545
20151126       1.716       1.081       2.012       2.000
20151127       2.791       1.013       5.027       4.813
20151128       6.608      10.948       1.495       1.391
20151129       4.466       5.311       6.266      10.532
20151130       3.590       2.002       4.474       2.979
20151201       2.689       1.529       1.959       1.902
20151202       2.229       1.407       2.396       2.330
20151203       1.958       1.336       1.346       2.056
20151204       5.785       1.240       9.554       5.159
20151205      10.169      16.914      13.758      15.953
20151206      16.511      34.221      16.767      14.488
20151207       9.173      21.431      18.674      18.784
20151208       6.206       8.067      17.878       9.760
20151209      11.464       8.254       9.852       4.304
20151210       7.292       6.428       6.493       7.714
20151211       5.021       4.349       4.261       5.444
20151212       3.387       2.174       3.403       3.293
20151213       2.695       1.899       2.174       1.966
20151214       3.557       1.780       1.899       2.348
20151215       5.437       1.669       1.780       2.747
20151216       7.476       1.558       1.670       4.244
20151217       3.337       1.461       1.934       3.947
20151218       2.552       1.471       2.101       3.268
20151219       2.051       2.751       2.684       2.503
20151220       3.908       6.069       4.294       3.458
20151221       3.097       6.315   -9999.000   -9999.000
20151222       2.579       5.213   -9999.000   -9999.000
20151223       3.410       4.161       5.967       3.567
20151224       3.647       2.840       4.310       3.132
20151225      10.391      14.182       5.337       2.798
20151226       5.147       4.167       8.604      16.583
20151227       3.280       2.129       3.954       2.671
20151228       3.434       1.997       2.129       1.693
20151229       2.252       1.872       1.997       2.764
20151230       2.273       1.784       4.197       3.981
20151231       8.358      20.456       3.057       2.879
20160101      10.962       9.173      15.725      15.171
20160102      10.714      12.468       7.850       4.376
20160103       6.122       4.391       8.974      10.311
20160104       3.940       2.285       4.391       3.149
20160105       3.290       1.891       2.285       2.377
20160106       3.538       1.773       1.891       2.673
20160107       3.713       1.662       1.773       3.210
20160108       6.331       1.559       1.663       2.882
20160109       8.630       1.462       1.559       4.411
20160110       9.031       1.371       1.462       6.417
20160111       9.771       1.285       1.371       7.163
20160112       9.508       1.205       1.285       1.285
20160113       8.739       1.130       1.205       1.205
20160114       8.580       1.059       1.130       1.130
20160115       8.806       0.993       1.059       1.059
20160116       8.991       0.932       0.993       0.993
20160117      11.462       0.874       0.932       0.932
20160118      14.743       0.819       0.874       0.874
20160119      13.607       0.768       0.819       0.819
20160120       8.909       0.720       0.768       0.768
20160121       5.698       0.676       0.720       0.720
20160122       3.085       0.633       0.676       0.676
20160123       2.267       0.592       0.633       0.633
20160124       1.814       0.555       0.862       1.091
20160125       1.683       0.521       2.034       0.827
20160126      10.851       0.828       1.806       0.684
20160127      14.720       7.135       3.622       1.320
20160128      11.415      10.318       5.379       5.151
20160129      10.263       5.547       7.629       7.287
20160130      13.239      13.660       4.610       4.675
20160131       9.193       3.527       8.382       9.406
20160201       6.422       1.195       3.243       3.464
20160202       5.154       1.120       1.991       1.967
20160203       4.527       1.432       1.123       1.123
20160204       3.079       1.057       1.117       1.112
20160205       2.550       0.991       1.158       1.067
20160206       2.423       0.930       3.385       3.018
20160207       6.979       4.166       5.045       3.423
20160208      11.537      15.687       5.887       3.575
20160209      11.759      15.470       9.308      10.365
20160210       7.118       4.696      10.854      11.298
20160211       4.390       1.875       4.677       4.677
20160212       4.254       1.412       1.856       1.856
20160213       4.570       1.324       1.412       1.412
20160214       5.017       1.242       1.324       1.324
20160215       7.766       1.165       1.242       1.242
20160216      12.998       1.092       1.165       1.165
20160217       8.030       1.032       1.092       1.092
20160218       2.809       0.976       1.024       1.024
20160219       2.135       0.915       0.963       0.970
20160220       1.885       1.300       0.919       0.925
20160221       1.685       0.962       0.950       1.508
20160222       1.446       0.843       0.900       0.945
20160223       1.345       0.790       0.882       1.058
20160224       1.304       0.741       0.799       0.804
20160225       1.160       0.695       0.741       0.768
20160226       1.065       0.652       0.695       0.758
20160227       0.971       0.612       0.652       0.669
20160228       0.983       0.574       0.612       0.616
20160229       0.988       0.538       0.574       0.574
20160301       0.965       0.505       0.538       0.538
20160302       1.004       0.473       0.505       0.505
20160303       1.367       0.444       0.473       0.473
20160304       1.644       0.472       0.444       0.444
20160305       1.472       0.405       0.432       0.431
20160306       1.297       0.379       0.405       0.405
20160307       1.489       0.374       0.379       0.379
20160308       1.344       0.377       0.363       0.362
20160309       1.024       0.336       0.358       0.366
20160310       0.881       0.315       0.335       0.336
20160311       0.931       0.295       0.333       0.315
20160312       0.813       0.277       0.340       0.295
20160313       0.707       0.351       0.511       0.467
20160314       1.733       3.215       6.143       6.081
20160315       7.427       7.206       9.056       4.836
20160316       7.486       8.223      10.713      14.950
20160317       8.117       7.654      11.560      11.239
20160318       7.967       8.795       9.413       8.207
20160319       5.652       5.195       7.607       7.397
20160320       4.583       5.229       5.622       4.868
20160321       3.966       4.672       5.046       5.464
20160322       3.622       4.035       4.617       5.093
20160323   -9999.000   -9999.000       2.961       3.016
20160324       2.781       1.329   -9999.000   -9999.000
20160325       2.460       1.222   -9999.000   -9999.000
20160326       2.371       2.031   -9999.000   -9999.000
20160327       7.399      10.737       5.450       7.665
20160328      14.163      12.973      12.174      10.719
20160329      35.670      35.053      24.927      29.495
20160330      19.978      13.621      24.192      36.979
20160331       9.763       6.184      12.083      14.009
20160401       5.957       2.535       5.958       5.003
20160402       4.433       3.553       3.510       4.136
20160403       4.760       3.685       4.361       5.416
20160404       6.447       6.445       4.315       4.816
20160405      14.573      19.265      10.632      13.239
20160406      15.503      11.755      14.519      17.532
20160407      12.343       7.839      10.568      11.167
20160408      10.403       7.359       7.971      10.259
20160409       8.923      12.070       6.452       8.964
20160410       6.723       4.193       8.460       9.392
20160411       5.050       3.080       4.639       4.094
20160412       4.494       3.026       3.232       3.639
20160413       4.368       3.939       3.366       3.678
20160414       4.101       5.008       4.058       4.784
20160415       4.798       5.077       7.368       7.380
20160416       5.380       4.302       6.697       6.686
20160417       4.852       4.652       7.248       8.829
20160418       4.134       4.074       3.957       4.354
20160419       3.844       3.630       3.749       3.965
20160420       3.510       4.009       3.627       3.816
20160421       3.377       4.284       4.071       4.018
20160422       3.472       4.213       3.881       3.500
20160423       2.867       2.302       3.480       3.546
20160424       2.422       1.827       3.523       3.647
20160425       2.180       1.953       1.783       1.917
20160426       1.956       1.966       2.293       2.796
20160427       1.744       2.566       2.746       2.359
20160428       1.601       2.257       2.752       2.272
20160429       1.546       2.335       3.009       2.308
20160430       2.554      12.909       6.910       4.625
20160501       5.584      15.146      10.066       4.135
20160502       5.045       9.574      11.220       6.041
20160503      15.293      13.390      15.808       8.306
20160504      13.715       8.155      12.632       9.730
20160505       9.040       6.249       7.351      10.655
20160506       7.899       5.781       6.245       7.871
20160507       7.983       5.779       5.763       6.611
20160508       9.879       6.613       6.174       7.394
20160509      10.490       7.438       6.961      10.765
20160510      10.079       7.718       7.519      11.660
20160511       9.493       7.656       7.658       8.686
20160512       8.875       6.079       7.099       9.321
20160513       7.008       5.386       5.930       6.739
20160514       4.411       3.739       4.738       5.733
20160515       2.923       2.994       3.535       3.232
20160516       2.666       2.642       2.947       2.798
20160517       2.905       2.843       2.754       2.484
20160518       3.121       2.696       2.827       2.966
20160519       4.617       2.477       2.675       2.848
20160520       6.070       2.743       2.542       3.103
20160521       6.169       4.651       4.156       5.450
20160522      17.405       8.676       5.944       9.824
20160523      23.801      16.534      13.159      19.055
20160524      11.416       8.243      19.436      25.076
20160525       7.157       3.180       6.214       6.625
20160526       4.569       2.357       3.132       3.681
20160527       3.755       1.921       2.356       3.985
20160528       3.461       1.625       1.979       2.800
20160529       4.416       1.587       1.642       2.774
20160530       9.781       3.114       1.595       2.602
20160531       6.549       4.341       5.842      11.157
20160601       4.530       1.753       2.935       5.360
20160602       3.351       1.532       3.278       5.378
20160603       2.773       1.435       1.532       2.614
20160604       2.150       1.327       1.430       2.315
20160605       1.681       1.229       1.327       1.969
20160606       1.456       1.139       1.229       1.644
20160607       1.334       1.054       1.139       1.389
20160608       1.524       0.978       1.054       1.224
20160609       0.991       0.903       0.977       1.586
20160610       0.766       0.840       0.911       0.944
20160611       0.605       0.775       0.838       0.802
20160612       0.516       0.716       0.775       0.613
20160613       0.482       0.662       0.716       0.491
20160614       0.455       0.612       0.662       0.464
20160615       0.595       0.568       0.615       0.456
20160616       2.172       2.327       0.895       0.632
20160617       1.512       0.758       1.045       1.736
20160618       1.188       0.694       0.746       1.123
20160619       1.026       0.660       0.778       1.236
20160620       3.622       0.600       0.656       0.888
20160621       7.237       7.989       3.361       4.324
20160622       2.914       1.261       3.253       9.648
20160623       1.997       0.880       1.261       1.139
20160624       1.723       0.815       0.884       1.478
20160625       2.294       1.917       0.840       1.393
20160626       2.204       3.047       1.518       2.839
20160627       3.566       5.842       6.287       5.823
20160628       3.215       1.895       3.755       3.808
20160629       2.102       1.228       1.740       1.678
20160630       6.330       4.478       1.733       2.164
20160701       5.227       3.383       3.916       4.233
20160702       6.359       3.295       3.549       5.079
20160703       5.341       6.290       3.233       5.248
20160704       3.108       2.070       3.395       4.357
20160705       2.443       1.626       2.174       2.118
20160706       2.200       1.607       1.864       2.309
20160707       1.661       1.475       1.555       2.072
20160708       1.278       1.355       1.458       1.656
20160709       1.010       1.257       1.357       1.177
20160710       0.831       1.165       1.257       1.047
20160711       1.056       1.532       1.177       0.876
20160712       1.698       3.258       1.510       1.195
20160713       3.369       2.526       2.811       2.066
20160714       3.389       2.856       2.839       3.079
20160715       3.350       2.995       2.471       3.538
20160716       2.475       1.692       4.957       5.896
20160717       2.028       1.526       1.558       1.754
20160718       1.691       1.381       1.478       1.782
20160719       1.352       1.278       1.377       1.640
20160720       1.103       1.186       1.279       1.239
20160721       0.904       1.098       1.185       1.071
20160722       0.761       1.030       1.102       0.950
20160723       0.766       1.694       1.096       0.782
20160724       1.125       4.937       2.025       1.215
20160725       1.229       1.855       3.362       1.598
20160726       2.509       8.120       3.492       1.445
20160727       1.948       2.996       4.722       2.828
20160728      12.499       8.957       5.069       2.229
20160729       4.977       2.246       5.251      13.559
20160730       9.931      13.625       3.547       3.810
20160731       4.917       7.912       7.766       9.234
