date          Qobs       Qsimobs        Qsim       Qusi
20150801      10.138      11.387      12.055      12.282
20150802      12.133      10.244      11.236      10.347
20150803      14.925      12.647      11.628      10.184
20150804       9.253      10.434      11.559      13.529
20150805      18.775      10.940      10.483       9.797
20150806      40.667      31.638      11.943      10.156
20150807      16.481      13.954      17.759      25.411
20150808      14.554      14.170      18.138      17.508
20150809      12.750      13.025      13.896      13.580
20150810       9.390      11.939      12.793      12.875
20150811       7.447      10.845      11.847       9.098
20150812       7.552      10.289      11.100       8.511
20150813       6.890       9.398      11.060       8.808
20150814       5.490       8.539       9.351       6.537
20150815       4.513       7.851       8.539       5.070
20150816       3.723       7.206       7.834       4.207
20150817       3.279       6.620       7.203       3.320
20150818       2.833       6.118       6.620       2.902
20150819       2.492       5.666       6.116       2.595
20150820       2.200       5.267       5.666       2.287
20150821       1.977       4.897       5.267       2.014
20150822       1.820       4.553       4.897       1.788
20150823       1.742       4.270       4.551       1.585
20150824       1.643       4.023       4.270       1.548
20150825       1.532       3.798       4.022       1.518
20150826       1.520       3.627       3.799       1.958
20150827       2.548       3.602       3.705       1.983
20150828      21.483      26.970       8.293       4.592
20150829      10.608      12.654      13.586      25.931
20150830       6.247      11.066      13.138      11.206
20150831       6.454      12.068      12.366       7.409
20150901       5.471      10.232      11.825       7.279
20150902       4.369       9.284      11.079       5.100
20150903       4.333       8.692      10.189       5.226
20150904       4.348       7.816       8.582       4.724
20150905      16.759      12.625       8.476       5.056
20150906      18.244      12.655      11.804      14.488
20150907      12.826      11.044      11.356      15.551
20150908      13.728       9.936      10.417      11.955
20150909       8.990       9.530       9.925      12.352
20150910       6.397       8.603       9.554       8.602
20150911       4.963       7.821       8.158       5.978
20150912       4.075       7.101       7.821       4.431
20150913       3.630       6.535       7.101       3.614
20150914       3.309       5.982       6.465       3.294
20150915       3.190       5.494       5.915       3.040
20150916       3.134       5.069       5.518       3.641
20150917       3.114       4.706       5.069       2.836
20150918       3.937       5.533       5.026       3.595
20150919       9.455       6.673       5.505       4.450
20150920      12.377       9.121       7.054       8.059
20150921      14.428       7.907       7.996      11.043
20150922       8.990       7.030       7.491      11.983
20150923       6.709       6.396       6.945       7.973
20150924       5.469       5.912       6.374       6.322
20150925       5.907       6.474       6.333       5.764
20150926      15.202      10.144       7.530       6.216
20150927       9.375       7.938       8.635      13.305
20150928       6.961       7.176       7.824       8.423
20150929       5.780       6.573       7.135       6.247
20150930       5.371       5.572       6.611       5.691
20151001       6.006       5.440       6.454       5.105
20151002       6.728       5.493       6.292       5.461
20151003      11.259       8.613       5.622       6.101
20151004       7.871       7.457       7.131      10.642
20151005       7.741       7.387       6.809       6.733
20151006       5.929       6.591       6.319       7.818
20151007       4.735       5.980       6.552       5.357
20151008       4.058       5.518       5.987       4.460
20151009       4.034       5.456       5.573       4.027
20151010       4.324       5.270       5.311       4.360
20151011       3.913       4.820       5.117       4.119
20151012       3.652       4.507       4.820       3.666
20151013       3.484       4.262       4.495       3.310
20151014       3.271       4.047       4.236       3.178
20151015       3.073       3.798       4.014       3.084
20151016       2.958       3.575       3.798       2.793
20151017       2.873       3.416       3.575       2.732
20151018       2.823       3.260       3.406       2.641
20151019       2.792       3.127       3.253       2.691
20151020       2.664       2.999       3.123       2.697
20151021       2.646       2.888       2.998       2.636
20151022       3.529       4.689       2.930       2.535
20151023       8.155       6.570       4.738       4.348
20151024       6.318       5.253       5.871       8.053
20151025       6.517       6.159       5.367       6.106
20151026       6.361       5.521       5.252       5.607
20151027       6.291       5.919       5.453       6.319
20151028       5.603       5.315       5.584       5.804
20151029       4.025       4.745       5.223       5.175
20151030       3.474       4.302       4.796       3.997
20151031       4.392       4.277       4.404       3.567
20151101       4.333       3.964       4.386       4.111
20151102       4.022       3.840   -9999.000   -9999.000
20151103       3.731       3.623       3.786       3.923
20151104       3.728       3.674       3.625       3.846
20151105       3.859       3.456       3.520       3.274
20151106       3.475       3.321       3.424       3.941
20151107       3.412       3.671       3.544       3.649
20151108       3.910       3.454       3.769       3.740
20151109       3.744       3.409       3.548       3.848
20151110       3.202       3.355       3.326       3.567
20151111       3.508       3.757       3.437       3.146
20151112       3.073       3.257       3.462       3.820
20151113       2.214       3.093       3.251       2.928
20151114       2.054       2.954       3.093       2.086
20151115       2.437       2.881       2.953       2.024
20151116       2.381       2.796       2.877       2.449
20151117       2.061       2.808       2.792       2.418
20151118       2.757       2.674       2.754       2.111
20151119       3.572       2.596       2.674       2.517
20151120       3.680       2.520       2.596       3.277
20151121       3.697       2.446       2.520       2.520
20151122       3.771       2.375       2.446       2.446
20151123       4.716       2.305       2.375       2.450
20151124       4.271       2.238       2.305       2.312
20151125       3.420       2.172       2.238       2.240
20151126       3.560       2.109       2.863       3.162
20151127       3.633       2.250       3.715       3.797
20151128       6.693       4.897       2.204       2.197
20151129       4.350       3.511       3.727       3.964
20151130       3.412       3.083       3.511       3.511
20151201       3.919       2.701       3.079       3.079
20151202       4.860       2.393       2.778       2.824
20151203       5.018       2.427       2.393       2.393
20151204       6.423       2.236       2.360       2.402
20151205       7.453       2.152       2.385       2.364
20151206       6.834       3.746       2.308       3.176
20151207       7.604       3.365       3.050       3.053
20151208       4.415       2.864       4.271       4.332
20151209       4.383       7.075       2.900       2.940
20151210       3.968       6.342       5.125       5.552
20151211       3.373       5.687       5.769       5.848
20151212       3.215       4.919       5.518       5.520
20151213       3.183       4.391       4.919       4.919
20151214       4.466       3.925       4.391       4.391
20151215       6.872       3.533       3.925       3.925
20151216       7.684       3.201       3.533       3.533
20151217       8.995       2.918       3.585       3.872
20151218       8.372       4.164       3.757       3.687
20151219       7.106       5.475       5.533       5.622
20151220      13.214       6.712       8.092       8.733
20151221      19.594      10.546   -9999.000   -9999.000
20151222      10.549       9.066   -9999.000   -9999.000
20151223       7.203       7.856       8.759       8.791
20151224       6.615       7.079       8.166       8.226
20151225       5.289      11.273       7.079       7.079
20151226       5.020       8.812       9.656       9.757
20151227       6.395       7.950       8.788       8.797
20151228      11.945       7.176       7.950       7.950
20151229      16.858       6.469       7.176       7.176
20151230      17.698       6.106       6.469       6.546
20151231      10.627      11.528       5.984       6.002
20160101       7.176       9.765       9.844       9.849
20160102       7.101       8.848       9.559       9.559
20160103      10.699       7.943       8.797       8.797
20160104      23.817       7.162       7.943       7.943
20160105      36.167       6.449       7.162       7.162
20160106      39.187       5.819       6.449       6.449
20160107      40.132       5.239       5.819       5.819
20160108      36.963       4.722       5.239       5.239
20160109      31.377       4.231       4.722       4.722
20160110      21.982       3.877       4.231       4.231
20160111      18.066       3.544       3.877       3.877
20160112      12.891       3.272       3.544       3.544
20160113      11.166       3.117       3.272       3.272
20160114       9.399       3.015       3.117       3.117
20160115       8.768       2.929       3.015       3.015
20160116       8.222       2.845       2.929       2.929
20160117       6.002       2.764       2.845       2.845
20160118       5.242       2.685       2.764       2.764
20160119       5.065       2.608       2.685       2.685
20160120       5.159       2.534       2.608       2.608
20160121       4.988       2.461       2.534       2.534
20160122       4.703       2.391       2.461       2.461
20160123       4.565       2.323       2.391       2.391
20160124       4.431       2.257       2.323       2.329
20160125       4.422       2.192       3.164       3.248
20160126       7.684       6.077       2.258       2.335
20160127      18.319       6.411       4.250       4.774
20160128      31.276       5.391       5.548       5.748
20160129      17.907       4.758       5.331       5.294
20160130      20.626      10.593       4.758       4.758
20160131      11.191       7.576       8.321       8.398
20160201       4.625       6.824       7.576       7.576
20160202       3.302       6.136       6.824       6.824
20160203       2.621       5.509       6.137       6.136
20160204       2.451       4.935       5.509       5.509
20160205       2.421       4.411       4.935       4.935
20160206       2.428       3.926       4.411       4.411
20160207       2.472       3.782       4.314       4.663
20160208       2.560      10.082       3.725       3.846
20160209       2.528       9.156       7.590       7.635
20160210       2.404       7.638       8.425       8.485
20160211       2.267       6.901       7.638       7.638
20160212       2.167       6.227       6.901       6.901
20160213       2.100       5.610       6.227       6.227
20160214       2.180       5.037       5.610       5.610
20160215       2.012       4.542       5.037       5.037
20160216       1.939       4.076       4.542       4.542
20160217       1.884       3.707       4.076       4.076
20160218       1.851       3.591       3.709       3.709
20160219       1.794       3.233       3.528       3.528
20160220       1.759       3.044       3.233       3.233
20160221       1.736       2.903       3.044       3.044
20160222       1.700       2.802       2.903       2.903
20160223       1.657       2.700       2.802       1.692
20160224       1.653       2.618       2.700       1.686
20160225       1.691       2.539       2.618       1.648
20160226       1.746       2.483       2.539       1.757
20160227       1.854       2.420       2.471       1.840
20160228       1.927       2.346       2.412       1.917
20160229       1.945       2.280       2.346       1.922
20160301       1.921       2.216       2.280       1.924
20160302       1.911       2.153       2.216       1.844
20160303       1.893       2.093       2.153       1.801
20160304       1.862       2.034       2.093       1.810
20160305       1.849       1.977       2.034       1.834
20160306       1.842       1.921       1.977       1.821
20160307       1.838       1.867       1.921       1.728
20160308       1.842       1.815       1.867       1.736
20160309       1.814       1.764       1.815       1.743
20160310       1.799       1.715       1.764       1.806
20160311       1.785       1.666       1.715       1.711
20160312       1.777       1.620       1.666       1.754
20160313       1.772       1.574       1.620       1.764
20160314       2.744       3.216       4.197       4.691
20160315      18.967       6.011       4.045       4.459
20160316      40.503       8.635       5.204      16.069
20160317      49.105       9.849       7.782      56.431
20160318      48.248      14.394       8.412      45.599
20160319      39.732       9.425      11.201      45.892
20160320      46.820       9.565      10.005      32.541
20160321      25.848       8.025       9.259      36.513
20160322      16.000       8.265       8.019      24.108
20160323   -9999.000   -9999.000       7.626      14.188
20160324       7.287       8.356   -9999.000   -9999.000
20160325       6.475       7.608   -9999.000   -9999.000
20160326       5.697       6.937   -9999.000   -9999.000
20160327      11.413      15.139       8.155       6.703
20160328      14.647      35.651      15.418      15.495
20160329      20.167      49.944      32.893      25.194
20160330      18.661      28.914      31.986      21.767
20160331      13.375      15.657      22.119      12.500
20160401      10.202      14.173      15.718      10.157
20160402       8.689      13.038      14.261      10.498
20160403       8.527      13.642      13.141       9.335
20160404      10.081      22.448      14.051       9.816
20160405      14.129      21.937      21.208      15.178
20160406      20.251      25.622      22.128      16.927
20160407      23.270      29.986      25.890      22.959
20160408      19.253      15.133      21.757      21.999
20160409      14.596      13.590      14.867      14.378
20160410      12.081      12.341      13.591      13.585
20160411       9.864      11.475      12.355      10.574
20160412       8.256      10.664      11.235       9.211
20160413       8.095      10.323      10.519       7.419
20160414       6.805       9.161      10.073       8.045
20160415       7.024       9.672       9.734       6.052
20160416       7.508       8.944       9.263       7.076
20160417       7.763       8.022       8.717       7.212
20160418       8.361       9.006       8.138       7.448
20160419      10.671      10.715       9.782       9.788
20160420      11.655      10.079       9.717      11.808
20160421      10.593      10.422      10.232      11.919
20160422      10.291      10.100      10.033      10.255
20160423       8.191       8.833       9.726       9.621
20160424       7.078       8.006       8.833       7.549
20160425       6.262       7.249       8.006       6.266
20160426       6.044       7.021       7.273       5.935
20160427       5.371       6.289       6.901       6.367
20160428       5.334       5.747       6.275       4.980
20160429       7.210      11.643       6.389       5.069
20160430      11.313      13.399      10.608       9.110
20160501      20.357      26.210      12.938      10.950
20160502      23.325      20.736      20.327      28.099
20160503      35.354      40.585      25.106      25.194
20160504      45.413      37.748      38.456      39.159
20160505      35.865      48.098      40.003      44.224
20160506      36.099      62.354      52.252      43.225
20160507      41.905      63.313      61.135      42.292
20160508      60.512      74.275      65.867      42.802
20160509      62.129      72.314      75.766      67.221
20160510      48.600      66.876      71.115      60.761
20160511      33.462      20.308      49.575      40.603
20160512      31.262      37.055      31.717      20.976
20160513      22.466      15.947      27.659      27.881
20160514      17.007      11.430      14.859      12.877
20160515      15.220      11.813      12.005      13.620
20160516      15.779      10.744      12.016      15.332
20160517      16.951      12.264      10.901      14.492
20160518      14.509      10.277      12.454      17.245
20160519      13.201      10.726      10.843      13.067
20160520      14.471       9.711      10.432      12.559
20160521      51.138      42.769      11.636      12.418
20160522      48.094      39.208      33.811      80.733
20160523      54.188      49.133      37.093      43.061
20160524      36.690      25.298      36.682      43.486
20160525      32.468      24.033      24.577      24.931
20160526      26.834      17.698      20.903      24.559
20160527      24.925      20.910      19.624      23.822
20160528      27.021      25.948      22.863      25.573
20160529      27.396      23.315      24.516      23.836
20160530      27.426      20.571      23.444      25.182
20160531      28.511      20.613      21.359      21.841
20160601      25.027      18.631      21.038      22.694
20160602      21.183      14.325      18.406      20.087
20160603      18.141      10.783      14.096      15.918
20160604      11.789       8.016      10.240      12.893
20160605       8.478       6.958       7.859       9.491
20160606       7.503       6.499       6.949       7.646
20160607       8.441       6.210       6.517       7.494
20160608      10.587       6.187       6.436       7.037
20160609       6.956       6.348       6.213       8.787
20160610       5.972       6.470       6.418       7.152
20160611       4.800       5.827       6.128       5.824
20160612       5.040       5.445       5.816       4.658
20160613       5.493       5.094       5.446       4.679
20160614       4.969       4.794       5.093       5.524
20160615       4.507       4.512       4.806       4.604
20160616       6.124       4.633       4.548       4.568
20160617       6.872       4.571       4.910       5.944
20160618       5.591       4.215       4.790       6.145
20160619       5.237       4.877       5.065       6.117
20160620       5.241       4.794       4.722       4.994
20160621       5.453       4.507       4.625       4.928
20160622       4.646       5.163       5.650       5.907
20160623       3.460       4.378       5.513       5.322
20160624       3.207       4.101       5.799       4.518
20160625       4.547       6.030       4.247       3.261
20160626       4.010       4.697       5.228       4.520
20160627       5.583       5.615       4.957       4.027
20160628       7.018       8.916       7.356       6.899
20160629       5.149       7.539       7.490       7.019
20160630       3.408       6.561       7.225       5.458
20160701       2.912       5.952       6.534       3.778
20160702       2.618       5.410       5.943       3.569
20160703       6.129      11.658       6.453       3.602
20160704       6.601      10.346      10.505       8.873
20160705      10.973      12.144      10.598       8.632
20160706       7.468       9.952      11.115      13.188
20160707       4.713       8.845       9.646       7.457
20160708       3.090       8.009       8.824       4.320
20160709       2.509       7.372       7.995       2.840
20160710       5.589       8.450       8.412       3.518
20160711       3.506       7.437       7.805       6.604
20160712       5.772       7.616       8.184       4.373
20160713       6.600       7.275       7.666       6.831
20160714      12.992       9.603       7.927       6.009
20160715       7.381       7.781       8.549      11.476
20160716       5.624       7.075       7.708       6.806
20160717       7.436       7.675       9.281       7.290
20160718       6.555       7.298       7.709       7.390
20160719       5.060       6.728       7.254       6.250
20160720       3.465       6.153       6.639       5.521
20160721       2.559       5.699       6.137       4.022
20160722       2.360       5.297       5.687       2.343
20160723      13.367      11.841       8.695       4.367
20160724      13.259      11.065      10.160      15.953
20160725       9.453       9.787      10.750      13.523
20160726       5.090       8.582       9.487       9.613
20160727       9.574      13.302      10.090       5.987
20160728       5.572       9.572      10.410      10.081
20160729       5.332      10.788      10.080       5.944
20160730       7.593      14.753       9.486       6.640
20160731       9.071      14.250      13.686       8.154
