date          Qobs       Qsimobs        Qsim       Qusi
20150801       0.239       0.160       0.383       0.148
20150802       0.367       0.399       0.531       0.476
20150803       0.240       0.180       0.164       0.321
20150804       0.192       0.168       0.174       0.189
20150805       1.427       2.358       0.836       0.851
20150806       0.467       0.190       1.260       1.310
20150807       0.353       0.265       0.189       0.128
20150808       0.260       0.189       0.196       0.242
20150809       0.157       0.182       0.188       0.272
20150810       0.122       0.178       0.183       0.168
20150811       0.102       0.172       0.176       0.130
20150812       0.084       0.166       0.171       0.101
20150813       0.051       0.161       0.166       0.088
20150814       0.059       0.155       0.161       0.074
20150815       0.053       0.150       0.155       0.060
20150816       0.058       0.158       0.164       0.078
20150817       0.049       0.148       0.162       0.051
20150818       0.040       0.142       0.147       0.052
20150819       0.036       0.132       0.142       0.042
20150820       0.033       0.127       0.137       0.034
20150821       0.032       0.123       0.132       0.033
20150822       0.030       0.119       0.123       0.031
20150823       0.027       0.115       0.119       0.031
20150824       0.045       0.111       0.115       0.028
20150825       4.123       3.299       0.802       0.370
20150826       2.116       4.571       2.656       2.800
20150827       4.320       4.329       3.237       3.085
20150828       1.737       0.916       2.178       2.075
20150829       0.874       0.166       0.323       0.253
20150830       0.537       0.161       0.166       0.292
20150831       0.364       0.156       0.161       0.532
20150901       1.506       0.151       0.165       0.282
20150902      16.227      17.970       3.866       4.790
20150903       4.106       2.043       3.887       4.860
20150904       2.634       1.114       4.332       3.399
20150905       1.711       0.358       0.796       0.600
20150906       1.139       0.201       0.263       0.587
20150907       0.682       0.189       0.201       0.670
20150908       0.441       0.183       0.189       0.598
20150909       0.309       0.176       0.183       0.438
20150910       0.231       0.170       0.177       0.278
20150911       0.186       0.165       0.172       0.232
20150912       0.150       0.160       0.165       0.162
20150913       0.129       0.157       0.160       0.134
20150914       0.449       1.284       0.614       0.573
20150915       7.782       2.831       2.377       1.861
20150916       6.960       8.007       4.771       5.764
20150917      11.565       8.280       5.266       5.795
20150918       6.827       7.830       7.990       7.774
20150919       2.740       0.832       4.859       3.872
20150920       1.599       0.225       0.832       0.597
20150921       1.068       0.225       0.225       0.397
20150922       2.915       0.767       1.068       2.237
20150923       2.423       3.749       2.739       3.921
20150924       1.786       0.354       2.248       2.062
20150925       2.238       2.745       1.327       1.040
20150926       1.064       0.272       1.747       1.947
20150927       0.652       0.261       0.269       0.212
20150928       0.456       0.252       0.261       0.622
20150929       0.349       0.244       0.253       0.398
20150930       0.282       0.204       0.245       0.357
20151001       0.234       0.197       0.237       0.260
20151002       0.194       0.191       0.230       0.214
20151003       0.161       0.185       0.191       0.196
20151004       0.144       0.211       0.186       0.170
20151005       0.125       0.205       0.180       0.134
20151006       0.111       0.199       0.174       0.124
20151007       0.099       0.193       0.199       0.117
20151008       0.091       0.187       0.193       0.103
20151009       0.090       0.190       0.196       0.104
20151010       0.092       0.186       0.189       0.114
20151011       0.088       0.178       0.196       0.080
20151012       0.109       0.368       0.188       0.110
20151013       0.104       0.193       0.178       0.122
20151014       0.091       0.182       0.187       0.114
20151015       0.083       0.177       0.186       0.088
20151016       0.079       0.171       0.180       0.087
20151017       0.076       0.166       0.171       0.081
20151018       0.070       0.161       0.167       0.080
20151019       0.066       0.156       0.161       0.076
20151020       0.066       0.152       0.157       0.078
20151021       0.084       0.148       0.152       0.070
20151022       0.136       0.836       0.156       0.092
20151023       0.111       0.171       0.298       0.070
20151024       0.095       1.069       0.168       0.122
20151025       0.103       0.266       0.391       0.267
20151026       0.088       0.169       0.187       0.046
20151027       0.082       0.164       0.187       0.083
20151028       0.076       0.159       0.184       0.096
20151029       0.074       0.154       0.159       0.072
20151030       0.068       0.150       0.154       0.086
20151031       0.067       0.152       0.150       0.070
20151101       0.070       0.146       0.149       0.070
20151102       0.066       0.143   -9999.000   -9999.000
20151103       0.063       0.139       0.143       0.062
20151104       0.061       0.135       0.139       0.059
20151105       0.060       0.137       0.135       0.060
20151106       0.083       0.395       0.137       0.071
20151107       1.683       2.349       1.655       0.639
20151108       3.066       4.649       1.412       0.843
20151109       2.386       2.251       2.085       2.775
20151110       1.286       0.281       1.384       1.121
20151111       0.795       0.193       0.196       0.177
20151112       0.563       0.197       0.310       0.879
20151113       0.959       1.008       0.668       1.190
20151114       0.745       0.599       0.424       0.543
20151115       0.484       0.471       0.213       0.394
20151116       1.326       0.224       0.217       0.444
20151117       1.146       2.510       1.539       2.927
20151118       0.668       0.229       1.770       1.239
20151119       0.828       1.956       0.244       0.165
20151120       0.641       0.243       1.296       0.910
20151121       0.395       0.236       0.243       0.176
20151122       0.281       0.229       0.236       0.342
20151123       0.216       0.221       0.229       0.274
20151124       0.415       0.214       0.406       0.352
20151125       0.758       1.461       0.217       0.258
20151126       0.453       0.232       0.630       0.688
20151127       0.514       0.226       0.232       0.118
20151128       1.181       1.425       0.589       0.748
20151129       1.360       1.762       0.687       1.231
20151130       0.820       0.258       1.131       1.060
20151201       0.479       0.247       0.255       0.239
20151202       0.365       0.240       0.249       0.420
20151203       0.338       0.248       0.245       0.338
20151204       5.419       7.903       2.066       1.954
20151205       2.103       1.942       3.655       4.098
20151206       1.289       0.274       1.858       1.465
20151207       0.908       0.387       0.342       0.322
20151208       0.793       0.360       0.270       0.622
20151209       1.108       1.182       0.594       1.058
20151210       0.794       0.301       0.735       0.866
20151211       0.594       0.301       0.298       0.380
20151212       0.415       0.289       0.292       0.547
20151213       0.301       0.281       0.289       0.404
20151214       0.230       0.273       0.281       0.312
20151215       0.194       0.266       0.273       0.248
20151216       0.167       0.256       0.267       0.213
20151217       0.281       0.319       0.858       0.695
20151218       0.448       1.102       0.755       0.538
20151219       0.657       0.808       0.748       0.427
20151220       0.655       0.276       0.571       0.558
20151221       0.474       0.269   -9999.000   -9999.000
20151222       0.412       0.268   -9999.000   -9999.000
20151223       0.512       0.556       0.561       0.688
20151224       0.601       0.524       0.275       0.413
20151225       0.734       1.537       1.047       0.814
20151226       0.409       0.296       1.139       0.882
20151227       0.284       0.287       0.294       0.171
20151228       0.215       0.279       0.287       0.306
20151229       0.202       0.273       0.302       0.345
20151230       3.366       1.417       1.930       1.732
20151231       2.507       3.566       2.072       2.760
20160101       2.150       3.261       3.540       3.430
20160102       1.606       1.898       2.713       2.237
20160103       0.959       0.311       1.146       0.911
20160104       0.616       0.302       0.311       0.264
20160105       0.417       0.294       0.302       0.567
20160106       0.424       0.286       0.294       0.387
20160107       0.233       0.278       0.286       0.388
20160108       0.194       0.271       0.278       0.235
20160109       0.168       0.263       0.270       0.214
20160110       0.171       0.256       0.263       0.180
20160111       0.246       0.249       0.256       0.174
20160112       0.200       0.243       0.249       0.220
20160113       0.159       0.236       0.242       0.209
20160114       0.146       0.230       0.235       0.170
20160115       0.147       0.224       0.230       0.140
20160116       0.164       0.217       0.224       0.154
20160117       0.192       0.212       0.217       0.174
20160118       0.262       0.206       0.212       0.186
20160119       0.287       0.200       0.206       0.228
20160120       0.293       0.195       0.200       0.278
20160121       0.303       0.189       0.195       0.258
20160122       0.335       0.184       0.189       0.282
20160123       0.353       0.179       0.184       0.304
20160124       0.301       0.174       0.179       0.328
20160125       0.254       0.169       0.202       0.378
20160126       0.436       0.300       0.559       0.630
20160127       2.509       3.305       1.127       1.385
20160128       1.870       3.495       3.216       3.698
20160129       2.403       3.093       2.955       2.314
20160130       1.936       3.757       2.851       2.936
20160131       1.074       2.033       2.116       2.112
20160201       0.801       1.107       1.980       0.806
20160202       0.903       2.607       1.740       1.351
20160203       0.840       1.241       1.325       1.178
20160204       0.515       0.411       0.851       0.546
20160205       0.428       0.252       0.387       0.170
20160206       1.185       1.997       0.454       0.535
20160207       3.230       3.342       1.825       2.184
20160208       3.372       3.266       1.827       2.201
20160209       2.497       2.205       3.730       3.414
20160210       1.475       0.397       3.313       2.632
20160211       0.981       0.295       0.448       0.535
20160212       0.635       0.286       0.293       0.845
20160213       0.446       0.279       0.286       0.508
20160214       0.441       0.271       0.279       0.442
20160215       0.309       0.263       0.271       0.401
20160216       0.191       0.256       0.263       0.324
20160217       0.187       0.248       0.256       0.224
20160218       0.164       0.246       0.265       0.232
20160219       0.149       0.238       0.260       0.176
20160220       0.713       2.085       0.402       0.285
20160221       0.500       1.159       2.464       2.071
20160222       0.324       0.345       0.704       0.337
20160223       0.264       0.260       0.337       0.141
20160224       0.238       0.252       0.257       0.193
20160225       0.254       0.245       0.253       0.210
20160226       0.265       0.238       0.246       0.271
20160227       0.198       0.232       0.239       0.290
20160228       0.156       0.225       0.232       0.222
20160229       0.134       0.219       0.225       0.170
20160301       0.119       0.213       0.220       0.148
20160302       0.125       0.241       0.234       0.320
20160303       0.141       0.216       0.248       1.995
20160304       0.190       0.660       0.231       0.414
20160305       0.192       0.305       0.400       0.388
20160306       0.226       0.315       0.418       1.022
20160307       0.238       0.240       0.247       0.372
20160308       0.222       0.259       0.238       0.266
20160309       0.211       0.594       0.251       0.294
20160310       0.236       0.939       0.572       0.798
20160311       0.253       0.265       0.368       0.359
20160312       0.226       0.257       0.360       0.392
20160313       0.269       0.925       0.459       0.414
20160314       0.433       1.840       0.612       0.371
20160315       0.933       3.252       2.346       0.743
20160316       1.229       2.871       3.299       1.206
20160317       1.144       1.261       2.637       1.011
20160318       1.151       0.358       1.264       0.628
20160319       1.325       0.579       0.611       0.502
20160320       1.564       0.353       0.531       0.968
20160321       1.578       0.303       0.352       0.671
20160322       1.319       0.303       0.303       1.102
20160323   -9999.000   -9999.000       0.295       1.121
20160324       1.126       0.278   -9999.000   -9999.000
20160325       1.373       0.294   -9999.000   -9999.000
20160326       1.009       0.286   -9999.000   -9999.000
20160327       1.537       0.325       0.546       1.180
20160328       1.455       0.977       1.145       1.822
20160329       1.518       1.282       1.019       1.196
20160330       0.951       0.313       0.750       0.760
20160331       0.617       0.302       0.311       0.426
20160401       0.439       0.294       0.306       0.537
20160402       0.387       0.323       0.296       0.413
20160403       0.355       0.309       0.320       0.299
20160404       0.331       0.306       0.347       0.427
20160405       1.245       2.790       1.469       1.468
20160406       0.872       0.672       2.326       2.095
20160407       0.608       0.313       0.574       0.320
20160408       0.460       0.310       0.335       0.328
20160409       0.413       1.723       0.309       0.348
20160410       0.330       0.318       0.923       0.613
20160411       0.274       0.321       0.319       0.170
20160412       0.240       0.312       0.309       0.267
20160413       0.211       0.293       0.300       0.250
20160414       0.186       0.285       0.305       0.244
20160415       0.182       0.278       0.295       0.235
20160416       0.176       0.418       0.280       0.224
20160417       1.680       6.006       2.396       1.620
20160418       0.828       0.599       3.502       2.736
20160419       0.506       0.312       0.577       0.310
20160420       0.343       0.299       0.304       0.289
20160421       0.284       0.292       0.299       0.342
20160422       0.234       0.284       0.292       0.259
20160423       0.187       0.277       0.288       0.252
20160424       0.164       0.269       0.277       0.198
20160425       0.196       1.169       0.820       0.591
20160426       0.186       0.438       0.689       0.302
20160427       0.157       0.290       0.290       0.096
20160428       0.143       0.288       0.285       0.193
20160429       0.146       0.292       0.341       0.210
20160430       0.566       1.914       1.684       1.266
20160501       0.543       2.620       1.998       1.422
20160502       0.336       0.312       1.542       0.766
20160503       0.685       1.280       0.316       0.102
20160504       0.553       0.364       1.053       0.654
20160505       0.339       0.309       0.324       0.280
20160506       0.256       0.300       0.311       0.364
20160507       0.209       0.291       0.300       0.268
20160508       0.176       0.282       0.291       0.196
20160509       0.152       0.274       0.282       0.188
20160510       0.124       0.267       0.274       0.166
20160511       0.098       0.258       0.265       0.128
20160512       0.091       0.250       0.258       0.111
20160513       0.083       0.242       0.250       0.104
20160514       0.073       0.234       0.242       0.120
20160515       0.065       0.226       0.235       0.088
20160516       0.061       0.219       0.226       0.074
20160517       0.059       0.212       0.219       0.062
20160518       0.056       0.205       0.212       0.065
20160519       0.054       0.198       0.205       0.078
20160520       0.061       0.193       0.198       0.074
20160521       0.067       0.208       0.198       0.078
20160522       0.083       0.225       0.203       0.093
20160523       0.108       0.630       0.480       0.282
20160524       0.102       0.212       0.218       0.080
20160525       0.089       0.215       0.213       0.105
20160526       0.071       0.201       0.207       0.100
20160527       0.060       0.195       0.201       0.070
20160528       0.054       0.188       0.195       0.075
20160529       0.052       0.185       0.188       0.074
20160530       0.064       0.374       0.193       0.063
20160531       0.056       0.188       0.310       0.042
20160601       0.054       0.182       0.200       0.054
20160602       0.053       0.175       0.181       0.055
20160603       0.049       0.169       0.175       0.052
20160604       0.047       0.164       0.169       0.048
20160605       0.043       0.158       0.164       0.045
20160606       0.042       0.153       0.158       0.046
20160607       0.037       0.147       0.153       0.040
20160608       0.031       0.142       0.147       0.037
20160609       0.029       0.137       0.142       0.033
20160610       0.027       0.132       0.137       0.028
20160611       0.028       0.128       0.132       0.029
20160612       0.029       0.123       0.128       0.028
20160613       0.026       0.119       0.123       0.026
20160614       0.024       0.115       0.119       0.026
20160615       0.036       0.112       0.115       0.031
20160616       0.041       0.159       0.114       0.034
20160617       0.030       0.111       0.128       0.024
20160618       0.035       0.112       0.114       0.040
20160619       0.034       0.106       0.111       0.040
20160620       0.064       0.103       0.106       0.038
20160621       0.323       3.063       0.456       0.210
20160622       0.094       0.126       0.494       0.244
20160623       0.061       0.122       0.126       0.013
20160624       0.065       0.128       0.235       0.142
20160625       0.054       0.119       0.130       0.074
20160626       0.060       0.137       0.216       0.120
20160627       0.079       0.136       0.142       0.071
20160628       0.285       1.190       0.133       0.072
20160629       0.104       0.144       0.142       0.191
20160630       0.102       0.189       0.150       0.064
20160701       0.160       0.223       0.578       0.305
20160702       0.341       0.787       0.283       0.145
20160703       0.380       1.262       0.966       0.760
20160704       0.178       0.185       0.924       0.234
20160705       0.109       0.179       0.185       0.084
20160706       0.085       0.175       0.179       0.118
20160707       0.108       0.178       0.175       0.102
20160708       0.072       0.167       0.174       0.116
20160709       0.057       0.161       0.167       0.070
20160710       0.048       0.156       0.161       0.060
20160711       0.046       0.152       0.160       0.064
20160712       0.041       0.147       0.154       0.060
20160713       0.038       0.142       0.147       0.049
20160714       0.054       0.140       0.155       0.054
20160715       0.041       0.135       0.145       0.070
20160716       0.036       0.131       0.158       0.062
20160717       0.032       0.126       0.131       0.035
20160718       0.030       0.122       0.126       0.034
20160719       0.031       0.117       0.122       0.028
20160720       0.031       0.113       0.117       0.028
20160721       0.030       0.109       0.113       0.028
20160722       0.031       0.110       0.109       0.030
20160723       0.031       0.104       0.108       0.028
20160724       0.035       0.100       0.104       0.034
20160725       0.037       0.096       0.100       0.032
20160726       0.132       0.187       0.097       0.037
20160727       0.061       0.099       0.096       0.130
20160728       0.059       0.175       0.313       0.238
20160729       0.041       0.102       0.108       0.050
20160730       0.038       0.115       0.212       0.116
20160731       0.033       0.105       0.105       0.034
