date          Qobs       Qsimobs        Qsim       Qusi
20150801      10.278       9.118       8.618       9.692
20150802      10.042       9.452       9.078      10.136
20150803       9.892       9.171       9.019      10.108
20150804      10.071       8.431       9.388       9.879
20150805       9.137       7.564       8.885       9.909
20150806       8.527       9.225       7.939       8.805
20150807       8.195       8.673       8.723       8.982
20150808       7.926       8.734       8.474       7.973
20150809       7.829       9.222       8.473       7.822
20150810       7.246       8.452       9.050       8.317
20150811       6.670       8.442       8.810       7.373
20150812       7.509      10.851       8.294       6.514
20150813       8.582       9.803       9.525       7.827
20150814       8.661       9.177       9.811       8.444
20150815       8.354       8.152       9.281       8.326
20150816       7.791       8.261       8.527       7.934
20150817       7.131       7.910       8.385       7.748
20150818       6.624       7.624       7.903       6.877
20150819       6.322       7.052       7.787       6.634
20150820       6.100       6.624       7.305       6.206
20150821       5.783       6.602       6.891       5.982
20150822       5.479       6.549       6.878       5.935
20150823       5.331       6.705       6.711       5.521
20150824       5.464       7.176       6.887       5.511
20150825       5.503       6.588       6.724       5.422
20150826       5.152       6.133       6.578       5.319
20150827       4.886       6.028       6.401       5.063
20150828       5.085       6.264       6.132       4.832
20150829       5.511       6.236       6.161       5.021
20150830       5.374       5.994       6.129       5.380
20150831       5.418       7.067       5.873       5.215
20150901       7.083       7.011       6.625       5.743
20150902       7.168       5.938       6.434       6.630
20150903       6.315       5.259       5.896       6.542
20150904       5.746       4.953       5.316       5.782
20150905       5.369       4.792       5.149       5.678
20150906       5.151       5.348       5.197       5.626
20150907       4.998       4.614       4.929       5.280
20150908       4.712       4.203       4.703       4.745
20150909       4.566       4.383       4.499       4.653
20150910       4.870       4.386       4.389       4.492
20150911       4.873       4.151       4.364       4.945
20150912       4.765       3.878       4.274       4.779
20150913       4.552       3.716       4.017       4.546
20150914       4.283       3.562       3.803       4.401
20150915       4.012       3.656       3.656       4.165
20150916       3.736       3.483       3.662       4.027
20150917       3.545       3.690       3.604       3.708
20150918       3.516       3.986       3.653       3.660
20150919       3.678       4.639       4.156       3.902
20150920       3.752       4.810       4.307       3.985
20150921       3.676       4.458       4.546       3.872
20150922       3.527       4.218       4.405       3.546
20150923       3.414       4.427       4.267       3.437
20150924       3.224       4.114       4.230       3.448
20150925       3.014       3.760       4.094       3.136
20150926       2.959       4.332       3.987       3.027
20150927       4.318       5.644       4.450       3.377
20150928       5.044       4.770       5.027       4.687
20150929       4.911       5.017       4.833       4.807
20150930       5.704       7.745       5.089       5.087
20151001       6.478       8.646       6.327       6.652
20151002       6.505       6.636       7.223       6.706
20151003       6.061       6.102       6.550       5.732
20151004       5.503       5.729       5.825       5.328
20151005       4.964       4.934       5.044       4.704
20151006       4.401       4.097       4.358       4.383
20151007       3.854       3.553       4.220       3.895
20151008       3.417       3.256       3.568       3.438
20151009       3.057       3.181       3.242       3.136
20151010       2.761       2.957       3.129       2.998
20151011       2.532       2.818       2.995       2.659
20151012       3.097       3.942       3.245       2.809
20151013       5.964       7.819       3.672       3.588
20151014       7.183       6.112       6.713       8.070
20151015       7.372       6.654       5.973       6.540
20151016       8.798       9.098       6.209       7.304
20151017      12.365      11.316       8.763      10.404
20151018      17.322      11.616      10.207      13.763
20151019      18.505       9.901      10.241      16.026
20151020      15.676       8.532       9.494      16.360
20151021      12.563       7.583       8.379      13.555
20151022      10.122       6.464       7.321      11.123
20151023       8.223       5.406       6.379       8.701
20151024       6.766       4.688       5.705       7.505
20151025       5.968       5.164       4.891       6.203
20151026       6.370       5.509       4.969       5.873
20151027       6.219       4.677       5.297       6.154
20151028       6.791       5.054       4.823       5.929
20151029       6.754       4.974       4.622       6.200
20151030       5.876       4.252       4.635       6.616
20151031       4.985       3.958       4.528       5.989
20151101       5.640       4.742       4.200       4.807
20151102      12.437      17.556   -9999.000   -9999.000
20151103      15.003      14.378      12.166      18.341
20151104      14.073      13.499      14.095      16.052
20151105      12.851      12.253      13.052      13.219
20151106      10.721       9.670      11.431      11.595
20151107       8.591       8.382       9.699       9.653
20151108       7.177       7.157       8.488       8.082
20151109       6.072       6.135       7.127       6.470
20151110       5.170       5.502       6.116       5.342
20151111       4.497       4.855       5.390       4.538
20151112       3.920       4.391       4.817       4.097
20151113       3.444       4.131       4.405       3.695
20151114       3.070       3.915       4.115       3.244
20151115       2.816       3.722       3.914       2.920
20151116       2.696       3.531       3.746       2.734
20151117       2.429       3.344       3.529       2.615
20151118       2.240       3.170       3.344       2.348
20151119       2.090       3.004       3.170       2.172
20151120       1.993       2.849       3.004       1.990
20151121       2.145       2.723       2.856       1.842
20151122       2.034       2.582       2.721       2.059
20151123       1.861       2.444       2.582       1.972
20151124       1.758       2.316       2.474       1.825
20151125       1.682       2.197       2.320       1.663
20151126       1.597       2.083       2.200       1.614
20151127       1.701       2.563       2.115       1.550
20151128       1.751       2.462       2.273       1.745
20151129       1.673       2.255       2.415       1.792
20151130       1.580       2.132       2.255       1.590
20151201       1.516       2.043       2.140       1.545
20151202       1.486       1.936       2.049       1.490
20151203       1.439       1.963       1.972       1.463
20151204       1.445       2.588       1.935       1.499
20151205       1.671       3.167       2.374       1.657
20151206       1.688       2.847       2.988       1.930
20151207       2.013       3.706       2.790       1.688
20151208       2.199       4.494       3.162       2.079
20151209       2.230       3.593       3.761       2.393
20151210       2.651       5.088       3.596       2.073
20151211       2.455       3.863       4.257       2.732
20151212       2.289       3.537       3.859       2.226
20151213       2.192       3.351       3.539       2.138
20151214       2.237       3.201       3.363       2.087
20151215       2.336       3.067       3.210       2.155
20151216       2.219       2.923       3.062       2.216
20151217       2.024       2.773       2.926       2.151
20151218       1.829       2.629       2.791       1.973
20151219       1.833       2.632       2.632       1.746
20151220       1.789       2.701       2.552       1.763
20151221       1.966       2.951   -9999.000   -9999.000
20151222       1.988       2.679   -9999.000   -9999.000
20151223       1.888       2.540       2.696       1.936
20151224       1.765       2.445       2.690       1.982
20151225       1.773       3.019       2.438       1.760
20151226       1.947       3.070       2.762       1.853
20151227       1.900       2.762       2.899       1.938
20151228       1.787       2.622       2.754       1.840
20151229       1.637       2.493       2.636       1.783
20151230       1.572       2.375       2.576       1.611
20151231       1.512       2.263       2.475       1.562
20160101       1.428       2.932       2.269       1.473
20160102       1.419       3.240       2.629       1.502
20160103       1.346       2.839       3.002       1.483
20160104       1.256       2.702       2.839       1.308
20160105       1.172       2.572       2.702       1.229
20160106       1.091       2.449       2.572       1.143
20160107       1.032       2.330       2.449       1.047
20160108       0.993       2.219       2.332       0.992
20160109       0.982       2.126       2.227       0.964
20160110       1.006       2.033       2.134       0.962
20160111       0.969       1.936       2.039       0.981
20160112       0.937       1.852       1.935       0.950
20160113       0.918       1.769       1.845       0.910
20160114       0.894       1.688       1.760       0.881
20160115       0.890       1.614       1.687       0.864
20160116       0.910       1.549       1.619       0.863
20160117       0.937       1.488       1.549       0.868
20160118       0.911       1.419       1.482       0.907
20160119       0.879       1.356       1.419       0.881
20160120       0.856       1.298       1.356       0.867
20160121       0.822       1.244       1.298       0.841
20160122       0.879       1.201       1.245       0.802
20160123       0.922       1.520       1.205       0.839
20160124       0.889       1.266       1.399       0.960
20160125       0.891       1.218       1.266       0.880
20160126       0.916       1.168       1.219       0.858
20160127       0.898       1.137       1.173       0.877
20160128       0.906       1.326       1.136       0.862
20160129       0.860       1.172       1.226       0.933
20160130       0.784       1.128       1.172       0.824
20160131       0.830       1.091       1.128       0.761
20160201       0.954       1.440       1.092       0.778
20160202       0.903       1.238       1.348       0.994
20160203       0.886       1.191       1.238       0.884
20160204       0.888       1.149       1.195       0.862
20160205       0.878       1.109       1.148       0.862
20160206       0.832       1.068       1.109       0.857
20160207       0.812       1.032       1.069       0.817
20160208       0.801       0.996       1.032       0.802
20160209       0.791       1.017       0.999       0.782
20160210       0.767       0.945       0.973       0.770
20160211       0.754       0.916       0.945       0.753
20160212       0.781       0.901       0.936       0.732
20160213       0.738       0.876       0.892       0.768
20160214       0.705       0.850       0.873       0.720
20160215       0.704       0.828       0.850       0.678
20160216       0.773       0.816       0.837       0.697
20160217       0.765       0.812       0.820       0.747
20160218       0.745       0.994       0.826       0.826
20160219       0.721       0.863       0.878       0.803
20160220       0.680       0.843       0.863       0.708
20160221       0.640       0.824       0.843       0.676
20160222       0.612       0.982       0.825       0.639
20160223       0.647       0.886       0.914       0.638
20160224       0.709       0.982       0.893       0.610
20160225       0.686       0.945       0.873       0.700
20160226       0.667       0.915       0.849       0.664
20160227       0.644       0.888       0.916       0.642
20160228       0.636       0.861       0.888       0.628
20160229       0.631       0.768       0.865       0.623
20160301       0.602       0.752       0.838       0.615
20160302       0.576       0.744       0.814       0.603
20160303       0.559       0.730       0.738       0.570
20160304       0.547       0.717       0.725       0.563
20160305       0.524       0.704       0.717       0.533
20160306       0.515       0.692       0.704       0.529
20160307       0.509       0.683       0.692       0.510
20160308       0.500       0.672       0.680       0.509
20160309       0.495       0.660       0.671       0.501
20160310       0.484       0.652       0.660       0.480
20160311       0.472       0.647       0.652       0.488
20160312       0.501       0.722       0.648       0.482
20160313       0.549       1.107       0.781       0.614
20160314       0.647       1.644       1.033       0.728
20160315       0.914       2.346       1.566       0.911
20160316       1.377       2.820       2.069       1.101
20160317       1.667       2.423       2.496       1.433
20160318       1.767       2.318       2.404       1.582
20160319       1.808       2.209       2.317       1.680
20160320       1.721       2.105       2.209       1.754
20160321       1.623       2.017       2.109       1.639
20160322       1.485       2.011       2.014       1.590
20160323   -9999.000   -9999.000       1.920       1.428
20160324       1.314       1.760   -9999.000   -9999.000
20160325       1.216       1.676   -9999.000   -9999.000
20160326       1.165       1.600   -9999.000   -9999.000
20160327       1.125       2.166       1.676       1.217
20160328       1.150       2.749       2.220       1.449
20160329       1.333       3.719       2.682       1.385
20160330       1.596       4.833       3.465       1.650
20160331       1.850       5.302       4.229       1.962
20160401       1.908       4.095       4.677       1.898
20160402       1.847       3.605       4.067       1.705
20160403       1.736       3.327       3.605       1.673
20160404       1.663       3.444       3.325       1.623
20160405       1.599       3.175       3.274       1.670
20160406       1.529       3.004       3.120       1.520
20160407       1.462       2.920       3.006       1.470
20160408       1.435       2.838       2.905       1.446
20160409       1.426       2.973       2.816       1.442
20160410       1.485       2.844       2.869       1.430
20160411       1.542       2.808       2.808       1.464
20160412       1.649       2.767       2.737       1.505
20160413       1.667       2.725       2.695       1.580
20160414       1.573       2.585       2.603       1.610
20160415       1.475       2.457       2.471       1.546
20160416       1.391       2.336       2.457       1.430
20160417       1.352       2.328       2.366       1.361
20160418       1.285       2.180       2.277       1.338
20160419       1.225       2.082       2.180       1.249
20160420       1.188       2.072       2.080       1.190
20160421       1.151       1.955       2.041       1.175
20160422       1.139       1.865       1.954       1.112
20160423       1.202       1.886       1.870       1.107
20160424       1.208       1.770       1.845       1.196
20160425       1.178       1.693       1.770       1.164
20160426       1.153       1.693       1.693       1.134
20160427       1.390       1.857       1.739       1.191
20160428       3.364       3.040       2.116       1.514
20160429       5.265       3.932       2.740       3.855
20160430       8.124       5.989       4.004       6.723
20160501       9.706       6.437       5.383      10.335
20160502       9.288       6.910       6.139      10.638
20160503       8.745       7.337       6.672       9.901
20160504       8.367       8.381       7.197       9.125
20160505       8.194       7.991       8.076       8.933
20160506       8.209       8.379       7.945       8.035
20160507       8.598       8.841       8.211       8.195
20160508       9.217       9.202       8.561       8.527
20160509      10.079       9.234       8.716       9.021
20160510       9.952       8.260       8.626       9.736
20160511       9.050       7.248       7.932       9.139
20160512       7.824       6.681       7.029       8.219
20160513       6.974       6.186       6.521       7.104
20160514       6.150       5.745       5.894       6.418
20160515       5.500       5.890       5.719       5.872
20160516       5.031       5.756       5.608       5.402
20160517       4.718       5.521       5.506       4.963
20160518       4.364       4.812       5.221       4.407
20160519       4.018       5.280       4.693       3.962
20160520       3.697       4.829       4.630       3.993
20160521       3.424       4.452       4.667       3.556
20160522       3.419       5.915       4.994       3.652
20160523       3.997       7.392       5.819       3.838
20160524       4.835       8.003       7.132       4.684
20160525       5.634       7.729       7.401       5.033
20160526       6.236       6.892       7.494       5.575
20160527       6.262       6.664       6.979       5.878
20160528       6.557       8.515       7.231       6.423
20160529       7.476       8.427       8.183       7.095
20160530       8.176       8.531       8.661       7.808
20160531       9.088       9.178       8.649       8.224
20160601       9.556       8.237       8.752       8.890
20160602       9.188       7.163       7.834       8.619
20160603       8.675       7.866       7.374       8.608
20160604       8.369       7.895       7.513       8.700
20160605       7.809       7.972       7.434       8.102
20160606       6.813       6.263       7.286       7.438
20160607       6.222       6.461       6.514       6.079
20160608       6.508       6.441       6.214       5.848
20160609       8.005       7.059       6.075       6.107
20160610       7.493       5.612       6.249       7.742
20160611       6.564       4.970       5.527       6.542
20160612       5.803       4.650       4.976       5.988
20160613       5.328       4.935       4.750       5.528
20160614       5.018       6.020       5.045       5.726
20160615       4.788       5.498       5.215       5.325
20160616       4.653       5.422       5.292       4.615
20160617       4.829       5.966       5.412       4.667
20160618       6.225       9.224       6.255       5.463
20160619       7.333       8.024       7.443       6.923
20160620       7.293       6.906       7.119       6.541
20160621       6.939       6.963       7.067       6.749
20160622       6.944       7.933       7.253       7.135
20160623       7.749       7.530       7.545       7.144
20160624       8.698       7.781       7.663       7.574
20160625       9.789       7.513       7.660       8.474
20160626       9.682       7.143       7.327       9.188
20160627       9.203       7.067       7.199       9.166
20160628       9.709       9.360       7.650       9.587
20160629      10.008       8.689       8.695      10.477
20160630      10.034       8.677       8.505       9.587
20160701      10.372       9.747       8.858      10.211
20160702      10.654       9.863       9.645      10.942
20160703      11.419      10.664      10.109      11.073
20160704      11.670      10.218      10.287      11.438
20160705      11.000       9.709       9.969      11.292
20160706      12.403      13.819       9.892      10.850
20160707      13.279      12.357      11.664      13.645
20160708      13.048      11.912      11.724      12.397
20160709      11.631      10.431      11.253      12.459
20160710      15.570      11.483      10.475      10.663
20160711      21.181      11.793      11.028      14.227
20160712      18.242      10.490      10.986      20.793
20160713      15.555       9.623      10.533      17.282
20160714      13.273       8.805       9.751      14.881
20160715      12.134       8.762       9.214      12.778
20160716      10.831       7.706       8.352      11.207
20160717      10.065       9.458       8.175      10.511
20160718       9.653       8.490       8.516      10.475
20160719       9.480       8.095       8.259       8.888
20160720       9.131       7.902       8.047       9.182
20160721       8.463       7.130       7.630       8.704
20160722       7.897       6.859       7.332       8.015
20160723       8.075       7.785       7.430       8.005
20160724       8.291       7.534       7.782       8.518
20160725       8.180       7.293       7.569       8.236
20160726       7.781       6.802       7.156       7.877
20160727       7.811       7.532       6.993       7.484
20160728       7.852       8.350       8.178       8.809
20160729       7.846       7.875       7.592       7.902
20160730       7.861       9.408       8.063       7.843
20160731       7.331       8.727       8.452       8.300
