date          Qobs       Qsimobs        Qsim       Qusi
20150801       0.529       0.776       0.828       0.473
20150802       0.532       0.811       0.781       0.498
20150803       0.513       0.660       0.788       0.518
20150804       0.521       0.619       0.723       0.494
20150805       0.948       2.761       0.961       0.666
20150806       1.149       1.268       1.806       0.864
20150807       1.136       1.146       1.262       0.982
20150808       1.052       1.097       1.146       1.008
20150809       0.952       1.030       1.094       0.992
20150810       0.859       0.971       1.030       0.898
20150811       0.783       0.916       0.971       0.832
20150812       0.717       0.871       0.925       0.768
20150813       0.653       0.815       0.869       0.696
20150814       0.595       0.765       0.815       0.619
20150815       0.543       0.717       0.765       0.576
20150816       0.498       0.671       0.717       0.514
20150817       0.463       0.296       0.671       0.481
20150818       0.432       0.275       0.622       0.437
20150819       0.409       0.262       0.586       0.407
20150820       0.387       0.250       0.262       0.388
20150821       0.367       0.239       0.250       0.355
20150822       0.353       0.228       0.239       0.350
20150823       0.345       0.218       0.228       0.324
20150824       0.345       0.208       0.218       0.328
20150825       0.371       0.439       0.208       0.320
20150826       0.397       1.236       0.629       0.575
20150827       0.581       1.313       1.025       0.438
20150828       0.892       1.337       1.161       0.543
20150829       0.951       0.880       1.178       0.823
20150830       0.908       0.838       0.920       0.870
20150831       0.840       0.783       0.829       0.859
20150901       0.787       0.735       0.803       0.823
20150902       2.111       2.721       1.365       1.367
20150903       4.367       5.232       2.235       2.096
20150904       5.467       3.585       3.777       4.334
20150905       5.492       3.848       4.428       6.586
20150906       5.071       2.837       3.984       5.351
20150907       4.427       2.359       3.069       4.537
20150908       3.787       2.012       2.520       4.091
20150909       3.244       1.822       2.012       3.556
20150910       2.714       1.729       1.820       3.425
20150911       2.214       1.640       1.727       2.668
20150912       1.898       1.555       1.640       2.150
20150913       1.699       1.787       1.584       1.888
20150914       1.711       1.550       1.572       1.598
20150915       2.033       1.587       1.635       1.630
20150916       3.446       4.826       2.151       2.393
20150917       4.268       5.674       4.754       4.745
20150918       6.369      13.947       6.654       6.715
20150919       7.932       7.467      10.672       6.373
20150920       7.904       6.041       7.399       6.334
20150921       7.240       3.501       6.173       6.623
20150922       6.461       2.981       5.064       5.993
20150923       5.780       3.172       4.460       5.859
20150924       5.189       2.746       3.011       5.143
20150925       4.739       3.144       2.998       5.081
20150926       4.308       2.375       2.870       4.167
20150927       3.903       2.071       2.369       4.148
20150928       3.544       1.965       2.071       3.744
20150929       3.232       1.866       1.968       3.785
20150930       2.967       1.371       1.869       3.208
20151001       2.792       1.298       1.772       2.973
20151002       2.545       1.229       1.682       2.942
20151003       2.327       1.162       1.229       2.338
20151004       2.134       1.557       1.162       2.146
20151005       1.955       1.477       1.099       2.021
20151006       1.787       1.401       1.039       1.825
20151007       1.637       1.329       1.401       1.713
20151008       1.501       1.259       1.329       1.534
20151009       1.379       1.194       1.263       1.455
20151010       1.284       1.136       1.194       1.286
20151011       1.202       1.074       1.131       1.235
20151012       0.809       1.016       1.075       1.111
20151013       0.375       0.968       1.018       0.907
20151014       0.379       0.917       0.966       0.362
20151015       1.017       0.866       0.915       0.372
20151016       1.321       0.820       0.866       0.804
20151017       1.165       0.775       0.819       1.260
20151018       1.042       0.732       0.774       1.107
20151019       0.953       0.696       0.732       0.974
20151020       0.879       0.662       0.694       0.900
20151021       0.831       0.624       0.659       0.831
20151022       0.800       0.672       0.634       0.772
20151023       0.758       0.601       0.633       0.754
20151024       0.716       0.566       0.601       0.709
20151025       0.701       0.556       0.585       0.671
20151026       0.673       0.515       0.562       0.696
20151027       0.652       0.485       0.556       0.617
20151028       0.627       0.467       0.485       0.609
20151029       0.606       0.444       0.464       0.601
20151030       0.588       0.422       0.443       0.562
20151031       0.573       0.444       0.423       0.568
20151101       0.557       0.423       0.427       0.566
20151102       0.546       0.397   -9999.000   -9999.000
20151103       0.533       0.386       0.397       0.522
20151104       0.519       0.365       0.386       0.520
20151105       0.506       0.358       0.377       0.510
20151106       0.497       0.374       0.378       0.506
20151107       0.563       0.699       0.561       0.793
20151108       0.714       2.226       0.569       0.542
20151109       0.907       1.699       1.094       0.800
20151110       1.002       1.461       1.639       0.841
20151111       1.024       1.054       1.446       0.936
20151112       1.019       1.000       1.371       0.983
20151113       1.046       1.091       1.326       0.970
20151114       1.097       1.467       1.134       1.098
20151115       1.102       1.159       1.063       1.042
20151116       1.092       1.100       1.157       1.049
20151117       1.096       1.238       1.271       1.167
20151118       1.074       1.020       1.112       1.002
20151119       1.038       0.954       1.015       0.982
20151120       0.991       0.905       0.954       0.984
20151121       0.938       0.857       0.905       0.950
20151122       0.864       0.812       0.857       0.871
20151123       0.809       0.769       0.812       0.814
20151124       0.794       0.745       0.837       0.812
20151125       0.815       1.000       0.738       0.725
20151126       0.792       0.783       0.869       0.811
20151127       0.784       0.742       0.984       0.964
20151128       1.058       1.998       0.963       0.942
20151129       1.351       2.210       1.762       1.324
20151130       1.585       1.676       2.189       1.348
20151201       1.631       1.569       1.754       1.488
20151202       1.615       1.484       1.664       1.562
20151203       1.574       1.491       1.497       1.506
20151204       1.693       1.611       1.822       1.833
20151205       2.024       2.636       2.355       2.250
20151206       2.327       2.191       2.388       2.112
20151207       2.438       2.078       2.168       2.367
20151208       2.456       1.956       2.077       2.295
20151209       2.619       2.278       2.071       2.437
20151210       2.675       2.023       2.105       2.558
20151211       2.630       1.941       2.015       2.557
20151212       2.508       1.845       1.932       2.503
20151213       2.361       1.757       1.845       2.383
20151214       2.196       1.674       1.757       2.255
20151215       2.016       1.594       1.674       2.056
20151216       1.831       1.518       1.594       1.949
20151217       1.726       1.502       1.555       1.805
20151218       1.651       1.547       1.661       1.830
20151219       1.577       1.641       1.658       1.753
20151220       1.756       1.953       1.775       1.717
20151221       1.826       1.764   -9999.000   -9999.000
20151222       1.794       1.673   -9999.000   -9999.000
20151223       1.803       1.949       1.806       1.833
20151224       1.739       1.695       1.803       1.789
20151225       1.759       1.966       1.750       1.737
20151226       1.697       1.719       1.820       1.736
20151227       1.586       1.630       1.716       1.621
20151228       1.510       1.639       1.672       1.564
20151229       1.430       1.492       1.588       1.405
20151230       1.361       1.424       1.501       1.387
20151231       1.322       1.727       1.444       1.335
20160101       1.280       1.579       1.799       1.409
20160102       1.214       1.636       1.619       1.268
20160103       1.148       1.491       1.596       1.209
20160104       1.083       1.417       1.487       1.125
20160105       1.010       1.335       1.416       1.067
20160106       0.940       1.267       1.335       1.009
20160107       0.874       1.205       1.267       0.910
20160108       0.815       1.160       1.217       0.854
20160109       0.779       1.117       1.164       0.814
20160110       0.770       1.238       1.149       0.798
20160111       0.783       1.323       1.248       0.814
20160112       0.766       1.083       1.178       0.725
20160113       0.747       1.001       1.051       0.716
20160114       0.703       0.886       0.971       0.700
20160115       0.677       0.827       0.883       0.651
20160116       0.670       0.859       0.845       0.673
20160117       0.645       0.751       0.809       0.633
20160118       0.621       0.704       0.750       0.597
20160119       0.592       0.671       0.705       0.581
20160120       0.567       0.636       0.670       0.577
20160121       0.543       0.611       0.637       0.550
20160122       0.521       0.585       0.610       0.518
20160123       0.514       0.600       0.599       0.529
20160124       0.503       0.554       0.590       0.488
20160125       0.491       0.526       0.552       0.491
20160126       0.484       0.530       0.549       0.492
20160127       0.498       0.906       0.634       0.524
20160128       0.557       1.986       0.770       0.670
20160129       0.602       1.435       1.537       0.667
20160130       0.738       1.867       1.441       0.624
20160131       0.714       1.623       1.657       0.824
20160201       0.664       1.520       1.607       0.744
20160202       0.644       1.493       1.568       0.704
20160203       0.610       1.388       1.478       0.669
20160204       0.566       1.314       1.384       0.608
20160205       0.540       1.249       1.314       0.568
20160206       0.544       1.284       1.491       0.643
20160207       1.087       2.388       1.617       0.702
20160208       2.038       3.185       2.131       1.117
20160209       2.685       5.514       3.237       2.934
20160210       2.676       4.044       4.210       2.938
20160211       2.423       3.200       3.778       2.413
20160212       2.155       2.739       3.197       2.125
20160213       1.942       2.428       2.759       1.890
20160214       1.690       2.188       2.421       1.750
20160215       1.460       2.083       2.189       1.590
20160216       1.295       1.984       2.082       1.442
20160217       1.201       1.892       1.984       1.284
20160218       1.116       1.803       1.897       1.192
20160219       1.030       1.720       1.806       1.095
20160220       0.990       1.681       1.767       1.056
20160221       0.937       1.790       1.766       1.055
20160222       0.879       1.528       1.616       0.921
20160223       0.823       1.441       1.513       0.888
20160224       0.761       1.366       1.441       0.806
20160225       0.714       1.298       1.366       0.776
20160226       0.685       1.237       1.298       0.722
20160227       0.651       1.178       1.236       0.671
20160228       0.615       1.121       1.178       0.664
20160229       0.582       1.069       1.122       0.603
20160301       0.567       1.019       1.070       0.591
20160302       0.557       1.112       1.112       0.610
20160303       0.564       1.226       1.131       0.587
20160304       0.570       1.076       1.101       0.536
20160305       0.574       1.086       1.122       0.596
20160306       0.559       0.926       0.985       0.534
20160307       0.549       0.907       0.931       0.569
20160308       0.534       0.789       0.854       0.504
20160309       0.515       0.718       0.778       0.516
20160310       0.500       0.681       0.721       0.489
20160311       0.489       0.675       0.678       0.477
20160312       0.477       0.626       0.658       0.468
20160313       0.464       0.601       0.628       0.456
20160314       0.466       0.655       0.686       0.504
20160315       0.500       0.909       0.802       0.572
20160316       0.570       1.086       0.939       0.626
20160317       0.660       1.189       1.123       0.682
20160318       0.807       1.593       1.181       0.710
20160319       0.955       1.394       1.426       0.890
20160320       1.052       1.424       1.415       0.944
20160321       1.091       1.426       1.423       1.020
20160322       1.112       1.434       1.459       1.111
20160323   -9999.000   -9999.000       1.463       1.165
20160324       1.190       1.661   -9999.000   -9999.000
20160325       1.197       1.721   -9999.000   -9999.000
20160326       1.316       1.766   -9999.000   -9999.000
20160327       2.274       1.981       1.937       1.486
20160328       3.397       2.661       2.469       2.668
20160329       5.723       6.571       4.902       5.699
20160330       8.112       6.187       5.796       6.953
20160331       8.435       4.344       5.372       7.575
20160401       7.577       3.595       4.318       6.883
20160402       6.662       3.703       4.052       6.710
20160403       5.909       3.279       3.644       6.167
20160404       5.440       3.560       4.196       5.963
20160405       5.904       5.330       4.745       6.214
20160406       6.505       4.071       4.780       5.966
20160407       6.821       3.658       4.329       6.077
20160408       6.962       4.242       4.172       6.413
20160409       6.829       3.610       4.688       7.501
20160410       6.446       3.028       3.428       5.935
20160411       5.971       2.867       3.094       5.348
20160412       5.563       2.673       2.921       5.269
20160413       5.166       2.472       2.668       4.827
20160414       4.850       2.729       2.536       4.669
20160415       4.618       2.517       2.925       5.124
20160416       4.566       2.999       2.660       4.494
20160417       4.460       3.358       3.232       4.940
20160418       4.260       2.709       3.057       4.311
20160419       4.060       2.569       2.699       3.856
20160420       3.828       2.408       2.532       3.776
20160421       3.605       2.272       2.406       3.952
20160422       3.366       2.142       2.268       3.665
20160423       3.116       2.007       2.130       3.081
20160424       2.869       1.879       1.999       2.952
20160425       2.645       1.804       2.052       2.937
20160426       2.435       1.590       1.845       2.561
20160427       2.246       1.517       1.728       2.343
20160428       2.069       1.450       1.647       2.151
20160429       2.128       5.227       2.214       2.946
20160430       2.712       5.968       5.636       3.900
20160501       3.675       8.973       7.277       4.070
20160502       4.254       6.110       7.740       3.854
20160503       4.746       6.128       6.174       3.942
20160504       5.189       6.020       5.858       4.431
20160505       5.246       4.681       5.447       4.453
20160506       5.061       3.872       4.681       4.220
20160507       4.759       3.211       3.873       4.296
20160508       4.424       2.682       3.211       4.213
20160509       4.115       2.445       2.682       3.941
20160510       3.806       2.149       2.445       3.856
20160511       3.487       2.044       2.295       3.563
20160512       3.202       1.943       2.183       3.586
20160513       2.898       1.858       1.953       2.983
20160514       2.624       1.760       1.855       2.846
20160515       2.379       1.671       1.760       2.495
20160516       2.165       1.586       1.671       2.413
20160517       1.970       1.504       1.586       2.070
20160518       1.800       1.425       1.505       1.825
20160519       1.662       1.351       1.433       1.734
20160520       1.550       1.285       1.354       1.537
20160521       0.910       1.393       1.372       1.587
20160522       0.383       1.335       1.343       1.095
20160523       1.706       3.129       1.764       0.473
20160524       5.174       8.389       2.847       1.283
20160525       6.274       3.623       6.180       5.765
20160526       6.008       2.929       3.622       5.111
20160527       5.368       2.456       2.930       5.442
20160528       4.652       2.369       2.499       4.587
20160529       4.064       2.266       2.312       4.268
20160530       3.667       2.701       2.319       3.923
20160531       3.293       2.221       2.489       3.474
20160601       2.824       2.069       2.192       3.151
20160602       2.277       1.964       2.073       2.720
20160603       2.131       1.863       1.964       2.178
20160604       1.846       1.827       1.863       2.077
20160605       1.642       1.693       1.797       1.818
20160606       1.473       1.603       1.693       1.493
20160607       1.343       1.518       1.603       1.437
20160608       1.193       1.438       1.518       1.316
20160609       1.082       1.358       1.437       1.143
20160610       0.964       1.287       1.361       1.058
20160611       0.892       1.213       1.286       0.925
20160612       0.824       1.144       1.213       0.867
20160613       0.765       1.078       1.144       0.806
20160614       0.719       1.015       1.078       0.742
20160615       0.678       0.955       1.015       0.674
20160616       0.686       1.211       1.045       0.706
20160617       0.662       0.914       1.038       0.623
20160618       0.639       1.000       1.016       0.695
20160619       0.624       0.931       0.977       0.610
20160620       0.609       0.822       0.882       0.584
20160621       0.646       1.528       1.220       0.862
20160622       0.624       0.943       1.170       0.581
20160623       0.592       0.883       0.940       0.574
20160624       0.560       0.830       0.887       0.576
20160625       0.544       0.795       0.853       0.558
20160626       0.567       0.744       0.792       0.516
20160627       0.593       1.344       1.117       0.764
20160628       0.569       0.844       1.052       0.542
20160629       0.543       0.782       0.835       0.526
20160630       0.530       0.752       0.788       0.510
20160701       0.549       1.004       0.799       0.554
20160702       0.561       0.915       1.023       0.577
20160703       0.562       0.942       1.266       0.758
20160704       0.575       0.871       1.037       0.634
20160705       0.583       0.836       0.959       0.610
20160706       0.586       0.839       0.883       0.596
20160707       0.556       0.764       0.819       0.548
20160708       0.522       0.705       0.758       0.536
20160709       0.496       0.660       0.705       0.512
20160710       0.482       0.640       0.811       0.573
20160711       0.483       0.613       0.647       0.459
20160712       0.472       0.752       0.655       0.484
20160713       0.479       0.668       0.589       0.456
20160714       0.492       0.728       1.096       0.753
20160715       0.487       0.685       0.644       0.445
20160716       0.479       0.594       0.637       0.450
20160717       0.464       0.562       0.593       0.462
20160718       0.446       0.531       0.563       0.435
20160719       0.433       0.499       0.535       0.420
20160720       0.423       0.475       0.500       0.412
20160721       0.406       0.444       0.474       0.409
20160722       0.397       0.416       0.444       0.381
20160723       0.391       0.390       0.418       0.380
20160724       0.385       0.375       0.390       0.370
20160725       0.392       0.350       0.536       0.528
20160726       0.420       0.619       0.351       0.356
20160727       0.412       0.532       0.643       0.489
20160728       0.432       0.691       0.556       0.434
20160729       0.412       0.440       0.539       0.369
20160730       0.447       1.034       0.601       0.495
20160731       0.431       0.688       0.889       0.485
