date          Qobs       Qsimobs        Qsim       Qusi
20150801       4.363       0.587       0.656       1.563
20150802       6.018       7.767       2.481       3.770
20150803       1.954       1.234       5.109       5.471
20150804       4.629       0.781       1.412       0.864
20150805       4.277       6.759       2.292       2.979
20150806       2.231       1.228       4.495       3.771
20150807       2.191       0.666       1.396       0.928
20150808       1.525       0.548       0.607       0.768
20150809       1.106       0.469       0.530       0.933
20150810       1.284       0.456       0.557       0.708
20150811       3.879       1.228       0.761       1.153
20150812       1.707       1.612       1.004       2.065
20150813       0.995       0.497       1.116       1.225
20150814       1.050       0.423       0.492       0.480
20150815       3.297       1.158       0.835       1.227
20150816      13.642       9.493       2.614       3.723
20150817       5.008       3.987       7.141       6.672
20150818       1.762       0.802       2.828       2.506
20150819       1.173       0.404       0.769       0.575
20150820       0.822       0.376       0.404       0.549
20150821       0.612       0.363       0.376       0.622
20150822       0.537       0.331       0.357       0.526
20150823       0.447       0.307       0.331       0.476
20150824       0.489       0.299       0.307       0.396
20150825       3.153       0.949       0.961       1.191
20150826       6.865       5.340       3.052       5.134
20150827       8.480       6.342       8.309       6.985
20150828       4.604       6.050       5.145       4.614
20150829       5.729       3.107       4.704       3.937
20150830       5.676       7.396       2.561       1.911
20150831       1.272       0.906       4.990       4.101
20150901       1.647       0.374       1.263       0.817
20150902       4.945       4.144       2.890       2.619
20150903       2.806       4.471       3.726       3.522
20150904       1.126       0.914       3.062       1.716
20150905       0.655       0.654       0.877       0.665
20150906       0.445       0.405       0.495       0.340
20150907       0.347       0.368       0.394       0.335
20150908       0.279       0.342       0.365       0.358
20150909       0.231       0.331       0.339       0.286
20150910       0.198       0.301       0.325       0.242
20150911       0.178       0.279       0.295       0.208
20150912       0.212       0.535       0.280       0.188
20150913       1.000       2.615       0.685       0.334
20150914       3.451       2.377       2.393       1.576
20150915       8.776       6.618       4.429       4.302
20150916       2.414       3.666       5.776       5.626
20150917       3.235       1.676       3.919       3.558
20150918       2.061       1.782       1.918       2.048
20150919       1.136       0.728       1.414       1.150
20150920       0.644       0.360       0.610       0.568
20150921       0.445       0.334       0.360       0.440
20150922       2.281       0.474       0.598       0.706
20150923       1.276       1.581       0.672       1.308
20150924       2.021       0.364       1.151       1.159
20150925       7.500       6.240       1.384       1.218
20150926       2.709       3.478       5.169       4.963
20150927       1.017       0.686       1.964       1.222
20150928       0.565       0.385       0.650       0.478
20150929       0.435       0.358       0.382       0.332
20150930       0.349       0.287       0.356       0.427
20151001       0.293       0.267       0.340       0.314
20151002       0.254       0.247       0.310       0.262
20151003       0.231       0.229       0.247       0.245
20151004       0.200       0.250       0.229       0.232
20151005       0.176       0.232       0.213       0.179
20151006       0.173       0.215       0.200       0.182
20151007       0.179       0.243       0.231       0.186
20151008       0.296       0.345       0.367       0.316
20151009       0.962       1.761       0.788       0.678
20151010       0.663       0.477       1.300       1.175
20151011       0.448       0.266       0.349       0.256
20151012       0.477       0.430       0.268       0.351
20151013       0.418       0.290       0.302       0.352
20151014       0.285       0.255       0.278       0.394
20151015       0.237       0.237       0.256       0.266
20151016       0.195       0.226       0.237       0.232
20151017       0.160       0.207       0.227       0.196
20151018       0.137       0.193       0.210       0.164
20151019       0.125       0.186       0.196       0.134
20151020       0.118       0.172       0.182       0.134
20151021       0.554       0.269       0.172       0.134
20151022       2.295       1.973       0.596       0.559
20151023       2.666       5.280       2.631       1.878
20151024       2.191       0.717       3.371       1.946
20151025       3.669       4.205       0.907       0.590
20151026       2.359       1.698       4.000       3.853
20151027       1.632       0.685       1.311       1.008
20151028       0.861       0.300       0.577       0.707
20151029       0.461       0.280       0.301       0.478
20151030       0.530       0.283       0.287       0.301
20151031       1.040       0.456       0.283       0.412
20151101       0.659       0.299       0.300       0.556
20151102       0.449       0.264   -9999.000   -9999.000
20151103       0.359       0.246       0.264       0.382
20151104       0.309       0.245       0.246       0.334
20151105       0.317       0.233       0.253       0.298
20151106       0.627       0.276       0.458       0.524
20151107       3.533       1.949       0.852       1.131
20151108       4.762       4.996       1.625       2.817
20151109       8.539       6.964       4.898       6.107
20151110       5.056       5.355       6.521       6.637
20151111       3.794       2.616       6.665       4.887
20151112       4.991       2.110       3.477       3.398
20151113       5.968       3.692       1.596       2.176
20151114       2.000       1.012       6.152       5.803
20151115       1.584       2.233       1.048       1.291
20151116       1.728       1.235       2.392       2.117
20151117       1.723       1.064       1.808       2.217
20151118       1.314       1.379       1.549       2.188
20151119       1.164       2.137       0.906       1.156
20151120       0.707       0.640       1.418       1.006
20151121       0.517       0.349       0.575       0.370
20151122       0.440       0.327       0.349       0.357
20151123       0.631       0.308       0.327       0.475
20151124       0.621       0.288       0.391       0.752
20151125       0.473       0.379       0.286       0.489
20151126       0.358       0.261       0.507       0.645
20151127       6.712       0.436       0.803       0.966
20151128       6.163       3.653       0.328       2.410
20151129       2.005       0.496       2.133       3.801
20151130       1.036       0.295       0.505       0.623
20151201       0.968       0.266       0.274       0.601
20151202       1.039       0.249       0.902       4.003
20151203       2.264       0.616       0.250       0.736
20151204       4.628       0.395       0.643       2.638
20151205      31.997       2.880       5.896      26.750
20151206      36.764      24.702       1.706      12.271
20151207       6.576       6.639      15.716      29.646
20151208       7.395       1.810       7.447       4.879
20151209      14.000      10.375       2.282       2.365
20151210      15.699       4.567       6.614       9.640
20151211       4.991       0.997       3.469       5.609
20151212       2.910       0.389       0.755       1.163
20151213       2.390       0.325       0.389       1.151
20151214       2.435       0.304       0.325       1.445
20151215       1.773       0.285       0.304       1.592
20151216       1.729       0.267       0.289       1.218
20151217       2.533       0.297       2.885       6.014
20151218      10.776       0.457       2.603       7.275
20151219      15.476       4.017       3.881      17.754
20151220      33.615      11.321       8.277      17.949
20151221      14.578      14.390   -9999.000   -9999.000
20151222       7.046       4.939   -9999.000   -9999.000
20151223       5.846       3.430       4.297       3.620
20151224      10.076       2.086       3.014       3.669
20151225       6.991       3.468       1.233       1.919
20151226       3.199       0.656       1.991       3.734
20151227       1.884       0.360       0.620       1.066
20151228       2.279       0.338       0.360       0.919
20151229       2.104       0.316       0.338       1.578
20151230       2.059       0.412       0.411       1.945
20151231       2.712       2.574       0.352       1.546
20160101       1.991       1.614       1.289       2.470
20160102       1.522       0.523       1.189       1.012
20160103       1.277       0.308       0.456       0.657
20160104       1.027       0.289       0.308       0.750
20160105       0.726       0.271       0.289       0.720
20160106       0.486       0.253       0.271       0.605
20160107       0.374       0.237       0.253       0.431
20160108       0.365       0.222       0.237       0.332
20160109       0.347       0.208       0.222       0.288
20160110       0.349       0.195       0.208       0.308
20160111       0.358       0.183       0.195       0.275
20160112       0.342       0.171       0.183       0.312
20160113       0.324       0.160       0.171       0.310
20160114       0.316       0.150       0.160       0.294
20160115       0.302       0.140       0.150       0.274
20160116       0.285       0.131       0.140       0.266
20160117       0.267       0.123       0.131       0.246
20160118       0.254       0.115       0.123       0.244
20160119       0.245       0.108       0.115       0.195
20160120       0.234       0.101       0.108       0.204
20160121       0.222       0.095       0.101       0.183
20160122       0.215       0.089       0.095       0.196
20160123       0.213       0.083       0.129       0.214
20160124       0.223       0.078       0.434       0.972
20160125       1.478       0.450       0.575       0.872
20160126       4.597       1.286       0.593       1.327
20160127       5.335       2.008       0.909       2.994
20160128       3.355       1.578       1.489       3.163
20160129       3.384       0.964       1.266       1.936
20160130       3.561       2.205       0.675       1.486
20160131       2.320       0.390       1.414       2.035
20160201       1.732       0.165       0.394       0.912
20160202       1.650       0.272       0.165       0.764
20160203       1.436       0.545       0.181       1.153
20160204       1.135       0.153       0.287       1.085
20160205       0.815       0.118       0.275       1.242
20160206       1.181       0.125       0.289       1.849
20160207       2.868       1.738       0.180       1.401
20160208       2.504       2.220       1.135       2.312
20160209       1.739       0.835       1.475       1.718
20160210       1.261       0.352       0.637       0.845
20160211       0.865       0.152       0.278       0.466
20160212       0.958       0.130       0.152       0.433
20160213       2.070       0.121       0.130       0.532
20160214       2.987       0.114       0.121       1.387
20160215       3.041       0.107       0.114       1.685
20160216       1.806       0.100       0.107       0.107
20160217       0.461       0.094       0.100       0.100
20160218       0.381       0.088       0.094       0.094
20160219       0.355       0.082       0.088       0.088
20160220       0.388       0.079       0.082       0.082
20160221       0.429       0.073       0.077       0.078
20160222       0.444       0.068       0.073       0.078
20160223       0.410       0.069       0.068       0.072
20160224       0.376       0.068       0.065       0.065
20160225       0.353       0.060       0.064       0.064
20160226       0.336       0.056       0.060       0.060
20160227       0.311       0.053       0.056       0.056
20160228       0.299       0.049       0.053       0.053
20160229       0.286       0.046       0.049       0.049
20160301       0.291       0.043       0.046       0.046
20160302       0.297       0.040       0.043       0.043
20160303       0.311       0.038       0.040       0.040
20160304       0.304       0.035       0.038       0.038
20160305       0.296       0.033       0.035       0.035
20160306       0.284       0.031       0.033       0.033
20160307       0.276       0.029       0.031       0.031
20160308       0.265       0.027       0.029       0.029
20160309       0.257       0.025       0.027       0.027
20160310       0.249       0.024       0.025       0.025
20160311       0.242       0.022       0.024       0.024
20160312       0.239       0.021       0.022       0.022
20160313       0.237       0.020       0.021       0.021
20160314       0.620       0.279       0.288       0.370
20160315       2.644       0.585       1.249       5.624
20160316       3.030       0.601       1.696       8.411
20160317       3.148       0.651       2.137       6.756
20160318       3.998       2.289       1.260       3.872
20160319       2.686       1.048       1.590       4.365
20160320       1.760       0.201       0.703       1.516
20160321       1.321       0.202       0.230       0.690
20160322       0.934       0.553       0.245       1.434
20160323   -9999.000   -9999.000       0.644       1.381
20160324       0.571       0.127   -9999.000   -9999.000
20160325       0.488       0.121   -9999.000   -9999.000
20160326       0.459       0.194   -9999.000   -9999.000
20160327       2.999       1.992       0.788       2.276
20160328       3.130       1.913       1.452       3.154
20160329       2.524       1.971       1.457       2.947
20160330       1.791       0.389       1.393       1.589
20160331       1.343       0.193       0.341       0.554
20160401       0.894       0.153       0.193       0.592
20160402       0.717       0.161       0.153       0.724
20160403       0.973       0.494       0.248       1.436
20160404       2.137       1.356       0.627       1.372
20160405       5.095       3.714       1.745       3.974
20160406       4.844       2.392       2.901       4.888
20160407       3.955       0.869       1.697       2.667
20160408       2.704       0.972       0.734       1.663
20160409       2.196       0.248       0.600       1.482
20160410       2.034       0.208       0.246       0.851
20160411       2.023       1.983       0.209       1.498
20160412       2.176       0.598       0.924       3.003
20160413       2.231       2.898       0.739       1.796
20160414       2.072       2.146       2.291       3.577
20160415       2.248       2.950       1.892       2.184
20160416       2.095       0.653       1.635       1.852
20160417       1.924       1.169       0.557       0.946
20160418       1.937       1.534       0.776       2.688
20160419       1.731       0.678       0.942       1.591
20160420       1.807       1.593       0.641       1.428
20160421       1.947       1.921       0.985       2.107
20160422       1.866       1.059       1.071       1.499
20160423       1.571       0.329       0.770       1.002
20160424       1.279       0.308       0.329       0.667
20160425       1.108       0.288       0.308       1.007
20160426       0.935       0.276       0.288       0.874
20160427       0.887       0.299       0.273       0.792
20160428       1.081       0.298       0.266       0.706
20160429       1.071       0.251       0.256       0.871
20160430       0.897       0.368       0.244       0.825
20160501       0.862       0.405       0.325       0.978
20160502       1.219       2.043       0.486       1.073
20160503       3.605       2.313       1.734       3.131
20160504       3.125       2.407       2.048       2.896
20160505       3.444       4.459       2.381       3.652
20160506       4.602       5.007       3.850       3.787
20160507       7.917       9.339       5.139       5.202
20160508      12.818      11.350       8.605       9.075
20160509      14.260      13.117      10.418      13.043
20160510      14.466      13.875      11.366      13.014
20160511      15.545      14.383      12.511      12.709
20160512      12.884      13.364      12.036      13.356
20160513       9.878      11.837      11.344       9.954
20160514       6.552       6.906       8.578       7.572
20160515       4.996       3.592       5.319       4.601
20160516       5.117       4.042       3.383       3.141
20160517       5.968       5.544       3.138       4.133
20160518       6.195       5.981       4.214       5.283
20160519      10.686       7.520       6.365       7.466
20160520      13.624       8.871       7.219       8.390
20160521      13.140       8.821       7.552      10.840
20160522      20.441      13.619       8.671      10.701
20160523      17.331      14.498      12.627      14.950
20160524      16.063      11.387      12.083      12.715
20160525      11.918      10.757       9.719      10.970
20160526       9.598       9.146       9.079       8.546
20160527       9.628       8.656       8.422       6.317
20160528       8.683      10.129       8.363       7.985
20160529      11.098       8.639       8.882       8.875
20160530      19.366       8.724       7.948       7.861
20160531      20.945      13.844      11.892      15.805
20160601      13.529      11.042      11.951      20.303
20160602      12.812       9.911      11.230      12.383
20160603      11.508       9.195       9.960      11.043
20160604       9.321       8.722       8.834       9.821
20160605       7.655       7.470       7.971       7.049
20160606       7.179       6.520       7.008       5.389
20160607       7.080       5.959       6.165       5.526
20160608       7.049       4.976       5.494       5.495
20160609       5.075       3.810       4.548       5.142
20160610       3.811       2.812       3.337       3.406
20160611       3.670       2.451       2.652       2.486
20160612       3.532       2.034       2.381       2.715
20160613       3.200       1.762       1.968       2.544
20160614       3.456       1.766       1.775       2.511
20160615       4.798       2.058       1.759       2.035
20160616       5.525       2.204       2.028       3.740
20160617       3.866       3.566       2.917       4.165
20160618       3.775       1.870       2.921       3.370
20160619       3.638       1.582       1.758       1.897
20160620       5.168       1.116       1.300       2.443
20160621       4.988       5.271       2.853       5.825
20160622       3.042       1.528       3.767       4.212
20160623       2.775       1.033       1.499       1.580
20160624       4.545       0.851       1.010       1.502
20160625       3.564       2.613       1.924       5.409
20160626       4.354       1.647       2.597       3.658
20160627       5.568       2.386       1.769       1.914
20160628       3.444       1.612       1.883       2.703
20160629       2.283       0.775       1.743       2.343
20160630       6.043       3.651       1.525       1.770
20160701       7.067       3.046       3.475       2.693
20160702       6.978       4.641       4.031       3.847
20160703       4.866       4.037       4.913       4.765
20160704       2.676       0.847       3.268       3.096
20160705       2.069       0.544       1.058       1.228
20160706       1.660       0.458       0.480       1.051
20160707       1.379       0.402       0.439       1.125
20160708       1.378       0.440       0.709       1.433
20160709       1.100       0.413       0.410       0.958
20160710       2.352       0.382       0.411       0.750
20160711       6.072       3.442       0.588       1.208
20160712       4.244       1.472       2.081       3.047
20160713       2.553       0.501       1.144       1.406
20160714       1.771       0.423       0.609       1.081
20160715       1.326       0.346       0.429       0.854
20160716       1.314       0.412       0.375       0.823
20160717       1.448       0.514       0.498       0.838
20160718       1.465       0.350       0.584       1.111
20160719       1.053       0.326       0.340       0.758
20160720       0.796       0.311       0.339       0.594
20160721       0.554       0.292       0.304       0.613
20160722       0.498       0.268       0.385       0.574
20160723       0.458       0.262       0.267       0.339
20160724       0.363       0.251       0.254       0.376
20160725       0.432       0.468       0.392       0.434
20160726       0.453       0.435       0.685       0.620
20160727       3.070       0.682       0.566       0.572
20160728       4.387       6.197       1.649       2.300
20160729       5.331       0.770       4.032       3.273
20160730       4.600       2.944       0.904       0.871
20160731       2.854       1.384       1.764       2.771
