date          Qobs       Qsimobs        Qsim       Qusi
20150801       4.485       1.748       5.458       4.930
20150802       4.375       5.457       2.598       2.422
20150803       3.752       1.425       1.811       2.480
20150804       3.620       1.192       1.340       1.814
20150805       8.417      16.964       7.473      11.104
20150806       5.459       2.922       8.694       8.116
20150807       3.781       1.510       2.957       2.242
20150808       2.711       1.320       2.067       2.474
20150809       2.017       1.224       1.320       2.246
20150810       1.605       1.133       1.224       1.724
20150811       1.304       1.048       1.133       1.538
20150812       1.107       1.005       1.053       1.253
20150813       0.893       0.910       0.982       0.991
20150814       0.732       0.840       0.909       0.869
20150815       0.615       0.776       0.840       0.662
20150816       0.557       0.885       0.836       0.658
20150817       0.513       0.708       0.761       0.452
20150818       0.444       0.652       0.705       0.500
20150819       0.397       0.601       0.651       0.420
20150820       0.347       0.554       0.601       0.398
20150821       0.314       0.511       0.554       0.329
20150822       0.283       0.471       0.511       0.294
20150823       0.259       0.434       0.471       0.267
20150824       0.254       0.400       0.434       0.262
20150825       9.910      16.628       2.909       1.898
20150826      14.451      47.629      21.313      19.858
20150827      23.999      27.955      32.672      23.059
20150828      15.641      14.939      23.229      18.177
20150829       7.638       4.276      11.918       9.601
20150830       4.557       1.364       4.278       3.729
20150831       3.150       1.087       1.358       1.430
20150901       2.785       1.011       1.765       3.405
20150902      56.327      69.745      17.925      29.395
20150903      83.709      67.533      56.717      68.071
20150904      29.955      22.728      46.076      53.983
20150905      12.523      11.950      22.763      20.253
20150906       9.384       7.127      12.526       9.530
20150907       5.918       2.011       5.548       4.903
20150908       4.013       1.515       2.065       2.044
20150909       2.976       1.418       1.515       2.852
20150910       2.366       1.322       1.413       2.529
20150911       1.969       1.231       1.317       1.988
20150912       1.743       1.156       1.235       1.810
20150913       2.669       7.812       1.904       2.588
20150914       7.748      10.882       9.171       6.740
20150915      57.145      50.623      17.993      16.864
20150916      36.655      44.725      41.476      54.294
20150917      37.898      30.443      40.411      40.209
20150918      35.052      32.864      33.520      29.852
20150919      13.347       9.362      22.822      25.704
20150920       6.985       3.570       9.362       6.511
20150921       4.618       1.957       3.597       2.781
20150922       5.344       1.761       3.570       4.582
20150923       6.286       9.013       5.308       9.396
20150924       5.525       4.674       5.253       6.107
20150925       7.536       8.049       5.636       5.404
20150926       5.319       2.069       5.102       5.139
20150927       3.874       1.859       2.066       2.311
20150928       3.016       1.725       1.859       3.260
20150929       2.494       1.609       1.734       2.650
20150930       2.123       1.287       1.618       2.240
20151001       1.866       1.198       1.500       1.928
20151002       1.648       1.116       1.398       1.716
20151003       1.425       1.039       1.116       1.429
20151004       1.253       1.196       1.039       1.313
20151005       1.118       1.114       0.967       1.164
20151006       1.035       1.042       0.903       1.056
20151007       0.947       0.987       1.040       0.937
20151008       0.887       0.912       0.978       0.841
20151009       0.909       1.069       1.243       1.182
20151010       0.996       1.275       0.967       0.881
20151011       1.006       0.988       0.956       0.856
20151012       0.991       0.995       0.982       0.890
20151013       0.987       1.078       0.929       0.898
20151014       0.950       0.951       0.924       1.010
20151015       0.899       0.887       0.963       0.911
20151016       0.841       0.833       0.902       0.812
20151017       0.780       0.778       0.830       0.766
20151018       0.730       0.729       0.782       0.776
20151019       0.688       0.682       0.733       0.706
20151020       0.655       0.636       0.684       0.639
20151021       0.672       0.604       0.638       0.622
20151022       0.716       2.296       0.609       0.636
20151023       0.648       0.796       0.864       0.616
20151024       0.600       0.739       0.778       0.552
20151025       0.596       0.724       0.788       0.572
20151026       0.582       0.679       0.697       0.565
20151027       0.565       0.631       0.682       0.525
20151028       0.549       0.589       0.639       0.564
20151029       0.541       0.566       0.589       0.540
20151030       0.521       0.526       0.552       0.503
20151031       0.522       0.654       0.531       0.507
20151101       0.530       0.610       0.512       0.485
20151102       0.531       0.565   -9999.000   -9999.000
20151103       0.534       0.526       0.539       0.508
20151104       0.526       0.495       0.526       0.494
20151105       0.517       0.632       0.492       0.502
20151106       0.534       0.858       0.525       0.496
20151107       2.382       4.976       3.368       2.574
20151108       6.397      15.573       2.665       0.869
20151109       5.982       6.076       6.963       6.569
20151110       4.615       2.017       5.112       3.639
20151111       3.367       1.156       1.552       1.778
20151112       2.672       1.100       1.160       1.775
20151113       3.459       3.750       1.192       2.045
20151114       3.720       3.521       2.558       2.474
20151115       2.973       1.310       1.566       2.365
20151116       2.481       1.295       1.309       1.746
20151117       2.173       1.742       2.461       2.784
20151118       1.975       1.069       1.805       1.732
20151119       1.815       1.255       1.269       1.886
20151120       1.973       0.945       1.011       1.311
20151121       1.244       0.884       0.945       1.409
20151122       0.856       0.826       0.884       1.109
20151123       0.916       0.773       0.826       1.014
20151124       1.111       0.828       1.205       0.894
20151125       1.126       0.841       0.747       0.866
20151126       0.878       0.649       0.983       1.063
20151127       1.055       0.607       5.151       5.142
20151128       3.173      12.606       1.117       1.196
20151129       3.527       3.694       7.806       4.960
20151130       2.881       1.373       3.419       1.892
20151201       2.201       1.021       1.331       1.230
20151202       1.847       1.015       1.783       2.551
20151203       1.573       0.982       0.996       1.438
20151204       1.809       1.797       5.588       2.984
20151205       3.638       5.132      11.643       7.389
20151206       8.225      25.539       6.133       4.998
20151207       5.914      13.519      12.044      10.668
20151208       4.229       4.361      12.562       5.542
20151209       6.871       5.704       5.689       2.191
20151210       6.282       5.434       3.148       3.725
20151211       4.748       4.568       3.873       4.781
20151212       4.758       1.702       3.455       3.724
20151213       6.153       1.401       1.707       2.064
20151214       6.634       1.306       1.394       3.380
20151215       5.058       1.226       1.305       3.947
20151216       4.672       1.150       1.223       3.333
20151217       3.300       1.243       1.424       3.188
20151218       2.073       1.031       1.942       2.781
20151219       1.661       2.854       2.812       3.153
20151220       1.998       2.033       4.144       2.762
20151221       2.389       4.745   -9999.000   -9999.000
20151222       2.274       3.137   -9999.000   -9999.000
20151223       2.361       4.017       3.226       2.200
20151224       2.085       1.315       2.556       2.163
20151225       2.508       7.243       1.830       1.578
20151226       3.970       1.843       3.339       3.144
20151227       4.993       1.452       2.025       1.723
20151228       3.630       1.607       1.593       3.228
20151229       2.560       1.270       1.327       2.317
20151230       1.770       1.270       2.047       2.991
20151231       1.985       6.379       1.471       1.732
20160101       2.000       2.962       4.869       2.888
20160102       2.161       3.132       2.681       1.519
20160103       1.792       1.369       2.339       1.766
20160104       1.574       1.302       1.410       1.295
20160105       1.350       1.180       1.253       1.468
20160106       1.088       1.054       1.122       1.224
20160107       0.832       1.009       1.033       1.038
20160108       0.944       0.951       0.995       0.941
20160109       0.973       0.914       0.960       0.960
20160110       0.924       1.331       1.073       1.141
20160111       0.930       1.496       1.280       0.911
20160112       0.972       0.696       0.847       0.576
20160113       0.929       0.761       0.766       0.922
20160114       0.876       0.704       0.782       0.929
20160115       0.854       0.582       0.620       0.720
20160116  -10000.000       0.647       0.680       0.893
20160117  -10000.000       0.511       0.545       0.479
20160118  -10000.000       0.469       0.501       0.501
20160119  -10000.000       0.439       0.469       0.469
20160120  -10000.000       0.411       0.439       0.439
20160121       0.778       0.385       0.411       0.411
20160122       0.800       0.361       0.385       0.385
20160123       0.824       0.546       0.432       0.432
20160124       0.790       0.316       0.364       0.508
20160125       0.741       0.316       1.227       0.848
20160126       0.913       0.277       0.883       0.658
20160127       1.060       2.165       0.792       1.102
20160128       1.150       4.019       1.512       1.492
20160129       1.159       4.427       2.703       1.301
20160130       1.775      13.197       3.172       1.632
20160131       1.544       3.009       7.141       2.393
20160201       1.272       0.828       2.814       1.034
20160202       1.165       1.059       1.621       1.066
20160203       1.033       1.282       0.835       0.974
20160204       0.912       0.744       0.895       0.794
20160205       0.807       0.693       0.750       0.826
20160206       0.805       0.759       2.974       2.974
20160207       1.340       5.699       3.284       2.431
20160208       3.446      14.971       5.106       1.860
20160209       4.037       8.790       9.567       4.358
20160210       3.096       2.279       6.347       2.524
20160211       2.383       1.112       2.097       1.344
20160212       1.863       1.042       1.113       1.235
20160213       1.719       0.990       1.059       1.550
20160214       1.296       0.915       0.984       1.431
20160215       1.085       0.855       0.913       1.020
20160216       0.998       0.801       0.855       1.014
20160217       1.079       0.754       0.809       0.914
20160218       0.957       0.733       0.820       1.034
20160219       0.847       0.679       0.723       0.828
20160220       0.815       1.295       0.941       1.086
20160221       0.795       0.847       1.002       1.070
20160222       0.753       0.592       0.629       0.636
20160223       0.701       0.555       0.588       0.950
20160224       0.658       0.515       0.550       0.784
20160225       0.614       0.485       0.515       0.704
20160226       0.596       0.452       0.483       0.714
20160227       0.571       0.423       0.455       0.681
20160228       0.553       0.396       0.423       0.733
20160229       0.531       0.373       0.396       0.543
20160301       0.542       0.348       0.378       0.438
20160302       0.543       0.766       0.799       1.227
20160303       0.564       1.046       1.209       1.021
20160304       0.616       0.697       0.636       0.420
20160305       0.653       0.544       0.544       0.480
20160306       0.654       0.499       0.609       0.809
20160307       0.673       0.723       0.703       0.985
20160308       0.683       0.263       0.319       0.312
20160309       0.664       0.214       0.250       0.596
20160310       0.637       0.209       0.244       0.724
20160311       0.602       0.188       0.208       0.530
20160312       0.572       0.174       0.198       0.560
20160313       0.559       0.190       0.298       0.942
20160314       0.907       2.069       4.933      14.504
20160315       3.161       8.583       8.173       5.899
20160316       4.658      10.990      10.943       7.997
20160317       6.074      10.567      13.966       7.141
20160318       6.926      11.678      12.022       6.181
20160319       5.022       7.203       9.829       6.723
20160320       4.168       6.764       7.517       4.260
20160321       3.579       6.351       6.764       4.358
20160322       3.172       5.135       5.771       4.378
20160323   -9999.000   -9999.000       3.760       2.493
20160324       2.408       1.551   -9999.000   -9999.000
20160325       2.205       1.410   -9999.000   -9999.000
20160326       2.200       3.255   -9999.000   -9999.000
20160327       4.757      10.309       4.705       5.301
20160328       8.465      12.113       8.878       7.098
20160329      21.564      26.145      14.734      12.156
20160330      13.242      11.524      18.240      22.175
20160331       7.752       4.640       9.391       8.652
20160401       5.280       1.804       4.305       3.829
20160402       4.097       4.475       3.055       4.969
20160403       4.084       5.500       4.447       6.397
20160404       5.460       6.061       4.917       4.548
20160405      15.234      18.297       9.586       8.942
20160406      14.451      12.206      14.322      17.669
20160407      13.275       9.028      10.176      10.462
20160408      12.331      13.830       8.346      10.159
20160409      10.844      11.638      10.982      12.422
20160410       8.086       4.295       9.546       8.151
20160411       6.186       3.875       5.027       4.783
20160412       5.556       3.831       4.148       4.992
20160413       5.142       4.781       4.211       5.017
20160414       4.978       6.183       4.588       5.775
20160415       5.835       5.387       5.463       5.498
20160416       6.914       4.021       6.507       6.412
20160417       6.021       5.776       6.309       8.201
20160418       5.438       4.290       4.347       5.423
20160419       5.204       4.148       3.955       4.250
20160420       5.104       3.935       3.974       5.057
20160421       4.920       3.972       4.010       4.877
20160422       5.055       3.575       3.646       4.681
20160423       4.422       2.068       2.936       3.351
20160424       3.614       1.641       3.013       3.844
20160425       3.130       2.689       1.737       2.710
20160426       2.791       1.901       2.333       3.131
20160427       2.512       1.791       2.061       2.660
20160428       2.268       2.048       2.150       2.530
20160429       2.158       2.303       3.668       3.253
20160430       3.212      15.631       4.351       4.142
20160501       3.523       7.153       9.775       4.191
20160502       3.863       5.507       5.796       2.394
20160503       5.349       7.096       8.012       4.720
20160504       7.688       4.493       7.172       4.852
20160505       7.288       3.786       4.329       5.815
20160506       7.438       3.630       3.736       6.322
20160507       7.277       3.681       3.601       5.918
20160508       7.015       3.635       3.817       7.517
20160509       6.864       3.429       3.711       5.949
20160510       5.906       3.191       3.402       4.579
20160511       4.931       2.873       3.273       4.746
20160512       3.873       2.197       2.779       4.000
20160513       3.034       1.810       2.174       2.998
20160514       2.408       1.324       1.749       2.340
20160515       1.915       1.061       1.313       1.801
20160516       1.567       0.975       1.062       1.412
20160517       1.269       0.925       0.981       1.406
20160518       1.075       0.858       0.926       1.132
20160519       0.962       0.792       0.861       0.908
20160520       1.021       0.759       0.822       0.852
20160521       1.150       1.287       1.290       1.387
20160522       1.521       1.488       1.278       1.455
20160523       7.816      11.840       6.259       5.988
20160524       7.282       4.646       7.609       6.891
20160525       4.495       1.375       3.229       3.339
20160526       2.956       1.041       1.374       1.945
20160527       2.134       0.966       1.041       2.099
20160528       1.682       0.901       0.989       2.013
20160529       1.935       1.354       0.972       1.480
20160530       3.631       8.631       1.220       1.562
20160531       3.079       2.000       8.183       6.694
20160601       2.399       1.101       1.730       1.274
20160602       1.856       1.018       1.663       2.058
20160603       1.445       0.941       1.018       1.652
20160604       1.080       0.868       1.018       1.472
20160605       0.834       0.800       0.868       1.024
20160606       0.670       0.737       0.800       0.764
20160607       0.560       0.679       0.737       0.656
20160608       0.470       0.942       0.679       0.552
20160609       0.393       0.632       0.683       0.398
20160610       0.342       0.590       0.653       0.406
20160611       0.302       0.541       0.586       0.336
20160612       0.285       0.499       0.542       0.314
20160613       0.257       0.459       0.499       0.284
20160614       0.237       0.423       0.459       0.264
20160615       0.247       0.391       0.424       0.212
20160616       0.326       2.272       0.905       0.532
20160617       0.290       0.481       0.675       0.247
20160618       0.272       0.449       0.634       0.233
20160619       0.357       0.761       0.688       0.416
20160620       0.346       0.445       0.482       0.268
20160621       0.845       3.474       3.125       2.277
20160622       0.617       0.602       0.993       0.622
20160623       0.544       0.556       0.602       0.346
20160624       0.507       0.513       0.559       0.550
20160625       0.525       0.815       0.518       0.425
20160626       0.924       0.591       0.774       0.525
20160627       1.676       8.567       2.873       2.686
20160628       1.332       1.482       3.494       1.868
20160629       1.106       0.760       1.254       0.581
20160630       1.209       1.278       1.030       0.869
20160701       1.579       1.430       2.175       2.157
20160702       2.069       1.575       1.441       1.575
20160703       2.701       1.534       1.689       2.042
20160704       2.172       0.894       1.094       1.991
20160705       1.705       0.847       0.898       1.626
20160706       1.493       5.603       1.736       2.833
20160707       1.489       1.019       2.252       1.401
20160708       1.228       0.943       1.280       0.822
20160709       0.946       0.872       0.944       1.178
20160710       0.735       0.807       0.872       0.884
20160711       0.666       0.864       0.813       0.647
20160712       0.587       9.082       2.133       1.589
20160713       0.992       5.696       3.966       1.192
20160714       1.961       7.222       7.156       1.818
20160715       2.995       2.950       4.184       2.067
20160716       2.543       1.578       3.695       2.202
20160717       1.938       1.153       1.387       1.511
20160718       1.509       1.059       1.143       1.546
20160719       1.118       0.979       1.059       1.440
20160720       0.877       0.907       0.979       1.067
20160721       0.698       0.836       0.906       0.860
20160722       0.594       0.834       0.840       0.656
20160723       0.581       0.855       0.795       0.577
20160724       0.639       1.077       0.838       0.569
20160725       0.744       0.916       0.932       0.658
20160726       1.097       2.387       7.658       5.914
20160727       0.922       1.080       1.789       0.999
20160728       1.311       2.190       1.170       0.908
20160729       1.313       0.910       1.646       1.034
20160730       2.817       3.717       1.244       1.338
20160731       3.002       1.604       1.465       1.874
