date          Qobs       Qsimobs        Qsim       Qusi
20150801      55.238     126.631     152.659      98.319
20150802      45.357     103.184     125.295      57.014
20150803      52.930     111.406     104.167      51.207
20150804      42.000      84.845     113.070      68.228
20150805      50.400     108.910      96.327      52.132
20150806      51.088     123.695     102.206      59.623
20150807      39.708     105.951     120.862      72.778
20150808      40.152     129.154     100.968      48.007
20150809      32.099     100.527     112.553      55.162
20150810      26.812      86.104     108.052      40.651
20150811      32.582      97.713      97.979      37.140
20150812      46.348     120.114      86.130      35.377
20150813      30.832      98.929     102.430      61.626
20150814      27.231     104.364      98.324      40.023
20150815      25.832      79.498      99.446      37.046
20150816      33.987      96.391      85.585      27.076
20150817      29.900      88.948      95.933      41.753
20150818      22.677      84.763      92.412      37.612
20150819      20.062      87.047      88.527      28.614
20150820      17.589      83.137      89.812      26.244
20150821      17.269      80.514      86.092      22.537
20150822      17.553      77.905      82.080      21.570
20150823      16.136      75.104      80.475      22.422
20150824      16.596      74.050      77.891      20.517
20150825      18.062      73.569      75.314      20.131
20150826      18.191      69.654      74.513      22.019
20150827      28.183      72.334      68.216      20.208
20150828      52.312      76.650      66.629      30.120
20150829      29.003      89.999      69.547      51.479
20150830      18.407      89.624      75.904      40.692
20150831      20.493      73.858      76.347      25.974
20150901      18.321      59.803      73.837      24.422
20150902      11.791      35.627      56.515      21.788
20150903       8.970      27.134      36.131      10.040
20150904       7.561      24.877      27.135       8.300
20150905       6.580      38.598      25.011       9.337
20150906       8.731      30.438      29.461      10.076
20150907       8.819      22.717      31.477      10.555
20150908      10.067      21.691      27.113       9.063
20150909       7.411      22.156      25.688      12.093
20150910       7.014      21.307      23.353       8.459
20150911       6.679      20.090      20.492       8.111
20150912       6.609      19.685      20.565       7.492
20150913       7.012      22.505      19.778       7.419
20150914       9.822      27.261      19.915       7.868
20150915      11.161      29.578      21.908      11.669
20150916      11.907      32.913      27.447      13.252
20150917      12.890      32.659      30.580      15.239
20150918      17.384      31.921      32.735      15.611
20150919      31.020      32.807      32.335      20.145
20150920      37.184      57.656      38.630      32.412
20150921      18.036      42.959      31.380      36.306
20150922      13.169      34.057      26.478      17.532
20150923      10.690      26.354      28.872      11.963
20150924      11.335      26.799      28.025      11.918
20150925      10.738      24.400      24.640      12.934
20150926      22.391      31.029      25.732      11.490
20150927      30.762      42.987      29.529      26.020
20150928      17.950      38.791      36.794      39.067
20150929      17.811      40.072      33.920      24.934
20150930      21.865      79.583      30.635      22.550
20151001      30.622     110.333      59.623      42.494
20151002      53.985     144.228      78.589      37.700
20151003      35.658     103.153     106.967      57.380
20151004      25.555      81.539      87.780      30.663
20151005      19.297      49.589      64.703      19.315
20151006      13.277      34.006      44.500      13.140
20151007      11.222      27.078      34.006       9.442
20151008       9.554      25.404      27.188      10.414
20151009       8.244      24.238      25.425      10.366
20151010       7.540      22.768      24.103       9.425
20151011       7.811      21.841      22.859       9.372
20151012       9.704      21.447      21.617       9.037
20151013      10.327      21.378      21.031      11.191
20151014      10.919      31.421      21.212      12.074
20151015      13.434      32.295      23.433      14.404
20151016      18.968      69.505      29.460      14.744
20151017      15.411      51.932      51.506      33.513
20151018      19.270     114.181      49.496      19.480
20151019      13.283      68.958      45.592      19.438
20151020      10.170      41.980      36.550      11.641
20151021       8.655      30.649      37.279       9.396
20151022       8.651      31.455      31.486       9.890
20151023      15.979      54.622      27.985       9.418
20151024      13.355      28.214      39.616      20.541
20151025      11.200      37.252      27.915      10.317
20151026       9.093      30.128      32.773      11.276
20151027       7.232      24.229      28.034       7.306
20151028       6.265      22.769      24.229       6.588
20151029       7.074      21.371      22.742       5.728
20151030       6.244      20.059      21.366       6.205
20151031       5.432      18.827      20.631       7.468
20151101      18.777      46.265      19.414       6.114
20151102      15.862      56.478   -9999.000   -9999.000
20151103      15.634     100.672      44.956      24.971
20151104      20.142     117.499      77.992      29.599
20151105      15.560      70.108      87.635      26.616
20151106      11.144      40.895      64.036      13.437
20151107       9.661      28.703      40.896       8.712
20151108       8.162      24.689      29.207       9.363
20151109       6.699      23.176      24.829       8.028
20151110       6.369      23.615      23.157       6.946
20151111       5.747      21.641      22.866       7.108
20151112       4.404      20.289      21.590       5.196
20151113       5.903      19.048      20.359       4.110
20151114       5.175      17.882      19.048       5.683
20151115       5.562      16.788      17.882       5.487
20151116      12.620      15.761      16.788       4.771
20151117      12.998      14.781      15.761      10.812
20151118       7.781      13.877      14.796      12.691
20151119       6.498      13.027      13.890       7.817
20151120       5.745      12.192      13.027       6.489
20151121       7.984      11.434      12.192       5.468
20151122      12.164      10.724      11.434       7.449
20151123      16.583      10.057      10.724      10.943
20151124      15.994       9.432      10.057      14.479
20151125      12.674       8.779       9.432      15.122
20151126       9.545       8.142       8.779      12.130
20151127       5.666       8.760       8.142       8.282
20151128       3.807       7.741       8.221       8.374
20151129       3.395       7.187       7.741       7.741
20151130       3.247       6.671       7.187       7.187
20151201       2.974       6.194       6.672       6.672
20151202       3.350       5.751       6.195       6.195
20151203       3.156       5.340       5.751       5.751
20151204       3.415       6.721       5.340       5.340
20151205       3.312       5.717       6.799       8.338
20151206       3.222       7.964       5.717       5.717
20151207       3.180       5.777       6.049       6.342
20151208       2.970       7.229       5.777       5.777
20151209       3.049       5.468       9.082      10.851
20151210       2.836       6.533       5.468       5.468
20151211       2.692       5.311       5.377       5.481
20151212       2.646       7.526       5.188       5.248
20151213       3.632       4.898       5.151       5.683
20151214       5.745       4.573       4.898       4.898
20151215       8.149       4.270       4.573       4.573
20151216       8.842       3.858       4.270       4.270
20151217       8.378       3.602       3.988       3.988
20151218       7.404       3.363       3.724       3.724
20151219       5.915       3.363       3.363       3.363
20151220       3.913       3.885       3.223       3.227
20151221       3.480       5.475   -9999.000   -9999.000
20151222       3.365       6.257   -9999.000   -9999.000
20151223       2.953       3.878       4.467       5.046
20151224       2.764       5.154       3.946       3.971
20151225       2.682       8.215       3.891       4.244
20151226       2.799       4.076       5.531       6.105
20151227       5.339       3.807       4.076       4.076
20151228       6.952       3.562       3.807       3.807
20151229       7.499       3.334       3.562       3.562
20151230       9.390       3.119       3.334       3.334
20151231      10.005       2.919       3.119       3.119
20160101       7.340       2.917       2.919       2.919
20160102       5.137       3.284       2.797       2.806
20160103       4.079       2.822       3.014       3.014
20160104       4.481       2.642       2.822       2.822
20160105       5.172       2.474       2.642       2.642
20160106       4.964       2.316       2.474       2.474
20160107       4.103       2.161       2.316       2.316
20160108       3.438       2.024       2.169       2.169
20160109       2.932       1.895       2.031       2.031
20160110       2.797       1.775       1.895       1.895
20160111       3.007       1.662       1.775       1.775
20160112       3.449       1.542       1.662       1.662
20160113       4.057       1.445       1.556       1.556
20160114       5.116       1.353       1.458       1.458
20160115       7.781       1.267       1.353       1.353
20160116      10.357       1.187       1.267       1.267
20160117      12.316       1.069       1.187       1.187
20160118      12.375       0.989       1.069       1.069
20160119      10.620       0.915       0.989       0.989
20160120       9.160       0.847       0.915       0.915
20160121       7.944       0.784       0.847       0.847
20160122       8.338       0.725       0.784       0.784
20160123       7.501       0.669       0.725       0.725
20160124       6.439       0.619       0.671       0.671
20160125       6.104       0.572       0.621       0.621
20160126       6.638       0.530       0.572       0.572
20160127       6.791       0.490       0.530       0.530
20160128       6.272       0.453       0.490       0.490
20160129       4.942       0.419       0.453       0.453
20160130       3.431       0.388       0.419       0.419
20160131       3.121       0.359       0.388       0.388
20160201       2.994       0.332       0.359       0.359
20160202       2.632       0.307       0.332       0.332
20160203       2.373       0.284       0.307       0.307
20160204       2.167       0.263       0.284       0.284
20160205       2.000       0.243       0.263       0.263
20160206       1.910       0.225       0.243       0.243
20160207       1.845       0.208       0.225       0.225
20160208       1.793       0.193       0.208       0.208
20160209       1.780       0.178       0.193       0.193
20160210       1.798       0.165       0.178       0.178
20160211       1.740       0.153       0.165       0.165
20160212       1.615       0.141       0.153       0.153
20160213       1.668       0.131       0.141       0.141
20160214       1.660       0.121       0.131       0.131
20160215       1.610       0.112       0.121       0.121
20160216       1.626       0.103       0.112       0.112
20160217       1.598       0.096       0.103       0.103
20160218       1.535       0.089       0.096       0.096
20160219       1.522       0.082       0.089       0.089
20160220       1.448       0.076       0.082       0.082
20160221       1.385       0.070       0.076       0.076
20160222       1.426       0.065       0.070       0.070
20160223       1.454       0.060       0.065       0.065
20160224       1.462       0.056       0.060       0.060
20160225       1.478       0.051       0.056       0.056
20160226       1.472       0.048       0.051       0.051
20160227       1.508       0.044       0.048       0.048
20160228       1.523       0.041       0.044       0.044
20160229       1.498       0.038       0.041       0.041
20160301       1.449       0.035       0.038       0.038
20160302       1.365       0.032       0.035       0.035
20160303       1.327       0.030       0.032       0.032
20160304       1.311       0.028       0.030       0.030
20160305       1.297       0.026       0.028       0.028
20160306       1.287       0.024       0.026       0.026
20160307       1.262       0.022       0.024       0.024
20160308       1.237       0.020       0.022       0.022
20160309       1.222       0.019       0.020       0.020
20160310       1.192       0.017       0.019       0.019
20160311       1.198       0.016       0.017       0.017
20160312       1.214       0.015       0.016       0.016
20160313       1.201       0.014       0.015       0.015
20160314       1.177       0.013       0.014       0.014
20160315       1.589       0.086       0.013       0.746
20160316       6.148       0.867       0.034       5.186
20160317      10.403       3.084       0.296      12.142
20160318      11.865       1.979       1.769      17.860
20160319      10.652       1.878       1.979      11.024
20160320       9.415       1.781       1.878       9.908
20160321       7.186       1.689       1.781       8.868
20160322       5.136       1.689       1.689       7.130
20160323   -9999.000   -9999.000       1.600       4.787
20160324       2.960       1.190   -9999.000   -9999.000
20160325       2.540       1.119   -9999.000   -9999.000
20160326       2.328       1.053   -9999.000   -9999.000
20160327       2.191       1.339       1.053       2.199
20160328       2.167       2.211       1.174       2.681
20160329       2.232       3.726       1.797       2.810
20160330       2.381       4.046       3.037       2.923
20160331       2.289       3.416       3.597       2.558
20160401       2.096       3.217       3.404       2.227
20160402       1.943       3.029       3.217       2.031
20160403       1.905       2.978       3.029       1.871
20160404       1.934       2.834       3.094       1.990
20160405       1.979       2.666       3.018       1.930
20160406       2.060       2.523       2.677       1.896
20160407       2.035       2.682       2.510       2.069
20160408       2.070       2.414       2.515       2.131
20160409       2.255       2.258       2.414       1.898
20160410       2.360       2.113       2.258       2.107
20160411       2.304       2.021       2.113       2.232
20160412       2.312       2.020       2.024       2.208
20160413       2.180       1.825       1.874       2.282
20160414       2.577       1.708       1.861       2.070
20160415       1.995       1.599       1.742       2.663
20160416       1.946       1.506       1.599       1.943
20160417       1.912       1.409       1.497       1.756
20160418       1.938       1.319       1.409       1.716
20160419       1.996       1.235       1.319       1.742
20160420       1.981       1.250       1.235       1.865
20160421       2.007       1.242       1.217       1.902
20160422       2.013       1.309       1.135       2.007
20160423       2.032       1.197       1.209       2.043
20160424       1.994       1.087       1.197       1.908
20160425       1.983       1.005       1.087       1.804
20160426       1.975       0.935       1.005       1.773
20160427       2.070       0.993       0.930       1.856
20160428       2.836       1.791       1.062       2.499
20160429       5.173       1.679       1.366       3.644
20160430       9.785       3.888       1.628       3.655
20160501      10.098       4.177       3.087      11.416
20160502      12.022       7.167       3.963      10.279
20160503      15.281      12.582       5.904      16.244
20160504      24.326      19.836      11.575      19.813
20160505      23.254      14.412      14.868      26.944
20160506      21.542      23.341      15.745      24.182
20160507      23.552      22.870      20.515      24.530
20160508      28.170      28.786      22.366      23.831
20160509      30.410      27.347      23.232      25.964
20160510      25.690      24.024      23.048      27.017
20160511      19.620      17.981      20.260      21.631
20160512      16.085      20.312      18.596      19.913
20160513      13.780      16.998      17.391      15.277
20160514      11.465      20.304      15.808      12.837
20160515      11.624      17.201      16.734      12.021
20160516      11.549      16.284      16.040      10.864
20160517      10.992      19.455      15.076      11.328
20160518       8.982      19.329      16.091      11.235
20160519       7.946      13.358      16.329       8.719
20160520       7.056      12.427      13.327       6.838
20160521      10.022      36.166      13.177       8.479
20160522      19.080      31.380      24.449      14.954
20160523      42.472      79.825      36.325      22.720
20160524      46.256      54.675      58.199      55.426
20160525      46.406      56.353      50.108      42.100
20160526      39.848      43.347      44.388      40.702
20160527      39.802      57.719      48.308      40.980
20160528      48.191      89.476      60.732      47.872
20160529      58.902     123.831      86.584      60.737
20160530      67.792     151.591     116.883      72.739
20160531      71.929     164.131     140.237      86.525
20160601      87.104     169.074     156.394      83.430
20160602      78.349     154.905     154.569      84.762
20160603      56.669     150.557     139.684      85.591
20160604      36.858      88.186     123.783      60.677
20160605      26.469      58.458      82.728      31.737
20160606      21.823      44.077      55.893      25.082
20160607      29.086      86.417      47.034      22.471
20160608      29.024     111.199      69.903      40.805
20160609      24.050      70.370      81.718      39.416
20160610      22.295      45.197      63.790      25.255
20160611      22.134      61.725      45.448      20.716
20160612      23.518      69.423      53.061      27.211
20160613      23.437      59.743      56.486      28.619
20160614      21.381      51.013      52.634      25.728
20160615      19.368      57.831      44.245      22.788
20160616      23.461      81.541      61.368      28.800
20160617      36.629      84.650      85.036      36.645
20160618      54.341     128.507      88.491      45.742
20160619      59.306     130.706     110.588      72.660
20160620      50.326      94.302     112.468      67.499
20160621      40.227      65.537      87.748      52.671
20160622      42.779      96.898      72.820      41.066
20160623      40.869      91.828      84.712      51.681
20160624      57.407     138.642      96.664      53.780
20160625      49.372     105.841     118.362      76.300
20160626      45.076     114.632     103.445      49.980
20160627      78.367     151.637     120.122      55.574
20160628      89.636     151.953     142.634      80.752
20160629      59.553     129.395     136.536      95.117
20160630      53.268     111.298     124.355      70.746
20160701      64.821     138.660     118.008      61.358
20160702      70.564     140.737     139.267      86.312
20160703      72.834     140.475     132.507      75.804
20160704      41.905     109.098     126.044      77.585
20160705      28.913      89.218     104.535      45.394
20160706      31.223      80.052      91.716      37.522
20160707      29.086      79.971      73.999      34.174
20160708      23.195      66.659      70.673      35.758
20160709      20.535      61.429      64.359      27.787
20160710      21.781      54.523      58.355      25.121
20160711      21.643      56.351      49.168      22.478
20160712      23.604      78.061      63.271      30.834
20160713      23.092      85.983      75.910      34.238
20160714      23.799      73.126      78.081      27.282
20160715      19.424      54.122      67.457      28.896
20160716      31.728      66.782      56.053      23.244
20160717      26.604      68.326      55.446      32.888
20160718      24.158      76.307      63.291      35.817
20160719      20.414      59.449      63.820      29.795
20160720      15.739      51.132      56.056      24.139
20160721      15.537      51.003      52.912      17.799
20160722      19.501      64.840      56.254      18.852
20160723      18.932      70.522      63.353      24.569
20160724      16.366      73.128      67.256      24.339
20160725      15.370      63.040      69.856      23.939
20160726      15.935      58.522      65.573      21.421
20160727      24.170      65.433      63.924      22.193
20160728      18.046      53.919      58.718      29.200
20160729      17.570      52.835      55.696      23.641
20160730      14.447      44.098      49.818      21.694
20160731      15.287      47.992      46.433      18.464
