date          Qobs       Qsimobs        Qsim       Qusi
20150801       0.807       1.270       1.286       0.816
20150802       0.820       1.253       1.283       0.813
20150803       0.839       1.242       1.311       0.874
20150804       1.137       2.460       1.252       0.817
20150805       1.252       1.567       1.891       1.226
20150806       1.161       1.347       1.549       1.044
20150807       1.085       1.545       1.615       1.212
20150808       1.082       1.320       1.448       1.077
20150809       1.197       3.349       2.731       2.117
20150810       1.624       2.994       3.189       1.696
20150811       1.628       2.335       2.543       1.550
20150812       1.538       2.385       2.433       1.560
20150813       1.623       2.851       2.597       1.651
20150814       8.474       2.142       2.830       1.734
20150815       1.639       1.813       2.134       1.361
20150816       1.350       1.588       1.799       1.744
20150817       1.226       1.457       1.588       1.203
20150818       1.118       1.399       1.457       1.132
20150819       1.032       1.347       1.399       1.097
20150820       0.957       1.326       1.347       1.012
20150821       0.880       1.304       1.326       0.960
20150822       0.820       1.285       1.304       0.889
20150823       0.776       1.263       1.285       0.808
20150824       0.761       1.253       1.266       0.766
20150825       0.761       1.236       1.248       0.747
20150826       0.744       1.213       1.234       0.768
20150827       0.723       1.195       1.213       0.756
20150828       0.699       1.175       1.194       0.715
20150829       0.669       1.155       1.174       0.690
20150830       0.640       1.136       1.155       0.660
20150831       0.622       1.118       1.136       0.643
20150901       0.634       1.152       1.123       0.642
20150902       0.650       1.098       1.163       0.631
20150903       0.650       1.100       1.101       0.643
20150904       0.650       1.082       1.098       0.671
20150905       0.671       1.062       1.078       0.657
20150906       0.861       1.657       1.381       0.876
20150907       0.957       2.489       1.268       0.870
20150908       0.956       2.122       1.179       0.850
20150909       0.978       1.216       1.200       0.970
20150910       1.049       1.128       2.105       0.954
20150911       1.021       1.096       1.609       0.934
20150912       0.955       1.079       1.096       1.023
20150913       0.894       1.048       1.079       0.942
20150914       0.842       1.031       1.062       0.892
20150915       0.793       1.015       1.045       0.825
20150916       0.757       0.998       1.015       0.782
20150917       0.725       0.982       0.998       0.754
20150918       0.706       0.967       0.982       0.714
20150919       0.719       1.268       1.038       0.758
20150920       0.718       1.084       1.144       0.718
20150921       0.718       1.045       1.090       0.722
20150922       0.712       0.979       1.003       0.688
20150923       0.709       0.997       1.054       0.758
20150924       0.725       0.969       0.998       0.713
20150925       0.746       0.976       0.981       0.731
20150926       0.876       1.503       1.107       0.839
20150927       1.081       1.398       1.395       1.017
20150928       1.542       1.531       1.522       1.161
20150929       1.498       1.155       1.248       1.441
20150930       1.368       1.088       1.181       1.357
20151001       1.248       1.013       1.175       1.409
20151002       1.156       0.999       1.060       1.206
20151003       1.097       1.000       0.997       1.147
20151004       1.036       1.004       0.987       1.083
20151005       1.003       0.994       0.982       1.006
20151006       1.036       1.137       0.990       1.027
20151007       1.075       1.013       1.048       1.023
20151008       1.088       1.003       1.006       1.044
20151009       1.059       0.987       0.993       1.052
20151010       1.012       0.972       0.987       1.052
20151011       0.953       0.958       0.972       1.014
20151012       0.904       0.953       0.965       0.958
20151013       0.905       0.983       0.980       0.929
20151014       1.088       1.008       1.037       0.927
20151015       1.291       1.004       1.025       1.078
20151016       1.354       0.984       1.104       1.322
20151017       1.371       0.952       1.026       1.332
20151018       1.415       0.939       1.036       1.401
20151019       1.508       1.000       0.952       1.410
20151020       1.499       0.943       0.945       1.445
20151021       1.431       0.926       0.942       1.476
20151022       1.619       1.292       0.968       1.428
20151023       1.893       0.989       1.063       1.590
20151024       1.782       0.949       0.981       1.762
20151025       1.671       0.935       0.949       1.667
20151026       1.823       1.440       0.977       1.662
20151027       1.773       1.132       1.061       1.796
20151028       1.602       1.262       1.023       1.642
20151029       1.527       1.346       1.114       1.533
20151030       1.384       1.228       1.149       1.538
20151031       1.399       1.157       1.212       1.315
20151101       1.535       1.205       1.498       1.832
20151102       2.261       2.629   -9999.000   -9999.000
20151103       2.604       2.620       2.609       3.024
20151104       2.326       2.010       2.458       2.602
20151105       1.987       1.774       2.204       2.146
20151106       2.702       1.585       1.886       1.837
20151107       2.678       1.280       1.479       1.845
20151108       1.555       1.158       1.282       2.490
20151109       1.338       1.208       1.208       2.857
20151110       1.280       1.140       1.157       1.784
20151111       1.021       1.091       1.130       1.215
20151112       0.830       1.058       1.089       1.059
20151113       0.958       1.032       1.058       0.792
20151114       1.098       1.056       1.060       0.929
20151115       1.112       1.038       1.041       1.090
20151116       1.089       1.019       1.046       1.125
20151117       1.083       1.001       1.024       1.087
20151118       1.068       0.979       1.001       1.067
20151119       1.063       0.953       0.977       1.047
20151120       1.044       0.958       0.958       1.026
20151121       0.989       0.929       0.951       1.019
20151122       0.965       0.937       0.939       0.967
20151123       0.883       0.903       0.925       0.936
20151124       0.890       0.884       0.905       0.890
20151125       1.000       0.867       0.912       0.893
20151126       0.982       0.908       0.898       1.034
20151127       0.959       0.913       0.896       1.026
20151128       0.943       0.893       0.903       0.985
20151129       0.937       0.862       0.886       0.928
20151130       0.921       0.842       0.861       0.916
20151201       0.907       0.823       0.841       0.891
20151202       0.885       0.884       0.839       0.907
20151203       0.868       0.858       0.861       0.886
20151204       0.839       0.825       0.858       0.867
20151205       0.793       0.807       0.825       0.818
20151206       0.846       0.826       0.823       0.806
20151207       0.924       0.864       0.858       0.881
20151208       0.977       0.866       0.864       0.952
20151209       0.951       0.854       0.847       0.960
20151210       1.021       1.050       0.907       0.998
20151211       1.036       1.055       0.994       1.087
20151212       1.021       0.926       0.993       1.024
20151213       1.001       0.878       0.939       0.962
20151214       0.996       0.834       0.872       0.931
20151215       1.019       0.844       0.868       0.984
20151216       1.110       0.913       0.827       0.962
20151217       1.180       0.846       0.860       1.083
20151218       1.315       0.824       0.831       1.103
20151219       1.389       0.885       0.883       1.309
20151220       1.370       0.864       0.913       1.418
20151221       1.289       0.817   -9999.000   -9999.000
20151222       1.244       0.787   -9999.000   -9999.000
20151223       1.250       0.743       0.774       1.151
20151224       1.375       0.699       0.738       1.164
20151225       1.413       0.667       0.701       1.280
20151226       1.522       0.992       0.738       1.429
20151227       1.602       0.810       0.770       1.578
20151228       1.781       0.786       0.757       1.511
20151229       2.303       0.708       0.756       1.608
20151230       2.518       0.680       0.709       1.984
20151231       2.332       0.639       0.678       2.298
20160101       2.015       0.610       0.640       2.163
20160102       1.821       0.584       0.610       1.870
20160103       1.661       0.564       0.587       1.710
20160104       1.734       0.546       0.563       1.551
20160105       2.177       0.533       0.546       1.582
20160106       2.414       0.558       0.537       0.537
20160107       2.509       0.561       0.543       0.545
20160108       2.740       0.759       0.605       0.606
20160109       2.987       0.929       0.749       0.758
20160110       3.028       0.767       0.798       0.810
20160111       2.826       0.706       0.759       0.760
20160112       2.599       0.669       0.703       0.703
20160113       2.326       0.655       0.650       0.650
20160114       2.164       0.634       0.652       0.654
20160115       2.165       0.879       0.690       0.690
20160116       2.090       0.818       0.778       0.791
20160117       1.924       0.765       0.768       0.772
20160118       1.713       0.687       0.737       0.740
20160119       1.511       0.649       0.678       0.679
20160120       1.304       0.587       0.637       0.638
20160121       1.123       0.545       0.586       0.587
20160122       1.027       0.513       0.544       0.545
20160123       1.023       0.483       0.512       0.512
20160124       1.022       0.459       0.484       0.484
20160125       1.012       0.439       0.459       0.459
20160126       0.991       0.423       0.439       0.438
20160127       0.971       0.677       0.520       0.520
20160128       0.980       0.554       0.584       0.595
20160129       0.968       0.500       0.543       0.544
20160130       0.950       0.464       0.501       0.501
20160131       0.924       0.453       0.474       0.473
20160201       0.877       0.524       0.455       0.456
20160202       0.838       0.478       0.505       0.509
20160203       0.765       0.518       0.496       0.497
20160204       0.643       0.470       0.488       0.491
20160205       0.616       0.489       0.516       0.516
20160206       0.601       0.472       0.506       0.510
20160207       0.578       0.423       0.460       0.461
20160208       0.569       0.456       0.459       0.459
20160209       0.574       0.527       0.440       0.442
20160210       0.592       0.771       0.509       0.512
20160211       0.611       0.691       0.594       0.693
20160212       0.617       0.649       0.638       0.662
20160213       0.613       0.610       0.666       0.671
20160214       0.613       0.539       0.604       0.608
20160215       0.608       0.515       0.544       0.544
20160216       0.600       0.477       0.517       0.518
20160217       0.584       0.468       0.469       0.470
20160218       0.567       0.432       0.460       0.462
20160219       0.552       0.395       0.430       0.431
20160220       0.534       0.372       0.398       0.398
20160221       0.514       0.359       0.379       0.378
20160222       0.000       0.000       0.353       0.353
20160223       0.487       0.402       0.360       0.359
20160224       0.486       0.388       0.391       0.391
20160225       0.470       0.382       0.389       0.392
20160226       0.444       0.350       0.386       0.388
20160227       0.423       0.331       0.347       0.348
20160228       0.397       0.311       0.329       0.329
20160229       0.384       0.297       0.313       0.312
20160301       0.382       0.287       0.300       0.300
20160302       0.383       0.281       0.288       0.288
20160303       0.383       0.270       0.276       0.275
20160304       0.368       0.261       0.266       0.266
20160305       0.357       0.254       0.263       0.262
20160306       0.361       0.261       0.255       0.255
20160307       0.367       0.248       0.255       0.255
20160308       0.368       0.244       0.256       0.256
20160309       0.368       0.243       0.247       0.247
20160310       0.366       0.235       0.240       0.241
20160311       0.364       0.230       0.235       0.236
20160312       0.362       0.225       0.230       0.231
20160313       0.359       0.220       0.233       0.233
20160314       0.360       0.268       0.234       0.234
20160315       0.359       0.242       0.258       0.396
20160316       0.378       0.457       0.244       0.361
20160317       0.373       0.424       0.375       0.519
20160318       0.367       0.468       0.424       0.496
20160319       0.359       0.525       0.468       0.417
20160320       0.371       0.615       0.538       0.419
20160321       0.389       0.545       0.559       0.389
20160322       0.399       0.557       0.523       0.365
20160323   -9999.000   -9999.000       0.521       0.382
20160324       0.401       0.356   -9999.000   -9999.000
20160325       0.405       0.327   -9999.000   -9999.000
20160326       0.406       0.328   -9999.000   -9999.000
20160327       0.412       0.349       0.319       0.384
20160328       0.473       0.472       0.266       0.371
20160329       0.584       0.674       0.253       0.458
20160330       0.642       1.320       0.680       1.106
20160331       0.682       2.079       1.337       1.141
20160401       0.718       1.211       1.718       0.826
20160402       0.710       0.971       1.211       0.603
20160403       0.626       0.782       0.986       0.637
20160404       0.577       0.736       0.775       0.515
20160405       0.585       1.271       0.817       0.763
20160406       0.534       1.460       1.124       0.968
20160407       0.584       1.117       1.339       0.652
20160408       0.811       2.125       1.639       0.673
20160409       0.947       2.391       1.937       1.093
20160410       1.043       2.258       2.307       1.125
20160411       0.927       1.872       1.992       0.968
20160412       0.802       2.019       1.793       0.895
20160413       0.759       1.702       1.870       0.818
20160414       0.781       1.462       1.660       0.712
20160415       0.802       1.214       1.421       0.663
20160416       0.807       1.072       1.213       0.712
20160417       0.869       1.722       1.288       0.958
20160418       1.241       2.985       2.096       1.390
20160419       1.352       2.183       2.344       1.523
20160420       1.397       2.413       2.173       1.318
20160421       1.323       1.871       2.150       1.402
20160422       1.180       1.602       1.873       1.192
20160423       1.074       1.424       1.598       1.068
20160424       0.998       1.283       1.396       0.981
20160425       0.966       1.160       1.262       0.966
20160426       1.063       1.713       1.310       1.062
20160427       2.565       4.563       2.662       2.019
20160428       5.640      12.707       5.590       4.591
20160429      11.210      21.581      13.046      12.044
20160430      13.455      23.268      21.961      21.136
20160501      12.810      15.243      23.848      16.727
20160502      13.037      19.922      20.021      14.043
20160503      15.935      22.091      22.353      16.638
20160504      16.738      19.403      20.412      16.723
20160505      17.257      19.200      22.366      17.819
20160506      16.232      17.749      19.453      16.884
20160507      15.144      14.702      18.516      16.338
20160508      14.027      15.199      15.396      13.998
20160509      12.646      12.109      15.058      13.955
20160510      10.536       8.948      11.883      10.140
20160511       8.716       7.212       8.375       8.215
20160512       7.177       6.507       7.093       7.480
20160513       6.261       6.342       6.677       6.828
20160514       6.566       6.422       6.813       6.450
20160515       7.942       5.337       6.444       6.172
20160516       7.954       5.147       5.818       7.097
20160517       6.399       4.451       5.005       7.290
20160518       5.705       4.036       4.633       5.658
20160519       4.865       3.541       4.002       5.158
20160520       5.346       5.123       4.284       5.254
20160521       5.194       3.838       4.472       5.403
20160522       4.416       3.391       3.852       4.507
20160523       4.292       4.684       3.505       4.005
20160524       4.955       4.190       4.220       4.396
20160525       5.803       4.756       4.256       4.367
20160526       4.831       3.797       4.363       5.629
20160527       3.951       3.307       3.788       4.384
20160528       3.341       2.871       3.307       3.524
20160529       2.945       2.537       2.870       2.970
20160530       2.645       2.185       2.526       2.623
20160531       2.429       1.899       2.203       2.268
20160601       2.392       1.681       1.898       2.104
20160602       2.320       1.557       1.683       2.058
20160603       2.248       1.497       1.567       2.152
20160604       2.483       1.456       1.922       2.723
20160605       3.255       1.413       1.757       2.757
20160606       3.289       1.382       1.444       3.099
20160607       3.000       1.360       1.381       3.151
20160608       2.869       2.101       1.436       3.077
20160609       6.946       5.544       3.714       5.599
20160610       7.605       3.500       4.276       7.444
20160611       5.465       3.044       3.513       6.725
20160612       4.268       2.644       3.059       4.886
20160613       3.535       2.266       2.791       3.816
20160614       3.041       1.959       2.359       3.254
20160615       2.706       1.647       1.958       2.665
20160616       2.423       1.515       1.646       2.324
20160617       2.161       1.506       1.534       2.272
20160618       1.985       1.454       1.478       2.066
20160619       3.470       4.665       2.218       2.962
20160620       4.746       4.195       3.911       3.996
20160621       4.467       4.421       4.005       4.988
20160622       3.912       3.668       4.138       4.536
20160623       4.098       5.182       4.541       4.594
20160624       3.711       3.865       4.533       4.094
20160625       3.835       5.296       4.426       3.896
20160626       3.537       4.375       4.682       3.822
20160627       3.099       3.712       4.257       3.221
20160628       2.659       3.245       3.708       2.785
20160629       2.411       2.913       3.246       2.370
20160630       2.405       3.543       2.900       2.130
20160701       2.399       2.812       3.213       2.298
20160702       2.196       2.663       2.951       2.304
20160703       1.933       2.196       2.585       1.972
20160704       1.743       1.976       2.207       1.755
20160705       1.662       1.897       2.152       1.668
20160706       1.574       1.742       1.865       1.586
20160707       1.431       1.643       1.739       1.494
20160708       1.506       2.143       1.649       1.409
20160709       1.635       1.795       1.997       1.468
20160710       1.622       1.721       1.752       1.581
20160711       1.554       1.604       1.688       1.516
20160712       1.443       1.557       1.592       1.434
20160713       1.441       1.656       1.559       1.391
20160714       1.494       1.550       1.729       1.452
20160715       1.486       1.514       1.566       1.416
20160716       1.395       1.488       1.513       1.478
20160717       1.334       1.495       1.489       1.397
20160718       1.402       1.503       1.476       1.341
20160719       1.387       1.527       1.472       1.301
20160720       1.270       1.440       1.470       1.367
20160721       1.159       1.416       1.440       1.268
20160722       1.061       1.394       1.416       1.166
20160723       0.985       1.370       1.393       1.064
20160724       0.892       1.347       1.370       0.992
20160725       0.818       1.324       1.347       0.900
20160726       0.787       1.301       1.325       0.834
20160727       0.991       3.828       1.854       1.141
20160728       2.027       3.303       3.170       1.269
20160729       2.168       3.668       2.968       1.986
20160730       2.209       3.399       3.320       2.213
20160731       2.015       3.177       3.172       2.173
