date          Qobs       Qsimobs        Qsim       Qusi
20150801      27.807      39.477      48.599      26.663
20150802      32.367     104.073      52.805      32.073
20150803      55.978      58.684      95.481      39.800
20150804      64.114      50.183      66.303      43.739
20150805      67.198     118.160      72.568      77.719
20150806      76.077      79.364      96.186      68.888
20150807      78.133      64.034      78.316      65.584
20150808      73.410      52.414      63.719      65.333
20150809      74.380      42.818      52.391      52.275
20150810      54.602      37.316      42.951      61.530
20150811      42.484      37.089      37.763      46.547
20150812      43.088      34.894      37.739      38.749
20150813      39.175      30.191      35.198      38.144
20150814      37.785      29.630      30.217      34.413
20150815      61.708      43.770      31.728      37.483
20150816     107.442     258.290      62.901      70.558
20150817     181.123     177.178     191.906     130.734
20150818     179.486     120.890     155.234     150.303
20150819     123.978     100.877     120.827     166.671
20150820      98.009      83.991     100.890     106.586
20150821      75.973      69.751      84.009      85.869
20150822      73.130      57.654      69.744      64.781
20150823      84.224      47.436      57.656      49.901
20150824      71.811      39.590      47.477      67.197
20150825      53.728      72.985      58.126      85.688
20150826      83.501     139.580      90.346      80.537
20150827     193.457     268.638     154.882     125.591
20150828     263.931     198.987     215.146     191.892
20150829     207.813     158.144     183.620     221.877
20150830     176.561     142.300     151.892     165.209
20150831     127.020     114.276     140.980     150.027
20150901     107.776      95.516     114.982     113.348
20150902     137.321     216.401     149.972     140.605
20150903     269.510     307.839     246.044     185.722
20150904     386.431     255.761     275.769     263.937
20150905     297.827     163.014     233.388     302.829
20150906     211.275     136.585     162.472     204.347
20150907     132.315     116.708     136.676     187.375
20150908     105.137      97.805     114.684     118.082
20150909      95.346      81.723      96.009      91.974
20150910      90.626      68.232      81.937      81.826
20150911      84.130      56.809      68.334      76.299
20150912      81.976      50.811      56.863      65.378
20150913     100.894      92.886      63.497      73.632
20150914     142.947     237.715     128.971     154.081
20150915     323.130     480.074     285.941     256.311
20150916     439.110     374.307     412.699     373.420
20150917     381.474     356.595     422.358     461.056
20150918     345.375     307.910     352.759     357.042
20150919     273.436     194.964     305.818     291.946
20150920     187.044     155.758     194.792     205.907
20150921     118.614     131.203     155.758     161.882
20150922     124.328     136.755     137.037     122.835
20150923     154.855     173.828     148.531     123.965
20150924     140.475     124.564     157.142     143.013
20150925     119.121     175.059     141.598     144.334
20150926     172.864     146.063     163.519     136.065
20150927     145.881     114.835     139.752     136.058
20150928     108.059      97.687     114.819     135.141
20150929      97.993      82.117      96.590      97.162
20150930      87.716      46.604      81.174      84.469
20151001      78.605      38.899      68.977      74.250
20151002      71.035      35.710      57.778      67.709
20151003      44.161      35.238      35.710      69.823
20151004      42.309      36.161      35.237      44.343
20151005      50.551      35.685      34.779      42.805
20151006      66.580      35.342      34.360      38.526
20151007      63.962      35.081      35.505      59.472
20151008      68.655      42.657      46.810      77.751
20151009      57.455      80.225      57.322      85.681
20151010      72.307      69.394      69.762      71.352
20151011      79.216      52.882      64.783      60.965
20151012      63.125      53.126      52.736      66.181
20151013      54.386      47.197      49.869      62.639
20151014      46.049      38.619      42.376      44.937
20151015      34.910      34.015      37.984      48.479
20151016      41.930      33.632      34.001      31.202
20151017      63.685      33.259      33.629      29.203
20151018      57.838      32.898      33.258      58.579
20151019      58.770      32.589      32.898      57.944
20151020      63.408      32.124      32.550      55.401
20151021      70.189      32.056      32.212      58.054
20151022      65.000      41.968      32.621      62.580
20151023      60.067      44.616      40.459      67.299
20151024      44.619      33.742      39.317      52.721
20151025      41.350      75.615      41.662      53.474
20151026      52.025      52.041      66.049      45.361
20151027      58.697      42.251      49.668      41.278
20151028      61.110      34.158      42.098      48.857
20151029      58.797      31.576      34.486      49.020
20151030      51.348      31.499      32.161      55.822
20151031      45.004      42.667      31.434      42.321
20151101      29.920      31.435      35.617      50.910
20151102      39.363      31.122   -9999.000   -9999.000
20151103      56.904      30.862      31.120      26.673
20151104      56.865      30.637      30.859      53.671
20151105      55.970      30.413      30.629      52.939
20151106      68.010      51.479      36.676      59.787
20151107      98.169      66.986      43.721      69.346
20151108     152.844     146.656      71.019      94.108
20151109     194.717     209.322     127.917     178.621
20151110     210.929     209.471     210.550     218.741
20151111     166.225     142.460     199.293     203.472
20151112     126.046     139.195     147.395     152.175
20151113     124.627     209.573     156.965     143.911
20151114     138.191     185.310     199.912     134.952
20151115     138.789     171.310     186.070     139.531
20151116     134.062     158.097     246.811     158.679
20151117     142.823     207.856     168.155     135.038
20151118     137.790     186.493     211.450     162.080
20151119     152.768     229.802     182.197     127.461
20151120     154.560     146.043     196.322     130.031
20151121     126.319     122.136     144.259     128.875
20151122     105.025     102.488     122.136     112.083
20151123      93.716      82.287     102.487      94.118
20151124      83.580      74.553      90.703      86.531
20151125      76.103      73.623      78.294      77.299
20151126      72.249      60.130      73.757      85.439
20151127      77.066      67.882      66.935      64.993
20151128      90.831     109.148      71.555      76.850
20151129     114.283     121.294     106.021     103.546
20151130     131.363     109.689     117.256     110.832
20151201     122.811     112.313     104.028     124.788
20151202     110.306      98.538     121.440     134.286
20151203     115.647     112.999      99.840      99.360
20151204     193.062     253.098     164.016     155.233
20151205     362.854     431.736     245.059     207.931
20151206     614.588     775.373     456.282     517.139
20151207     496.946     550.486     652.307     667.855
20151208     357.940     388.363     525.840     438.769
20151209     306.876     466.498     421.688     322.758
20151210     330.101     485.923     429.577     301.175
20151211     360.127     378.377     439.534     280.485
20151212     306.138     256.952     353.777     293.645
20151213     214.721     186.669     255.814     247.163
20151214     133.907     152.981     186.662     177.778
20151215      98.216     130.202     153.879     126.445
20151216      87.458     111.435     131.453      94.082
20151217      91.955     111.724     124.616      91.461
20151218     100.268     115.683     123.112      95.779
20151219     116.883     118.420     118.435     101.818
20151220     147.158     246.410     143.467     143.005
20151221     192.469     263.727   -9999.000   -9999.000
20151222     235.678     242.662   -9999.000   -9999.000
20151223     299.981     275.199     258.583     220.916
20151224     300.391     280.825     272.639     292.898
20151225     334.584     446.085     274.230     289.278
20151226     346.804     291.906     361.932     296.912
20151227     264.499     203.503     276.650     285.610
20151228     171.458     161.442     202.776     212.780
20151229     123.836     139.601     168.232     164.719
20151230     124.844     189.481     162.484     134.188
20151231     143.716     194.075     187.410     136.993
20160101     154.877     227.421     172.352     137.644
20160102     163.912     183.190     183.352     133.222
20160103     141.986     138.732     178.737     139.940
20160104     112.886     116.740     137.573     123.096
20160105      88.426      99.038     116.744      98.284
20160106      85.360      84.028      99.083      86.357
20160107      74.267      72.048      84.045      74.265
20160108      71.262      61.678      72.003      69.785
20160109      50.864      53.470      61.653      61.380
20160110      62.729      48.826      53.704      51.383
20160111      63.379      45.651      49.121      53.184
20160112      55.181      46.766      45.119      57.187
20160113      67.428      44.390      44.725      46.245
20160114      72.374      42.967      44.007      61.894
20160115      71.526      41.223      42.834      63.552
20160116      58.243      40.757      41.291      70.202
20160117      61.725      40.193      40.784      57.513
20160118      69.650      39.699      40.196      55.841
20160119      72.485      39.797      39.864      64.409
20160120      74.408      39.076      39.690      58.485
20160121      87.027      38.607      39.075      70.056
20160122      89.626      38.217      38.555      80.103
20160123      68.061      38.277      40.189      83.024
20160124      59.496      38.329      46.039      82.570
20160125      62.784      51.435      52.382      71.647
20160126  -10000.000      89.479      61.511      79.762
20160127     184.493     267.937      99.634     101.952
20160128     241.470     277.181     236.436     215.559
20160129     226.903     252.318     250.156     244.542
20160130     291.117     413.282     235.753     196.956
20160131     227.644     267.190     330.561     288.869
20160201     163.162     200.295     265.018     209.986
20160202     181.833     303.637     230.313     165.924
20160203     236.073     295.350     253.601     147.992
20160204     169.875     193.377     263.320     225.314
20160205     135.142     143.201     196.778     163.663
20160206     128.692     154.840     168.221     134.618
20160207     208.295     313.724     191.041     136.688
20160208     315.326     391.733     295.150     233.872
20160209     326.450     347.445     340.588     274.358
20160210     225.248     251.812     313.437     302.192
20160211     160.188     180.354     241.257     194.909
20160212     118.688     140.010     178.408     132.800
20160213     103.395     119.166     140.006     100.790
20160214      82.318     101.822     119.169      92.142
20160215      72.378      87.367     101.823      81.501
20160216      84.409      75.120      87.365      67.098
20160217      69.663      64.664      75.191      69.881
20160218      66.191      56.975      65.150      63.389
20160219      64.552      51.151      58.017      59.776
20160220      72.801      66.852      56.098      62.953
20160221      65.309      88.069      69.120      84.320
20160222      65.598      85.706      85.958      86.884
20160223      58.573      83.569      84.294      66.812
20160224      54.990      80.662      80.086      69.704
20160225      67.252      67.669      77.332      50.446
20160226      61.968      59.347      67.631      61.157
20160227      61.650      52.922      59.348      54.668
20160228      61.529      47.445      52.919      55.487
20160229      63.356      43.181      47.450      53.508
20160301      60.319      40.179      43.268      55.889
20160302      63.217      42.658      41.037      54.230
20160303      66.100      44.717      42.119      62.128
20160304      70.352      55.340      45.109      70.212
20160305      63.883      46.155      50.869      70.472
20160306      59.471      46.985      47.500      64.569
20160307      64.447      49.313      46.178      55.907
20160308      53.803      44.019      47.275      60.486
20160309      62.017      42.325      44.758      50.688
20160310      61.025      48.382      44.384      65.949
20160311      58.719      40.756      45.115      60.234
20160312      50.520      39.946      41.611      48.457
20160313      40.545      46.034      42.888      55.177
20160314      55.393      65.958      56.587      54.674
20160315      86.135      82.343      73.709      59.576
20160316      87.184      83.020      83.709      95.893
20160317     103.319      85.243      89.150      90.106
20160318     112.765      99.451      88.456     101.727
20160319     106.401      83.393      91.839     114.711
20160320      98.103      74.970      82.815      98.136
20160321      96.549      69.994      75.584      89.754
20160322      99.111      74.620      71.423      88.464
20160323   -9999.000   -9999.000      72.602      97.667
20160324      85.678      66.077   -9999.000   -9999.000
20160325      89.036      67.144   -9999.000   -9999.000
20160326      95.651      62.768   -9999.000   -9999.000
20160327     124.202     171.818      98.055     138.219
20160328     180.595     180.756     151.011     138.137
20160329     322.703     438.649     223.883     248.779
20160330     339.893     245.362     342.455     336.991
20160331     203.662     177.078     237.179     270.838
20160401     143.085     139.259     175.697     175.510
20160402     114.963     131.814     143.171     133.204
20160403     114.038     135.076     134.678     117.220
20160404     115.605     136.043     135.318     120.662
20160405     126.871     190.443     142.224     119.874
20160406     139.343     160.289     173.218     134.320
20160407     141.036     147.949     159.861     136.036
20160408     130.186     122.536     144.519     131.552
20160409     114.876     102.209     118.010     111.629
20160410     102.093      85.853     100.806     100.137
20160411      96.694      85.897      87.799      88.368
20160412      84.888      79.328      83.332      91.292
20160413      83.321      80.703      79.222      83.111
20160414      80.114      79.367      81.014      79.979
20160415      71.118      89.299      82.800      85.788
20160416      64.771      79.470      81.986      74.120
20160417      69.866      90.877      81.444      68.421
20160418      76.700      92.176      86.765      73.800
20160419      85.764     122.611      97.642      87.415
20160420      84.484     100.130     108.424      90.374
20160421      90.572      95.007      98.645      79.983
20160422      74.670      86.854      90.919      89.668
20160423      73.421      68.220      81.505      69.175
20160424      68.661      60.609      68.219      64.707
20160425      70.761      53.900      60.492      63.332
20160426      74.454      50.259      55.160      61.889
20160427      73.083      47.974      50.184      66.664
20160428      66.575      44.558      47.836      68.280
20160429      65.603      53.729      46.470      63.904
20160430      74.077      77.721      56.892      70.314
20160501      98.512     119.193      76.767      79.304
20160502      99.753      98.830      95.176     111.625
20160503     121.130     201.541     128.702     124.745
20160504     127.694     136.001     166.417     130.458
20160505     117.859     125.890     132.578     114.912
20160506      98.369     110.394     123.099     104.279
20160507      81.014     114.915     112.057      98.093
20160508      89.084     117.393     113.439      76.508
20160509  -10000.000     125.151     116.047      89.026
20160510     103.630     120.930     121.912      94.240
20160511      93.981     123.020     119.818     119.608
20160512      83.185     118.077     117.102     117.887
20160513      85.374     112.978     116.142      84.843
20160514      84.644      99.353     110.801      81.799
20160515      81.098      84.208      94.958      79.267
20160516      77.997      75.414      83.077      69.709
20160517      71.864      72.651      75.283      73.328
20160518      57.479      70.019      71.717      69.480
20160519      63.673      70.977      71.368      58.889
20160520      67.249      72.429      71.656      60.305
20160521      73.820      74.595      71.596      65.971
20160522      90.422     119.415      82.343      72.029
20160523     100.613     154.535     121.608     108.004
20160524     118.430     112.006     137.829     107.213
20160525     140.740      99.981     109.607      88.708
20160526     115.155      86.104      97.570     118.204
20160527      93.667      75.480      85.816     103.492
20160528      84.924      68.268      76.875      85.953
20160529      86.166      62.748      68.754      56.162
20160530      73.638      61.596      62.500      83.988
20160531      78.172     111.645      90.364     100.004
20160601      67.630      75.003      95.171      80.472
20160602      68.859      65.703      78.629      69.243
20160603      70.442      58.321      66.421      56.422
20160604      63.078      52.016      58.133      64.047
20160605      64.850      46.331      51.981      47.108
20160606      59.764      43.471      46.363      56.816
20160607      56.884      41.042      43.467      55.224
20160608      61.517      38.895      41.011      52.438
20160609      56.363      37.121      38.896      51.785
20160610      47.098      35.438      37.063      54.521
20160611      36.213      35.714      36.080      46.872
20160612      36.251      34.399      35.682      30.966
20160613      35.542      33.075      34.212      36.602
20160614      35.985      31.729      32.995      33.819
20160615      39.636      30.993      31.859      34.822
20160616      54.744      46.231      39.153      44.416
20160617      55.453      65.523      51.146      63.419
20160618      40.245      45.392      65.568      63.371
20160619      41.633      38.795      42.752      31.122
20160620      53.700      34.658      38.678      39.678
20160621      74.972      91.395      54.323      57.950
20160622      74.532      50.711      71.877      75.982
20160623      66.201      41.679      50.847      62.327
20160624      67.000      37.094      41.769      58.395
20160625      55.045      42.421      39.068      56.617
20160626      68.008      43.326      51.020      52.823
20160627      63.457      65.428      42.047      62.716
20160628      67.401      44.528      56.580      63.425
20160629      86.330      38.396      45.304      54.980
20160630      94.955      97.463      61.025     107.486
20160701     113.767      64.974      83.317      93.093
20160702     116.850     102.968      80.482     112.284
20160703     137.679      98.869     108.499     105.835
20160704     112.174      72.000      91.508     122.918
20160705      94.313      59.873      73.267      98.155
20160706      78.733      50.288      60.002      72.852
20160707      71.214      41.862      50.023      71.806
20160708      68.647      38.610      42.427      55.608
20160709      56.038      34.372      38.174      60.167
20160710      67.760      31.735      34.400      37.209
20160711      61.192      65.203      37.161      65.746
20160712      51.447      57.634      58.254      66.256
20160713      40.408      40.968      52.968      51.681
20160714      51.416      37.343      41.432      34.776
20160715      65.234      37.812      45.629      46.127
20160716      52.457      32.986      36.431      56.672
20160717      48.998      31.664      32.735      38.672
20160718      61.555      31.100      31.799      47.597
20160719      59.312      30.733      31.084      58.212
20160720      59.184      30.406      30.734      56.356
20160721      58.255      30.080      30.403      54.678
20160722      56.985      29.829      30.170      53.258
20160723      38.962      29.566      29.857      54.677
20160724      39.227      29.289      29.546      36.784
20160725      45.995      38.794      29.328      40.130
20160726      58.333      36.685      33.245      36.311
20160727      54.887      35.293      34.461      52.000
20160728      56.976     107.816      49.763      75.517
20160729      61.318      60.384      85.627      60.166
20160730      77.453     120.942      64.001      53.573
20160731     116.774      90.181     101.157      59.267
