date          Qobs       Qsimobs        Qsim       Qusi
20150801       2.482       0.586       0.993       0.659
20150802       8.577      18.411       2.763       1.801
20150803       2.994       3.252       9.306       4.750
20150804       4.113       1.475       3.882       2.577
20150805       9.840      10.376       3.878       2.087
20150806       3.782       3.536       6.558       3.323
20150807       2.607       1.515       3.159       2.356
20150808       1.598       0.767       1.358       0.832
20150809       1.047       0.491       0.755       0.599
20150810       0.855       0.597       0.557       0.494
20150811       2.593       3.353       0.759       0.468
20150812       2.512       1.377       2.471       0.758
20150813       1.217       0.545       1.181       0.246
20150814       0.853       0.403       0.568       0.516
20150815       3.343       4.009       1.104       0.875
20150816      11.112      17.162       4.661       1.539
20150817       7.128       7.029      19.925      10.142
20150818       2.892       1.888       5.621       3.720
20150819       1.521       0.779       1.887       1.446
20150820       0.872       0.493       0.780       0.494
20150821       0.606       0.421       0.493       0.376
20150822       0.491       0.369       0.420       0.279
20150823       0.487       0.335       0.369       0.232
20150824       0.467       0.389       0.336       0.186
20150825       1.626       1.716       0.915       0.524
20150826      13.956      13.000       6.421       5.598
20150827      14.470      17.937      14.682       8.736
20150828       7.463      11.588      13.925       9.949
20150829       5.353       6.043       9.413       8.311
20150830       4.043       3.455       5.169       2.942
20150831       2.689       0.995       3.428       1.642
20150901       2.288       0.560       1.441       1.029
20150902       6.488       6.857       4.653       3.811
20150903       8.186       7.827       6.322       3.958
20150904       4.865       3.904       6.662       4.720
20150905       3.286       1.137       3.091       3.992
20150906       1.931       0.576       1.064       0.721
20150907       1.252       0.409       0.581       0.616
20150908       0.890       0.368       0.413       0.494
20150909       0.661       0.334       0.369       0.388
20150910       0.543       0.326       0.335       0.330
20150911       0.490       0.317       0.326       0.246
20150912       0.570       0.412       0.317       0.200
20150913       2.459       3.308       0.682       0.399
20150914       9.275       7.402       4.210       1.409
20150915      19.921      15.657       8.265       4.104
20150916       7.146      10.355      12.988       9.928
20150917       5.575       6.999      10.944      10.058
20150918       4.113       4.612       7.035       6.213
20150919       2.529       1.267       4.499       1.902
20150920       1.666       0.624       1.227       0.788
20150921       1.182       0.426       0.636       0.548
20150922       3.441       2.430       0.752       0.689
20150923       4.171       5.090       2.484       1.149
20150924       3.826       1.229       3.545       0.891
20150925      10.607      11.646       4.106       3.159
20150926       4.885       6.028       9.319       5.979
20150927       2.563       1.450       4.582       2.922
20150928       1.660       0.645       1.450       0.870
20150929       1.188       0.425       0.645       0.487
20150930       0.909       0.328       0.425       0.418
20151001       0.722       0.321       0.382       0.364
20151002       0.566       0.313       0.348       0.296
20151003       0.494       0.305       0.313       0.243
20151004       0.472       0.311       0.305       0.240
20151005       0.494       0.304       0.298       0.190
20151006       0.567       0.312       0.292       0.172
20151007       0.520       0.299       0.476       0.294
20151008       0.439       0.315       1.231       0.926
20151009       0.892       3.537       1.470       0.929
20151010       1.917       1.273       2.180       0.488
20151011       1.375       0.478       1.068       0.170
20151012       0.858       0.920       0.493       0.356
20151013       0.618       0.406       0.665       0.542
20151014       0.488       0.310       0.350       0.434
20151015       0.459       0.302       0.309       0.460
20151016       0.428       0.296       0.302       0.196
20151017       0.412       0.289       0.296       0.168
20151018       0.397       0.282       0.289       0.242
20151019       0.387       0.276       0.282       0.150
20151020       0.379       0.269       0.276       0.146
20151021       0.476       1.203       0.270       0.158
20151022       2.882       3.764       1.482       0.609
20151023       4.716       5.294       3.276       0.667
20151024       2.860       1.525       3.502       0.827
20151025       7.109       9.749       2.705       2.252
20151026       3.769       3.762       6.801       5.992
20151027       2.330       1.164       2.919       2.855
20151028       1.632       0.535       1.091       1.051
20151029       0.944       0.365       0.535       0.856
20151030       0.833       0.534       0.372       0.674
20151031       1.443       2.440       0.418       0.609
20151101       1.613       0.699       1.448       0.939
20151102       1.137       0.344   -9999.000   -9999.000
20151103       0.823       0.319       0.344       0.587
20151104       0.681       0.328       0.320       0.703
20151105       0.639       0.321       0.320       0.626
20151106       0.777       2.885       0.565       0.834
20151107       4.654       3.243       2.153       1.555
20151108       7.880       9.987       3.526       2.995
20151109      14.644      14.604      11.099       8.967
20151110       6.696      12.304      14.566      14.263
20151111       3.574       3.904      10.088       9.526
20151112       4.431       5.088       5.585       3.636
20151113      10.404      12.429       5.464       4.011
20151114       6.297       6.431      10.157       8.267
20151115       5.626       7.479       6.039       5.281
20151116       9.016       5.352      13.268       8.981
20151117       9.265       7.556       6.369       5.754
20151118       6.435       7.531       8.298      10.495
20151119       6.149       7.494       5.744       6.328
20151120       3.474       2.260       5.914       5.072
20151121       2.346       0.921       2.079       2.042
20151122       2.053       0.609       0.921       1.148
20151123       1.083       0.500       0.609       1.844
20151124       1.643       0.634       1.171       1.511
20151125       2.156       1.528       0.602       1.125
20151126       1.516       0.602       1.771       3.141
20151127       6.988       1.997       2.812       3.311
20151128       8.662       8.362       1.791       1.700
20151129       2.763       3.305       8.282      14.585
20151130       0.855       1.937       2.857       2.803
20151201       0.488       2.321       1.734       1.145
20151202       0.781       1.223       4.630       5.942
20151203       2.724       4.071       1.427       0.499
20151204      18.230       6.322       8.564       8.008
20151205      58.788      43.973      15.295       8.845
20151206      36.829      65.860      26.259      24.809
20151207       5.380      29.287      44.480      48.975
20151208       5.314      11.165      28.024      12.598
20151209      12.060      26.455      15.772       5.332
20151210      18.528      31.539      17.461      17.078
20151211       5.506      12.481      22.107      14.031
20151212       2.277       3.827      10.754       5.956
20151213       1.661       1.455       3.811       1.921
20151214       1.354       0.851       1.457       0.727
20151215       0.454       0.678       0.864       1.021
20151216       0.421       0.596       0.773       0.467
20151217       1.997       1.473       3.190       1.827
20151218       6.710       2.895       5.118       2.768
20151219       9.790       5.717       5.663       9.491
20151220      22.715      33.020      15.134      20.297
20151221      15.857      24.601   -9999.000   -9999.000
20151222      12.907      16.501   -9999.000   -9999.000
20151223      12.074      19.754      16.240      11.514
20151224      15.470      16.632      16.978      15.426
20151225      13.687      34.006      12.740       7.724
20151226       4.889       9.184      20.829      20.077
20151227       2.157       3.200       8.438       3.834
20151228       3.102       1.313       3.220       1.611
20151229       1.973       0.774       1.519       1.140
20151230       3.181       3.697       2.081       3.489
20151231       7.621      13.557       3.193       3.542
20160101       6.203       7.924       8.784      10.293
20160102       3.670       2.914       5.306       3.370
20160103       2.269       1.232       2.768       2.524
20160104       2.060       0.757       1.268       1.248
20160105       1.668       0.615       0.801       1.114
20160106       1.325       0.542       0.624       1.448
20160107       0.886       0.490       0.548       1.023
20160108       0.626       0.453       0.497       1.150
20160109       0.512       0.422       0.461       0.601
20160110       0.469       0.514       0.462       0.564
20160111       0.453       0.528       0.572       0.521
20160112       0.423       0.659       0.495       0.492
20160113       0.406       0.460       0.524       0.448
20160114       0.400       0.511       0.471       0.382
20160115       0.380       0.420       0.457       0.372
20160116       0.370       0.414       0.431       0.382
20160117       0.360       0.371       0.407       0.364
20160118       0.362       0.348       0.373       0.340
20160119       0.383       0.493       0.379       0.374
20160120       0.390       0.386       0.415       0.414
20160121       0.403       0.353       0.387       0.336
20160122       0.403       0.341       0.351       0.378
20160123       0.403       0.393       0.403       0.406
20160124       0.403       0.374       1.349       1.392
20160125       0.430       0.855       1.978       1.424
20160126       7.026       3.466       1.895       0.994
20160127      15.068      14.540       3.576       1.348
20160128       7.651       9.081      11.262      17.938
20160129      14.557       8.371       7.605      10.217
20160130       7.791      25.153       6.054       3.708
20160131       4.528       6.338      14.945      11.242
20160201       4.820       2.307       6.404       3.917
20160202       6.433       6.030       2.684       3.037
20160203       4.270       9.954       4.183       5.241
20160204       2.904       2.822       6.550       5.868
20160205       3.021       1.333       3.390       2.856
20160206       6.701       1.706       3.679       5.107
20160207      20.191      17.689       2.820       3.016
20160208      10.393      18.855      11.948      16.522
20160209       6.229       9.810      13.621      10.896
20160210       3.642       4.522       7.634       4.771
20160211       2.749       1.682       3.856       2.748
20160212       3.158       0.938       1.674       1.426
20160213       1.422       0.660       0.939       1.581
20160214       0.843       0.552       0.659       1.044
20160215       0.617       0.475       0.553       0.773
20160216       0.645       0.418       0.475       0.549
20160217       0.729       0.385       0.439       0.558
20160218       0.515       0.372       0.394       0.671
20160219       0.482       0.373       0.363       0.516
20160220       0.648       1.125       0.519       0.812
20160221       0.778       1.373       0.965       1.121
20160222       0.790       1.285       1.215       1.394
20160223       0.564       1.558       1.237       1.062
20160224       0.482       1.889       1.148       0.679
20160225       0.450       0.661       1.348       0.586
20160226       0.437       0.438       0.658       0.280
20160227       0.421       0.365       0.439       0.322
20160228       0.416       0.327       0.365       0.341
20160229       0.401       0.300       0.328       0.393
20160301       0.417       0.278       0.301       0.337
20160302       0.457       0.453       0.370       0.478
20160303       0.485       0.509       0.447       0.595
20160304       0.474       0.577       0.480       0.572
20160305       0.454       0.374       0.456       0.480
20160306       0.448       0.362       0.389       0.376
20160307       0.433       0.319       0.372       0.407
20160308       0.423       0.280       0.316       0.397
20160309       0.418       0.292       0.293       0.410
20160310       0.411       0.421       0.292       0.485
20160311       0.405       0.252       0.319       0.476
20160312       0.403       0.223       0.253       0.340
20160313       0.404       0.387       0.283       0.495
20160314       1.158       1.835       2.143       3.350
20160315       4.972       2.918       4.405       2.324
20160316       4.903       2.636       4.592       5.668
20160317       5.058       2.685       4.910       7.470
20160318       5.747       6.874       4.161      10.474
20160319       3.832       3.036       4.742       9.035
20160320       2.831       1.953       2.830       3.931
20160321       2.270       1.978       2.087       2.914
20160322       2.127       3.115       2.002       2.880
20160323   -9999.000   -9999.000       3.081       2.838
20160324       1.689       0.947   -9999.000   -9999.000
20160325       1.791       0.706   -9999.000   -9999.000
20160326       2.035       1.460   -9999.000   -9999.000
20160327      15.925      14.962       5.860      13.671
20160328      13.975      11.997      11.194       4.248
20160329      12.855      22.000      11.025       8.076
20160330       5.857       5.932      15.433       7.161
20160331       3.513       2.251       5.391       2.349
20160401       2.577       0.929       2.189       2.912
20160402       1.713       1.806       1.313       2.757
20160403       3.859       3.468       2.477       2.086
20160404       5.936       4.815       3.497       3.730
20160405      10.569      10.124       5.582       8.021
20160406       2.315       7.215       8.664       5.320
20160407       0.000       4.634       6.295       4.545
20160408       0.000       2.942       4.249       2.696
20160409       0.000       1.124       2.215       0.000
20160410       0.000       0.765       1.154       0.000
20160411       0.000       4.274       1.228       0.000
20160412       0.000       2.928       3.704       0.000
20160413       0.000       6.731       3.822       0.000
20160414       0.000       4.906       5.596       0.000
20160415       0.000       7.429       5.320       0.000
20160416       0.000       3.082       5.292       0.000
20160417       0.000       3.719       2.809       0.000
20160418       0.000       6.421       3.661       0.000
20160419       0.000       6.787       5.734       0.000
20160420       0.000       5.012       5.276       0.000
20160421       0.000       5.039       4.723       0.000
20160422       0.000       4.370       3.797       0.000
20160423       0.000       1.210       2.995       0.000
20160424       0.000       0.568       1.144       0.000
20160425       0.000       0.408       0.549       0.000
20160426       0.000       0.550       0.473       0.000
20160427       0.000       1.189       0.475       0.000
20160428       0.950       0.746       0.791       0.000
20160429       1.504       0.920       0.693       0.000
20160430       2.241       2.317       1.119       8.947
20160501       2.512       3.579       2.301       2.455
20160502       4.342       6.093       3.762       2.720
20160503      10.878      16.432       8.337       7.550
20160504       6.627       7.257      12.444       5.383
20160505       6.394       6.934       7.123       8.486
20160506       6.887       6.560       6.918       6.407
20160507       9.433      10.524       7.475       6.698
20160508      12.072      13.317      10.689       8.995
20160509      11.747      14.013      12.740       8.460
20160510       9.873      13.931      13.704      11.604
20160511      10.776      14.297      13.495      10.562
20160512       8.903      13.347      12.896       8.945
20160513       6.812      11.750      12.009       8.049
20160514       5.112       7.296       9.614       7.855
20160515       3.877       4.287       6.333       5.907
20160516       4.008       4.815       4.397       3.906
20160517       4.680       5.769       4.445       4.142
20160518       4.778       6.053       5.168       4.479
20160519       5.370       7.101       6.308       5.815
20160520       7.396       8.731       7.225       6.925
20160521       7.406       8.520       7.798       5.443
20160522      16.607      15.690       9.699       8.309
20160523      10.309      20.806      14.204       9.986
20160524       7.688      11.684      16.159      10.435
20160525       5.765       9.512      10.749       7.731
20160526       4.343       7.604       8.632       5.713
20160527       3.722       7.085       7.572       5.668
20160528       3.346       7.649       7.539       6.079
20160529       3.258       7.099       7.306       4.681
20160530       5.222       7.489       6.842       4.630
20160531       6.455      12.333      10.579       6.990
20160601       4.303       8.226      10.575       6.717
20160602       2.797       6.713       8.339       6.155
20160603       2.290       6.618       6.746       4.660
20160604       1.817       5.912       6.479       2.787
20160605       1.395       4.921       5.912       3.329
20160606       0.973       4.387       4.924       1.948
20160607       0.724       3.928       4.400       2.062
20160608       0.569       2.864       3.829       1.082
20160609       0.496       2.162       2.730       0.556
20160610       0.454       1.711       2.012       0.440
20160611       0.453       2.663       2.145       0.702
20160612       0.462       2.488       2.341       0.727
20160613       0.424       1.576       2.010       0.388
20160614       0.402       1.441       1.575       0.354
20160615       0.390       1.661       1.505       0.565
20160616       0.396       2.792       1.985       0.764
20160617       1.157       5.422       3.964       1.233
20160618       1.578       6.083       6.444       1.356
20160619       0.749       1.902       3.978       1.125
20160620       2.502       1.006       1.866       0.822
20160621       4.708      10.276       3.724       2.466
20160622       1.662       2.214       6.275       1.075
20160623       0.779       1.262       2.257       2.576
20160624       1.006       0.987       1.278       1.220
20160625       1.737       3.065       1.615       1.200
20160626       2.218       2.334       3.270       1.308
20160627       5.544       6.275       2.044       1.750
20160628       4.420       2.281       4.344       2.058
20160629       4.300       1.313       2.888       3.418
20160630  -10000.000       7.493       3.059       4.470
20160701  -10000.000       2.782       5.452       9.278
20160702  -10000.000       6.010       4.588       4.442
20160703  -10000.000       9.627       6.629       6.062
20160704       3.034       2.089       6.425       5.679
20160705       1.788       0.971       2.947       2.943
20160706       1.105       0.587       0.936       0.930
20160707       0.677       0.453       0.564       0.990
20160708       0.582       0.709       0.737       1.348
20160709       0.488       0.401       0.526       0.605
20160710       0.735       0.401       0.409       0.477
20160711       4.412       6.289       0.965       1.133
20160712       4.407       4.305       6.317       4.005
20160713       2.181       1.121       3.134       2.019
20160714       1.225       0.655       1.101       1.768
20160715       0.673       0.467       1.269       1.924
20160716       0.492       0.473       0.516       0.884
20160717       0.467       0.646       0.474       0.562
20160718       0.461       0.410       1.121       0.952
20160719       0.442       0.348       0.387       0.370
20160720       0.420       0.327       0.343       0.368
20160721       0.414       0.311       0.324       0.397
20160722       0.352       0.305       0.398       0.508
20160723       0.361       0.296       0.304       0.359
20160724       0.355       0.288       0.295       0.307
20160725       0.352       0.689       0.298       0.318
20160726       0.648       0.715       1.344       1.087
20160727       2.447       1.349       0.612       0.393
20160728       5.397       7.678       3.906       2.830
20160729       4.577       2.066       5.048       2.173
20160730       6.860       8.179       2.181       2.530
20160731       6.779       4.817       5.478       2.197
