date          Qobs       Qsimobs        Qsim       Qusi
20150801      28.093      30.195      32.548      30.769
20150802      24.939      31.820      30.649      26.882
20150803      24.268      33.284      32.080      26.172
20150804      21.870      27.959      30.534      24.184
20150805      28.944      66.415      30.240      21.828
20150806      64.643      53.917      44.556      34.032
20150807      53.128      40.322      47.740      57.793
20150808      47.648      38.748      40.509      43.169
20150809      42.241      38.491      37.515      43.496
20150810      36.060      33.031      36.222      39.614
20150811      30.431      29.663      32.977      33.067
20150812      26.365      26.888      29.949      28.581
20150813      22.735      24.017      26.769      23.867
20150814      19.459      21.645      24.008      21.027
20150815      16.632      19.555      21.642      18.239
20150816      14.462      17.592      19.555      15.112
20150817      12.773      15.916      17.592      13.075
20150818      11.402      14.432      15.916      11.584
20150819      10.270      13.164      14.425      10.577
20150820       9.283      12.101      13.164       9.600
20150821       8.461      11.182      12.098       8.724
20150822       7.776      10.485      11.179       7.791
20150823       7.203       9.932      10.485       7.381
20150824       6.714       9.631       9.932       6.906
20150825       6.489       9.852       9.540       6.549
20150826       8.520      27.893      15.306      10.308
20150827      11.255      24.739      21.990      12.556
20150828      26.860      43.604      24.161      11.459
20150829      31.635      31.270      32.882      29.436
20150830      24.886      27.907      31.233      30.221
20150831      20.098      24.851      27.884      22.596
20150901      16.735      22.099      24.921      18.505
20150902      18.548      38.245      23.085      16.337
20150903      41.569      52.144      36.128      24.139
20150904      52.777      41.183      39.930      43.196
20150905      51.230      62.262      41.969      51.558
20150906      62.104      48.182      50.062      54.936
20150907      50.753      39.513      46.289      54.463
20150908      40.854      35.245      39.919      44.091
20150909      33.732      31.606      35.143      37.824
20150910      28.311      28.334      31.645      30.633
20150911      24.036      25.360      28.368      25.582
20150912      20.636      22.650      25.359      22.402
20150913      18.379      21.488      22.828      19.175
20150914      17.050      19.420      21.041      17.731
20150915      16.964      18.642      19.306      15.875
20150916      28.876      44.301      23.967      20.822
20150917      63.948      54.180      38.519      38.028
20150918     148.237     126.180      60.978      82.965
20150919     153.242      69.437      78.384     163.510
20150920     111.399      54.056      69.456     117.825
20150921      83.885      45.615      53.840      86.070
20150922      68.017      44.691      46.104      67.867
20150923      59.173      43.806      45.227      62.681
20150924      54.394      38.902      41.798      53.693
20150925      55.792      51.460      41.445      51.221
20150926      57.219      39.410      42.675      56.497
20150927      49.748      35.655      39.357      51.791
20150928      42.517      32.015      35.603      46.085
20150929      36.751      28.780      32.023      39.382
20150930      32.336      13.662      28.770      33.427
20151001      28.709      12.488      25.802      29.470
20151002      25.883      11.508      23.165      26.084
20151003      23.456      10.759      11.508      23.789
20151004      21.338      16.917      10.749      21.996
20151005      19.566      15.173      10.104      19.787
20151006      17.904      13.655       9.684      18.858
20151007      16.374      12.361      13.655      15.951
20151008      15.285      11.281      12.362      14.974
20151009      14.452      10.472      11.282      14.113
20151010      13.852       9.862      10.442      13.592
20151011      13.281       9.401       9.827      13.059
20151012      12.809       9.052       9.401      12.869
20151013      12.487       8.997       9.058      12.488
20151014      12.166       8.809       8.924      12.326
20151015      11.760       8.723       8.809      12.024
20151016      11.307       8.656       8.723      11.468
20151017      11.004       8.590       8.656      11.056
20151018      10.603       8.525       8.590      11.020
20151019      10.339       8.461       8.525      10.629
20151020      10.021       8.398       8.460      10.284
20151021       9.893       8.344       8.400      10.059
20151022      10.137       9.577       8.487      10.002
20151023      10.708       8.530       8.519      10.661
20151024      10.720       8.280       8.425      10.070
20151025      10.665       9.440       8.523      10.780
20151026      11.340       8.353       8.794      11.134
20151027      11.586       8.224       8.312      10.637
20151028      11.117       8.144       8.220      11.689
20151029      10.739       8.082       8.144      11.068
20151030      10.391       8.021       8.082      10.845
20151031      10.024       7.967       8.022      10.497
20151101       9.819       7.918       7.963      10.161
20151102       9.661       7.853   -9999.000   -9999.000
20151103       9.459       7.793       7.850       9.744
20151104       9.261       7.731       7.793       9.416
20151105       9.055       7.672       7.734       9.268
20151106       8.840       7.619       7.675       8.882
20151107       9.302      16.585       9.542      10.901
20151108      15.754      28.306      13.805      12.238
20151109      23.579      29.118      18.929      14.652
20151110      30.389      26.907      26.770      25.453
20151111      29.878      23.536      24.859      29.428
20151112      25.846      20.994      23.488      26.900
20151113      22.833      18.613      20.979      23.399
20151114      22.398      22.454      19.317      21.169
20151115      21.909      18.913      21.546      25.302
20151116      19.847      16.702      18.755      19.952
20151117      19.187      15.944      21.154      21.772
20151118      19.075      18.014      15.517      17.489
20151119      18.461      14.379      15.896      18.192
20151120      15.153      12.657      14.373      16.283
20151121      11.250      11.073      12.651      13.628
20151122       9.509       9.817      11.067       9.656
20151123       9.120       8.970       9.822       8.631
20151124      10.249       8.522      10.176       8.910
20151125      13.490       9.412       8.824       9.462
20151126      13.840       8.391       8.746      13.227
20151127      14.707       8.134      14.528      22.904
20151128      23.751      32.218       8.571      15.209
20151129      42.411      31.496      26.415      32.359
20151130      44.809      27.583      28.977      40.703
20151201      34.701      24.418      27.263      39.770
20151202      30.500      21.794      25.563      33.183
20151203      29.753      20.319      21.845      33.184
20151204      26.719      18.854      22.878      30.341
20151205      33.129      21.096      31.182      38.689
20151206      44.451      39.174      24.237      39.078
20151207      54.611      40.031      33.162      50.276
20151208      48.227      35.025      39.442      55.620
20151209      46.463      47.774      35.924      45.044
20151210      55.905      41.774      41.056      48.865
20151211      54.985      38.167      39.890      49.982
20151212      46.565      33.338      37.268      49.859
20151213      36.423      30.033      33.338      42.143
20151214      30.033      27.021      30.035      33.511
20151215      25.076      24.274      27.019      27.837
20151216      20.910      21.744      24.273      23.607
20151217      19.855      19.624      21.854      19.288
20151218      22.636      19.337      22.440      19.211
20151219      23.143      23.129      21.884      25.594
20151220      27.733      27.070      25.553      25.547
20151221      42.012      24.406   -9999.000   -9999.000
20151222      42.972      21.938   -9999.000   -9999.000
20151223      38.325      24.030      22.971      42.069
20151224      35.291      21.906      22.457      39.105
20151225      42.110      32.227      21.396      33.389
20151226      43.681      26.147      26.520      44.955
20151227      29.677      23.449      26.150      39.992
20151228      27.113      21.375      23.540      26.663
20151229      25.595      18.910      21.218      24.665
20151230      23.872      16.903      18.922      23.456
20151231      23.072      15.777      17.034      21.235
20160101      20.438      14.036      15.633      20.954
20160102      18.914      12.430      14.008      18.034
20160103      15.840      11.387      12.407      16.940
20160104      11.900      10.425      11.339      14.860
20160105       9.145       9.723      10.423      11.120
20160106       7.759       9.305       9.735       8.700
20160107       6.939       8.976       9.297       7.770
20160108       8.346       8.826       9.010       6.639
20160109       9.062       8.616       8.823       7.982
20160110       9.499       8.676       8.675       8.942
20160111       9.812      10.684       9.138       9.778
20160112      10.161      10.019       9.861      10.445
20160113      10.067       9.671       9.883      10.035
20160114       8.824       9.234       9.577       9.857
20160115       8.862       8.942       9.235       8.659
20160116       8.879       8.689       8.938       8.522
20160117       8.311       8.469       8.686       8.742
20160118       8.139       8.290       8.469       8.073
20160119       8.038       8.125       8.290       7.989
20160120       7.932       7.985       8.120       7.943
20160121       7.750       7.897       8.020       7.899
20160122       7.522       7.757       7.878       7.573
20160123       7.905       7.709       7.782       7.274
20160124       7.936       7.608       7.717       7.883
20160125       7.819       7.509       7.605       7.891
20160126       7.546       7.509       7.620       8.502
20160127       7.907      18.027      10.321       9.774
20160128       9.107      33.866      11.392      11.684
20160129      10.884      24.466      24.395      12.820
20160130      12.575      45.090      24.801       9.825
20160131      12.466      34.249      35.387      16.392
20160201      12.071      30.800      34.212      12.172
20160202      11.827      28.239      30.991      11.725
20160203      11.595      25.389      28.103      11.499
20160204      10.916      22.590      25.272      11.255
20160205      10.117      20.127      22.590      10.481
20160206       9.865      18.497      25.267      12.064
20160207      13.988      37.076      24.809      11.671
20160208      20.839      47.590      31.170      17.740
20160209      27.340      75.669      44.302      27.152
20160210      32.578      60.995      50.519      31.226
20160211      32.064      47.519      51.114      31.633
20160212      28.367      42.913      47.383      28.701
20160213      25.988      38.832      43.034      26.703
20160214      22.963      35.166      38.878      24.907
20160215      18.876      31.684      35.151      21.595
20160216      16.133      28.518      31.677      17.898
20160217      14.927      25.612      28.542      15.267
20160218      13.964      23.082      25.617      14.227
20160219      12.813      20.771      23.074      13.226
20160220      11.911      18.721      20.849      12.204
20160221      11.651      18.019      19.024      11.745
20160222      11.551      15.694      17.587      10.927
20160223      11.070      13.886      15.662      10.464
20160224      10.240      12.237      13.887       9.959
20160225       9.831      10.852      12.237       9.122
20160226       9.637       9.557      10.852       8.889
20160227       9.164       8.331       9.564       8.444
20160228       8.693       8.221       8.329       8.155
20160229       8.353       8.110       8.214       8.691
20160301       8.179       8.019       8.123       8.300
20160302       7.967       7.981       8.104       8.176
20160303       7.846       8.600       8.313       8.488
20160304       7.974       9.162       8.539       8.284
20160305       8.023      12.412       9.572       9.634
20160306       8.049      11.264      11.011       9.371
20160307       7.991      11.189      11.163       8.148
20160308       8.007      11.492      11.015       8.146
20160309       7.935      10.625      10.892       8.163
20160310       7.821      10.653      10.860       7.909
20160311       7.617      10.867      10.715       8.294
20160312       6.976       9.766      10.608       8.172
20160313       6.892       9.450       9.962       6.876
20160314       6.844      11.345      10.792       8.128
20160315       6.957      17.987      13.649       9.247
20160316       7.633      24.557      18.132       8.963
20160317       8.676      23.757      23.631       9.243
20160318      10.009      32.314      23.374       8.324
20160319      11.448      25.721      28.477      11.358
20160320      12.684      25.204      26.380       9.726
20160321      13.137      23.385      24.996      12.467
20160322      13.342      23.448      23.202      12.241
20160323   -9999.000   -9999.000      22.042      12.465
20160324      12.808      23.585   -9999.000   -9999.000
20160325      12.978      21.990   -9999.000   -9999.000
20160326      13.355      20.099   -9999.000   -9999.000
20160327      15.050      21.683      20.703      12.530
20160328      20.287      25.981      23.812      16.366
20160329      31.136      30.342      25.052      22.192
20160330      44.799      31.298      28.775      34.498
20160331      54.374      28.434      27.998      43.341
20160401      52.847      25.368      27.031      48.624
20160402      47.820      25.084      25.889      48.955
20160403      46.667      28.340      25.534      52.635
20160404      47.494      30.269      27.535      50.141
20160405      54.205      40.294      31.593      54.471
20160406      69.904      36.364      34.088      57.763
20160407      78.252      40.511      35.119      65.315
20160408      87.366      39.056      37.072      84.712
20160409      85.347      32.381      40.735      88.730
20160410      76.830      28.651      32.338      72.359
20160411      69.338      29.825      30.156      73.308
20160412      67.239      26.489      29.648      70.175
20160413      65.502      25.077      27.131      69.147
20160414      62.332      30.893      25.507      62.525
20160415      57.929      29.220      26.312      71.198
20160416      73.102      48.501      30.273      62.952
20160417      85.860      50.355      44.898      91.787
20160418      80.064      40.155      43.407      86.196
20160419      78.169      39.721      42.729      73.263
20160420      74.836      38.210      37.547      72.892
20160421      69.301      33.905      37.092      70.815
20160422      64.661      32.475      33.979      62.906
20160423      57.443      24.754      30.341      54.942
20160424      50.192      21.063      24.674      46.422
20160425      44.237      19.033      22.456      46.412
20160426      39.675      17.101      19.394      42.490
20160427  -10000.000      15.441      17.105      37.548
20160428  -10000.000      14.662      15.655      36.164
20160429  -10000.000      40.591      21.814      21.886
20160430  -10000.000      44.744      34.973      39.308
20160501      61.191      69.382      54.417      57.608
20160502      73.071      54.849      53.358      58.649
20160503      66.093      47.629      52.309      54.170
20160504      64.396      41.453      48.048      57.953
20160505      62.373      35.771      41.196      55.969
20160506      58.694      31.084      35.773      53.510
20160507      55.252      27.647      31.079      50.517
20160508      51.325      24.878      27.653      46.490
20160509      47.658      22.325      24.874      45.490
20160510      43.216      19.934      22.325      41.588
20160511      37.674      17.771      19.961      38.178
20160512      32.741      15.807      17.791      33.507
20160513      28.554      16.196      18.823      35.197
20160514      25.607      13.906      15.205      27.199
20160515      22.747      12.512      14.025      23.336
20160516      20.221      11.433      12.512      20.146
20160517      17.930      10.571      11.433      18.560
20160518      16.212       9.918      10.631      16.728
20160519      15.079      12.385      10.714      16.166
20160520      15.208      13.269      11.755      17.389
20160521      18.385      27.882      14.414      18.024
20160522      21.714      23.189      21.252      22.751
20160523      37.420     121.377      29.339      28.820
20160524     139.181     166.229      82.236      73.192
20160525     103.582      97.134     118.328     166.515
20160526      75.607      66.397      89.894      79.309
20160527      58.362      53.879      66.554      58.064
20160528      46.706      47.818      54.177      50.554
20160529      40.774      59.423      48.609      42.600
20160530      40.280      56.932      62.609      53.392
20160531      36.894      46.541      51.192      38.800
20160601      31.916      42.069      46.548      33.966
20160602      27.132      38.006      42.074      29.846
20160603      23.089      34.288      38.327      26.542
20160604      18.930      30.898      34.291      21.670
20160605      15.741      27.797      30.898      18.132
20160606      13.695      24.955      27.792      15.058
20160607      12.278      22.484      24.957      12.986
20160608      10.882      42.917      22.515      11.303
20160609       9.731      32.174      33.506      13.897
20160610       8.875      28.924      32.167      10.067
20160611       8.167      25.967      28.923       8.611
20160612       7.671      23.259      25.962       7.748
20160613       7.216      21.055      23.261       7.340
20160614       7.050      18.859      21.068       6.537
20160615       6.529      16.883      18.859       6.697
20160616       6.235      16.416      17.536       6.300
20160617       6.087      16.645      15.927       6.058
20160618       6.010      17.535      15.736       5.824
20160619       5.756      15.044      16.095       6.057
20160620       5.435      13.411      14.869       5.271
20160621       5.739      27.709      19.082       7.282
20160622       8.005      20.145      21.132       6.905
20160623       7.999      17.849      20.169       7.076
20160624       7.296      15.799      17.852       7.418
20160625       6.888      14.210      16.667       7.024
20160626       6.346      12.852      14.165       6.066
20160627       5.979      16.733      13.891       6.438
20160628       5.981      18.609      16.773       7.446
20160629       6.702      18.246      17.655       6.668
20160630       6.458      15.308      16.908       6.624
20160701       6.192      16.139      16.468       6.348
20160702       7.122      31.862      16.572       6.689
20160703      12.098      31.433      26.788       9.415
20160704      14.101      25.735      28.512      12.797
20160705      14.003      23.106      26.140      13.443
20160706      13.405      20.678      23.210      13.034
20160707      14.487      18.425      20.561      12.203
20160708      12.399      16.353      18.385      13.347
20160709      10.802      14.770      16.560      11.346
20160710       9.885      16.982      17.911      11.967
20160711       9.255      16.680      16.560      11.020
20160712       9.793      18.834      20.669      12.117
20160713      11.154      20.352      19.384      11.276
20160714      13.022      23.166      21.261      11.684
20160715      12.665      19.230      20.556      13.526
20160716      11.033      17.071      19.053      11.834
20160717       9.733      18.373      17.036      10.201
20160718       8.854      15.824      17.023       9.809
20160719       8.104      14.161      15.707       8.187
20160720       7.418      13.061      14.161       7.409
20160721       6.828      12.104      13.043       6.825
20160722       6.369      11.370      12.104       6.440
20160723       5.923      12.072      12.250       6.524
20160724       5.543      11.013      11.345       5.854
20160725       5.113      10.468      11.009       5.323
20160726       4.808      10.970      10.486       4.820
20160727       4.699      12.649      11.012       4.915
20160728       4.759      14.091      12.025       5.253
20160729       4.742      11.457      12.379       4.770
20160730       5.439      16.933      12.463       4.655
20160731       6.061      15.681      16.269       6.080
