date          Qobs       Qsimobs        Qsim       Qusi
20150801  -10000.000       4.581       5.654       5.752
20150802  -10000.000       6.352       5.457       5.457
20150803  -10000.000       3.877       4.650       4.796
20150804       4.203       3.413       4.060       4.061
20150805      18.826      32.431       7.361       7.360
20150806      14.193      12.139      14.602      15.867
20150807       9.895       9.167      12.148      12.409
20150808       8.005       7.851       9.159       8.476
20150809       6.401       5.693       7.253       6.675
20150810       5.423       4.720       5.693       5.259
20150811       4.904       4.133       4.714       4.737
20150812       4.589       3.723       4.161       4.497
20150813       4.311       3.331       3.711       4.181
20150814       3.746       2.988       3.331       3.755
20150815       3.461       2.679       2.988       3.780
20150816       3.171       2.400       2.679       2.679
20150817       2.948       1.749       2.400       2.929
20150818       2.734       1.564       2.149       2.718
20150819       2.539       1.398       1.923       2.551
20150820       2.374       1.249       1.398       2.276
20150821       2.235       1.115       1.249       2.211
20150822       2.094       0.995       1.115       2.051
20150823       1.979       0.888       0.995       1.847
20150824       1.910       0.793       0.888       1.509
20150825       3.309       4.639       0.805       1.626
20150826       7.243      12.926       5.609       4.486
20150827      33.195      28.093      11.202      10.234
20150828      29.629      21.974      14.781      20.657
20150829      14.730      12.531      16.108      23.199
20150830       9.624       9.450      12.554      12.334
20150831       7.416       7.018       9.429       7.765
20150901       6.364       5.261       7.381       6.157
20150902      58.096      41.456      19.133      18.208
20150903      84.295      66.687      32.526      46.529
20150904      38.037      32.185      35.780      60.158
20150905      22.440      30.984      34.908      36.296
20150906      14.486      25.284      29.274      24.530
20150907       8.905      18.720      23.847      13.570
20150908       5.820      14.620      19.042       8.210
20150909       3.948      11.390      14.612       5.093
20150910       8.183       8.856      11.390       3.305
20150911       9.583       6.950       8.856       5.674
20150912       8.313       5.850       6.950       7.675
20150913       7.532       6.948       6.524       7.314
20150914       7.451       6.116       5.685       6.592
20150915      22.940       6.896       8.817      10.683
20150916      52.977      40.826      23.306      33.230
20150917      87.374      50.318      37.919      66.976
20150918     145.548     172.014      59.476      87.108
20150919      58.978      49.841      92.032     117.690
20150920      35.070      33.387      49.592      34.995
20150921      26.149      24.891      35.024      30.086
20150922      21.172      19.787      26.740      22.337
20150923      19.305      20.890      23.391      20.865
20150924      15.448      15.015      18.356      17.608
20150925      15.393      18.228      20.827      19.312
20150926      13.748      12.259      15.210      14.836
20150927      11.561       9.606      12.253      10.849
20150928      10.023       7.655       9.606       9.323
20150929       8.976       6.797       7.663       8.127
20150930       8.170       4.193       6.802       8.030
20151001       7.476       3.809       6.195       7.332
20151002       6.885       3.460       5.646       6.944
20151003       6.322       3.143       3.460       6.029
20151004       5.902       4.405       3.143       5.554
20151005       5.544       4.020       2.855       5.149
20151006       5.215       3.665       2.594       4.864
20151007       4.933       3.343       3.665       4.770
20151008       4.689       3.050       3.342       4.442
20151009       4.518       2.783       3.051       4.160
20151010       4.336       2.567       2.782       3.615
20151011       4.231       2.328       2.549       3.729
20151012       4.099       2.180       2.345       3.368
20151013       3.990       1.978       2.156       3.590
20151014       3.720       1.810       1.966       3.531
20151015       3.376       1.658       1.801       3.431
20151016       3.022       1.523       1.652       3.154
20151017       2.757       1.391       1.521       2.833
20151018       2.562       1.284       1.398       2.528
20151019       2.427       1.247       1.289       2.421
20151020       2.352       1.286       1.192       2.319
20151021       2.340       1.313       1.154       2.343
20151022       2.477       2.727       1.230       2.036
20151023       2.382       1.887       1.515       2.420
20151024       2.254       1.715       1.822       2.198
20151025       2.433       2.914       2.909       3.112
20151026       2.453       2.117       1.922       2.362
20151027       2.334       1.932       2.353       2.250
20151028       2.229       1.784       1.941       2.144
20151029       2.168       1.642       1.763       2.131
20151030       2.108       1.498       1.628       2.054
20151031       2.099       1.859       1.498       1.845
20151101       2.141       1.753       1.428       2.275
20151102       2.097       1.581   -9999.000   -9999.000
20151103       2.048       1.442       1.578       1.970
20151104       1.993       1.246       1.442       1.861
20151105       1.958       1.248       1.327       1.883
20151106       1.945       1.402       1.328       1.920
20151107       6.825       7.979       4.363       6.359
20151108      13.184      35.611       3.774       2.854
20151109      14.430      28.535      12.289      13.476
20151110      11.588      19.655      24.569      17.518
20151111       8.173      12.716      19.340      10.357
20151112       6.471       9.798      15.210       8.351
20151113       6.737       8.598      12.117       6.760
20151114       7.469      13.423      10.303       7.140
20151115       6.404       8.227       8.164       7.321
20151116       5.736       6.519       8.181       5.760
20151117       6.419       9.295      10.153       7.636
20151118       5.758       5.931       6.770       4.610
20151119       5.307       5.201       5.647       5.133
20151120       4.253       4.749       5.184       5.058
20151121       3.709       4.346       4.749       4.661
20151122       3.374       3.976       4.346       3.368
20151123       3.039       3.627       3.976       3.255
20151124       3.331       3.502       4.270       3.030
20151125       4.979       6.874       3.773       2.904
20151126       4.471       3.393       4.604       3.483
20151127       5.130       3.228       6.946       7.783
20151128      15.637      24.895       5.831       6.571
20151129      23.978      20.818      19.347      23.434
20151130      19.793      13.248      19.947      16.886
20151201      13.124       9.575      13.301      17.065
20151202      15.025       7.430      10.960      10.264
20151203       7.602       6.963       7.673      11.184
20151204      12.008       8.660      12.957      23.852
20151205      19.138      22.136      20.440      18.358
20151206      19.173      20.325      17.995      22.665
20151207      14.694      17.781      18.349      19.748
20151208      11.121      13.232      17.529      14.210
20151209      16.568      23.057      15.456      11.727
20151210      16.177      15.665      16.593      14.037
20151211      13.275      12.674      15.277      13.872
20151212      12.372      10.250      12.464      10.570
20151213      17.135       8.474      10.250       9.067
20151214      16.274       7.242       8.474      12.085
20151215      14.164       6.316       7.242      11.547
20151216       8.334       5.669       6.321      11.049
20151217       7.432       5.944       6.111       7.617
20151218       7.260       8.045       8.468       7.963
20151219       7.311       8.844       9.230       8.106
20151220       9.402      11.679      10.327       8.890
20151221       9.757       8.359   -9999.000   -9999.000
20151222       8.729       6.629   -9999.000   -9999.000
20151223      10.085      12.308       8.816       9.238
20151224       8.405       7.427       8.208       9.542
20151225      12.077      14.371       9.688       9.195
20151226       9.145       8.719       9.465      13.073
20151227      11.353       7.126       8.643       8.163
20151228       8.856       7.184       7.907       9.702
20151229       7.006       5.800       6.495       7.096
20151230       6.052       5.481       6.246       6.960
20151231       7.239       8.211       6.299       6.453
20160101       6.606       7.108       8.698      10.279
20160102  -10000.000       6.199       7.571       6.677
20160103  -10000.000       5.105       5.914       4.944
20160104  -10000.000       4.754       5.088       5.088
20160105  -10000.000       4.195       4.691       4.691
20160106  -10000.000       3.817       4.169       4.169
20160107       3.330       3.564       3.804       3.803
20160108       3.101       3.400       3.697       3.697
20160109       3.484       3.152       3.421       2.956
20160110       3.592       4.223       3.880       4.661
20160111       3.766       5.482       5.752       5.751
20160112       4.137       3.073       3.193       2.320
20160113       3.894       2.641       2.618       3.183
20160114       3.185       1.981       2.198       2.689
20160115       2.954       1.786       1.932       2.755
20160116       3.057       2.272       1.969       2.752
20160117       2.995       1.497       1.630       1.832
20160118       3.036       1.391       1.496       2.382
20160119       3.044       1.289       1.375       2.486
20160120       2.966       1.192       1.263       2.483
20160121       2.904       1.103       1.159       2.134
20160122       2.820       0.978       1.065       2.308
20160123       2.856       1.360       1.211       2.761
20160124       2.858       0.969       0.988       1.442
20160125       2.789       0.786       1.344       2.902
20160126       2.782       1.151       2.498       4.620
20160127       3.659      12.346       4.623       6.988
20160128       5.331      23.356       8.923       6.808
20160129       6.336      14.928      16.062       5.578
20160130       7.751      19.281      15.178       4.986
20160131       4.646      13.217      15.579       8.881
20160201       3.746       9.822      12.973       3.606
20160202       3.512       8.472      10.993       3.167
20160203       3.250       6.883       7.914       3.490
20160204       2.973       5.217       6.666       3.484
20160205       2.840       4.211       5.217       2.880
20160206       3.093       5.129       8.108       5.226
20160207      12.306      22.651      10.983       5.981
20160208      22.056      27.135      17.905      15.663
20160209      25.877      37.978      27.869      31.422
20160210      15.774      22.465      26.803      24.851
20160211      10.465      17.147      21.533      13.781
20160212       7.493      13.515      17.048       8.531
20160213       6.418      10.904      13.809       6.207
20160214       5.004       8.234      10.722       5.466
20160215       4.101       6.847       8.165       4.854
20160216       4.043       5.931       6.833       3.862
20160217       4.193       5.402       5.965       4.191
20160218       3.966       5.088       5.650       4.482
20160219       3.587       4.653       5.167       4.098
20160220       3.530       5.183       5.767       4.720
20160221       3.667       5.987       6.652       4.802
20160222       3.498       3.782       4.176       2.735
20160223       3.269       3.498       3.813       3.190
20160224       3.024       3.198       3.499       3.442
20160225       2.837       2.967       3.198       3.007
20160226       2.920       2.704       2.941       2.675
20160227       2.747       2.515       2.979       3.039
20160228       2.567       2.295       2.496       2.760
20160229       2.472       2.108       2.295       2.312
20160301       2.591       1.939       2.163       2.284
20160302       2.541       2.755       3.796       4.625
20160303       2.833       4.637       4.806       4.814
20160304       3.205       3.930       2.774       2.064
20160305       2.969       4.978       4.206       4.483
20160306       2.982       3.613       3.139       2.670
20160307       2.978       3.525       3.760       3.901
20160308       2.874       2.619       2.677       2.490
20160309       2.744       2.522       2.303       2.721
20160310       2.613       4.258       2.810       3.323
20160311       2.594       4.763       3.770       3.771
20160312       2.542       3.481       4.379       3.519
20160313       2.440       3.235       3.629       2.692
20160314       2.500       4.780       5.370       4.301
20160315       3.263       9.576       7.808       5.458
20160316       4.731      12.015      10.572       5.566
20160317       6.012      11.718      13.264       6.045
20160318       7.520      14.809      12.570       3.846
20160319       8.716      11.063      13.127       7.290
20160320       8.275      11.182      11.720       7.682
20160321       7.792      10.337      11.054       7.905
20160322       7.005       9.742      10.344       7.787
20160323   -9999.000   -9999.000       8.730       7.101
20160324       6.340       6.681   -9999.000   -9999.000
20160325       6.474       6.498   -9999.000   -9999.000
20160326       7.011       6.333   -9999.000   -9999.000
20160327      15.274       9.839       9.259       9.122
20160328      24.046      22.615      16.397      21.514
20160329      39.412      43.953      29.826      40.077
20160330      46.145      37.515      31.760      44.678
20160331      29.693      23.538      27.522      37.298
20160401      21.520      18.958      22.973      22.645
20160402      20.204      18.782      20.480      19.308
20160403      19.093      19.997      18.795      19.548
20160404      19.875      18.784      20.932      18.508
20160405      30.482      30.283      24.419      22.535
20160406      32.008      21.880      23.123      28.580
20160407      27.721      19.277      21.889      26.751
20160408      26.047      20.411      21.600      27.838
20160409      24.056      18.346      20.816      26.417
20160410      21.587      14.090      16.403      19.977
20160411      20.201      12.952      14.433      18.101
20160412      20.087      11.929      13.348      17.875
20160413      19.274      10.925      11.817      17.492
20160414      20.018      12.499      11.205      16.497
20160415      19.953      11.124      12.708      19.560
20160416      26.992      14.227      12.626      19.829
20160417      28.076      28.109      20.463      35.443
20160418      23.341      16.408      19.736      27.977
20160419      20.338      14.083      15.961      19.867
20160420      18.178      12.050      13.551      16.236
20160421      17.244      10.761      11.987      13.553
20160422      16.722       9.835      10.722      14.130
20160423      14.647       8.418       9.592      12.844
20160424      12.931       7.390       8.377      12.363
20160425      11.678       6.570       9.763      14.034
20160426      10.752       5.507       7.525      11.582
20160427       9.987       4.930       5.927       8.892
20160428       9.461       4.725       5.535       8.772
20160429      16.012      36.960      16.396      25.163
20160430      27.754      50.510      34.677      30.238
20160501      46.254      52.628      48.659      40.587
20160502      29.024      38.054      43.788      37.251
20160503      24.698      34.667      36.699      34.367
20160504      28.518      33.443      33.674      24.481
20160505      22.832      26.036      30.333      25.285
20160506      20.549      20.787      25.987      19.569
20160507      19.254      16.403      20.758      16.372
20160508      18.413      13.169      16.442      15.707
20160509      17.935      10.885      13.177      14.726
20160510      16.759       8.357      10.885      14.015
20160511      15.537       7.385       8.838      12.605
20160512      14.149       6.532       7.722      13.227
20160513      12.944       5.845       6.667      10.671
20160514      11.592       5.150       5.806      10.389
20160515      10.350       4.561       5.259       9.541
20160516       9.257       4.159       4.561       9.001
20160517       8.373       3.790       4.159       8.291
20160518       7.691       3.452       3.792       6.245
20160519       7.234       3.157       3.540       6.415
20160520       7.129       2.912       3.258       5.495
20160521       6.556       5.215       4.095       7.776
20160522       5.854       5.515       3.576       5.074
20160523      21.116      30.677      11.764      13.671
20160524      48.936      70.242      23.251      20.613
20160525      28.153      26.836      35.404      51.552
20160526      23.927      21.101      26.810      20.348
20160527      18.628      16.510      21.099      20.886
20160528      14.673      13.280      16.620      16.668
20160529      12.425      10.953      13.605      12.960
20160530      17.963      19.279      16.159      15.826
20160531      16.929      11.515      13.557      14.908
20160601      12.106       8.925      11.099      13.585
20160602       9.590       7.066       8.931       9.879
20160603       8.032       5.958       7.066       7.223
20160604       6.946       6.522       5.953       6.370
20160605       6.114       5.071       5.606       6.028
20160606       5.421       4.563       5.071       5.402
20160607       4.924       4.109       4.561       4.949
20160608       4.576       3.706       4.119       4.615
20160609       4.134       3.330       3.701       4.066
20160610       3.751       3.010       3.423       3.857
20160611       3.438       2.697       3.001       3.363
20160612       3.178       2.422       2.697       2.841
20160613       2.998       2.173       2.422       2.914
20160614       2.829       1.951       2.173       2.693
20160615       2.703       1.747       1.950       2.249
20160616       2.965       6.270       4.724       6.127
20160617       2.688       2.401       2.580       2.070
20160618       2.553       3.136       3.469       3.354
20160619       2.481       3.386       2.433       2.026
20160620       2.386       2.232       2.462       1.852
20160621       4.161      11.430       7.907       7.632
20160622       3.747       3.824       4.875       3.282
20160623       3.006       3.103       3.820       2.784
20160624       2.619       2.731       3.123       2.753
20160625       2.461       2.481       3.206       2.624
20160626       2.479       2.208       2.452       2.295
20160627       3.575       9.390      10.513      10.268
20160628       3.596       3.859       3.705       2.845
20160629       3.221       2.945       3.446       2.816
20160630       2.930       2.853       3.278       3.469
20160701       3.783       5.746       4.226       4.090
20160702       4.550       5.023       6.218       4.918
20160703       4.901       5.610       4.600       4.304
20160704       5.196       5.503       7.132       7.110
20160705       4.174       4.621       5.685       5.474
20160706       3.466       4.917       4.979       4.343
20160707       2.950       3.532       3.991       2.859
20160708       2.583       3.075       3.484       2.644
20160709       2.608       2.749       3.081       2.631
20160710       2.549       5.065       3.171       2.640
20160711       2.361       2.913       3.066       2.221
20160712       3.800       3.770       3.596       2.599
20160713       6.228       6.886       3.918       3.827
20160714       8.162       4.201       7.761       8.560
20160715       5.226       3.286       3.530       5.767
20160716       3.911       2.887       3.212       4.571
20160717       3.169       2.584       2.876       3.495
20160718       2.674       2.310       2.591       2.889
20160719       2.384       2.069       2.324       2.376
20160720       2.197       1.867       2.073       1.977
20160721       2.028       1.662       1.858       2.019
20160722       1.905       1.486       1.662       1.806
20160723       1.813       1.326       1.485       1.711
20160724       1.766       1.190       1.331       1.615
20160725       1.693       1.069       2.236       2.891
20160726       2.003       2.799       1.082       1.458
20160727       2.594       3.883       2.209       1.903
20160728       2.640       4.367       3.260       2.934
20160729       2.623       2.009       2.232       1.628
20160730       3.202       6.728       4.222       4.890
20160731       3.619       3.123       3.284       2.199
