date          Qobs       Qsimobs        Qsim       Qusi
20150801       3.781       5.144       5.944       6.183
20150802       4.276       1.329       1.579       1.615
20150803       3.557       1.175       1.378       2.895
20150804       2.764       1.015       1.168       2.719
20150805       2.629       2.003       1.102       2.335
20150806      13.467      71.740       3.853       4.822
20150807      16.197      10.448      35.247      11.053
20150808      10.811       7.264      10.355       7.473
20150809       7.276       3.315       6.350       6.213
20150810       5.201       1.862       2.139       2.405
20150811       4.165       1.606       1.850       3.893
20150812       8.616      19.727       3.135       5.392
20150813      16.171      15.534      12.367       9.642
20150814      14.821       2.236       8.778       8.576
20150815       9.764       1.957       2.236       3.824
20150816       6.365       1.703       1.957       7.736
20150817       4.451       1.456       1.703       5.066
20150818       3.284       1.259       1.477       3.728
20150819       2.555       1.086       1.277       2.788
20150820       2.082       0.938       1.086       2.204
20150821       1.747       0.807       0.937       1.794
20150822       1.487       0.694       0.808       1.509
20150823       1.290       0.596       0.694       1.305
20150824       1.108       0.511       0.596       1.137
20150825       0.950       0.439       0.512       0.923
20150826       0.850       0.381       0.453       0.810
20150827       0.779       0.328       0.417       0.746
20150828       4.378      70.248      21.906      29.738
20150829      32.288      47.349      48.132      16.993
20150830      37.260      17.037      40.996      31.934
20150831      19.649      10.019      13.934      13.691
20150901      13.143       1.873       8.467       9.820
20150902       9.043       1.582       1.792       3.218
20150903       6.373       1.394       1.589       7.028
20150904       4.695       1.226       1.394       5.234
20150905       3.807       5.785       3.392       8.596
20150906       3.387       3.342       3.564       3.557
20150907       3.596       7.758       5.057       4.521
20150908       6.501       1.933       5.074       3.032
20150909       8.992       2.401       3.796       3.373
20150910       8.231       1.848       2.111       4.003
20150911       6.164       1.628       1.466       6.599
20150912       4.469       1.430       1.628       5.064
20150913       3.324       1.259       1.430       3.673
20150914       2.574       1.101       1.254       2.880
20150915       2.089       0.960       1.096       2.096
20150916       1.780       0.837       0.967       1.528
20150917       1.515       0.729       0.837       1.528
20150918       1.400       0.832       1.118       1.672
20150919      12.087      61.033      23.438      30.830
20150920      39.535      29.549      43.934      25.395
20150921      31.242       7.404      20.353      18.421
20150922      18.817       1.770       6.388       9.374
20150923      15.063       2.346       1.868       4.668
20150924      14.066       1.682       1.858       9.110
20150925      15.875      22.494       4.780      20.131
20150926      31.242      29.571      20.484      21.086
20150927      61.692      45.259      31.609      33.608
20150928      43.622      14.113      27.784      33.722
20150929      23.784       2.717      11.141      15.813
20150930      20.032      12.597       6.745      12.011
20151001      68.101      74.081      20.575      29.889
20151002     196.064     242.255     162.064     159.975
20151003      84.044      64.183     171.573     134.407
20151004      46.168      31.772      59.497      53.306
20151005      29.110       8.312      24.010      22.896
20151006      17.205       3.275       7.595       8.849
20151007      11.155       2.900       3.283       6.367
20151008       7.721       2.602       2.900       8.895
20151009       5.733       2.953       2.731       5.292
20151010       4.590       2.734       2.737       4.203
20151011       3.848       2.300       2.535       4.046
20151012       3.311       2.059       2.298       3.423
20151013       2.928       1.849       2.062       3.002
20151014       2.746      10.529       5.348       6.976
20151015       2.678       2.174       6.461       2.914
20151016       3.003       9.698       2.337       1.363
20151017       5.427       7.538       6.217       3.361
20151018       7.708       6.484       4.851       3.059
20151019       8.174       2.995       4.074       3.571
20151020       7.398       2.636       2.756       3.859
20151021       6.459       2.822       4.176       8.200
20151022      11.039      34.785      21.972      34.941
20151023      20.607      29.837      27.232      18.977
20151024      21.677       9.561      19.951      15.440
20151025      17.553      23.099      11.728      13.053
20151026      24.079      28.133      21.635      19.017
20151027      33.133      41.783      36.378      32.441
20151028      24.447       7.644      25.679      24.020
20151029      14.534       3.330       7.644       8.229
20151030       9.687       2.995       3.332       6.005
20151031       7.114       3.213       5.011      11.477
20151101       8.855      21.755      10.597      17.078
20151102     109.574      76.046   -9999.000   -9999.000
20151103     135.317      79.644      67.300      64.995
20151104      64.459      57.341      63.900      73.181
20151105      38.946      15.345      40.411      39.457
20151106      21.710       3.867      13.500      15.179
20151107      14.157       3.673       4.386       6.770
20151108      12.634      11.296       6.872      12.648
20151109      11.221      13.840      10.841      13.322
20151110      10.848      26.460      13.189      12.620
20151111      21.042      34.984      28.157      20.448
20151112      39.077      47.774      28.849      20.547
20151113      32.036      19.106      33.177      32.068
20151114      18.678       4.258      17.266      16.893
20151115      11.898       3.925       4.909       6.988
20151116       8.266       3.322       3.648       7.500
20151117       6.475       8.239       3.626       6.310
20151118       5.366       3.336       3.693       4.430
20151119       4.510       3.092       3.339       4.489
20151120       3.939       3.404       3.000       3.875
20151121       3.544       3.552       3.233       3.582
20151122       3.216       2.208       2.600       2.343
20151123       3.145       5.168       3.627       6.002
20151124       3.683       5.013       3.817       2.868
20151125       4.312       2.170       7.116       3.446
20151126       7.976      32.356      22.877      31.155
20151127      60.299      96.612      57.064      34.469
20151128      90.474      86.066      59.804      51.448
20151129      37.533      18.496      69.194      68.028
20151130      18.811       5.327      18.669      14.192
20151201      12.223      23.428       6.285       6.729
20151202       9.053       8.395      20.967      16.736
20151203       9.980      36.174       9.821       7.712
20151204      10.079      15.802      18.702      12.925
20151205       8.411       4.308      12.410       8.146
20151206      11.093      48.389      22.236      16.191
20151207      31.913      85.658      23.865      22.934
20151208      31.801      19.974      42.697      25.693
20151209      24.048      18.347      26.185      19.554
20151210      27.806      30.066      21.739      21.444
20151211      21.002      32.471      20.499      23.888
20151212      19.626      38.623      14.752      16.055
20151213      16.648       8.045      23.248      13.672
20151214      11.904       6.053       8.849       7.450
20151215       9.281       5.350       7.362       7.626
20151216      14.440      45.262       5.174       8.213
20151217      19.081      11.342      26.724      20.062
20151218      19.965      19.349      26.810      20.487
20151219      48.602      35.974      35.962      33.716
20151220      47.438      38.533      53.890      60.785
20151221      51.910      44.527   -9999.000   -9999.000
20151222      66.832      45.341   -9999.000   -9999.000
20151223      45.440      21.056      33.096      43.204
20151224      25.754      18.370      17.676      23.829
20151225      19.198       9.329      13.682      14.169
20151226      23.500      32.853      12.047      11.782
20151227      17.436       8.605      15.949      17.678
20151228      11.142       3.801       7.076       6.060
20151229       7.762       3.266       3.794       5.206
20151230       5.898       8.743       4.553      10.762
20151231       5.116      16.488       6.557       6.776
20160101       5.285      10.334      11.126       6.239
20160102       4.713       5.337       8.525       4.483
20160103       2.448       2.933       4.952       3.255
20160104       2.653       2.639       2.933       1.830
20160105       2.221       2.374       2.639       2.243
20160106       1.969       2.136       2.374       1.958
20160107       1.874       1.921       2.136       1.878
20160108       1.605       1.729       1.922       1.788
20160109       1.287       1.555       1.729       1.615
20160110       1.058       1.399       1.555       1.313
20160111       0.917       1.272       1.444       1.010
20160112       0.814       1.133       1.262       0.820
20160113       0.724       1.019       1.212       0.865
20160114       0.662       0.917       1.019       0.735
20160115       0.611       0.825       0.917       0.710
20160116       0.572       1.051       0.885       0.658
20160117       0.567       1.088       1.342       0.668
20160118       0.610       7.313       3.985       2.037
20160119       0.645       3.856       2.070       0.424
20160120       0.764       5.387       2.420       0.560
20160121       0.868       3.391       4.449       1.051
20160122       0.920       1.492       1.755       0.521
20160123       0.938       1.422       1.075       0.570
20160124       0.976       1.011       1.772       1.079
20160125       1.051       1.173       1.092       0.610
20160126       1.333      20.847       2.524       1.748
20160127       2.529      19.692       9.742       2.553
20160128       4.577       7.227      12.479       3.595
20160129       5.855      14.167       7.661       3.768
20160130       7.445      41.793      10.736       6.913
20160131       7.754      12.822      22.267       9.546
20160201       6.517       4.779      10.456       4.618
20160202       5.343       2.561       5.443       3.954
20160203       4.523       2.435       2.600       3.660
20160204       4.186      12.862       3.482       4.739
20160205       3.914      10.527       6.946       3.864
20160206       3.792       6.696       7.315       3.440
20160207       3.868      12.249       7.617       4.481
20160208       4.794      21.187       4.930       4.611
20160209       5.374      18.036      12.522       5.346
20160210       4.811       3.487      10.904       5.763
20160211       4.041       2.752       3.689       1.712
20160212       3.329       2.423       2.538       2.899
20160213       2.867       1.894       2.144       2.657
20160214       2.618       1.737       2.030       2.641
20160215       2.582       2.291       2.198       2.979
20160216       2.576       3.562       2.388       2.599
20160217       2.576       1.764       1.831       1.274
20160218       2.571       6.612       1.477       2.188
20160219       2.568       1.487       3.102       2.734
20160220       2.564       1.268       1.445       1.349
20160221       2.564       2.803       1.480       2.470
20160222       2.558       1.177       1.553       2.022
20160223       2.553       1.729       1.331       1.954
20160224       2.553      12.089       3.484       3.409
20160225       2.547      16.862       9.615       3.768
20160226       2.533       4.385      10.230       3.237
20160227       2.509       2.808       3.532       1.097
20160228       2.476       4.082       2.650       1.916
20160229       2.419       4.176       3.324       1.900
20160301       2.379       1.244       2.338       1.366
20160302       2.368       1.039       1.242       1.389
20160303       2.359       0.972       1.023       1.782
20160304       2.354       0.774       1.103       2.321
20160305       2.335       0.803       1.083       2.383
20160306       2.174       0.667       1.015       2.705
20160307       1.860       0.559       0.631       1.707
20160308       1.783       0.735       0.689       1.912
20160309       1.769       0.464       0.538       1.231
20160310       1.764       0.412       0.468       1.309
20160311       1.760       0.798       0.412       1.696
20160312       1.748       0.389       0.451       1.382
20160313       1.737       1.273       0.899       2.965
20160314      11.677      64.821      28.003      42.867
20160315      48.815      45.896      38.270      13.729
20160316      51.268      28.184      33.224      34.666
20160317      44.755      25.053      27.156      32.820
20160318      48.243      30.402      19.016      30.509
20160319      38.299       6.993      17.370      31.529
20160320      37.805       6.168       7.882      12.809
20160321      39.293      12.509      10.259      31.404
20160322      28.035      11.862       9.064      24.403
20160323   -9999.000   -9999.000       9.852      20.140
20160324      13.394       4.178   -9999.000   -9999.000
20160325       9.715       2.891   -9999.000   -9999.000
20160326       8.409       5.322   -9999.000   -9999.000
20160327      10.759      28.890       7.599      12.910
20160328      23.849      42.006      22.000      16.413
20160329      30.767      45.764      34.481      27.086
20160330      41.267      37.034      34.701      25.584
20160331      28.102       8.778      26.250      24.907
20160401      17.692       4.785       8.816      10.608
20160402      12.419       8.545       5.735       9.902
20160403      14.657      32.212      12.174      23.236
20160404      19.744      29.008      23.963      18.138
20160405      21.333      20.820      24.076      17.514
20160406      23.403      27.852      20.545      19.018
20160407      23.101      23.948      25.186      23.776
20160408      23.965      16.759      19.807      19.538
20160409      20.505      23.218      14.507      15.493
20160410      15.941       4.848      15.084      14.787
20160411      12.423       5.921       5.535       6.042
20160412      10.565       6.197       5.968      10.698
20160413       9.456       8.472       5.197       9.379
20160414       8.315       3.189       5.526       6.941
20160415       7.205       5.563       3.366       4.674
20160416       6.758      13.388       4.141       6.935
20160417       7.219      17.342      10.620       7.828
20160418       9.350      17.575      13.159       8.213
20160419      15.669      39.788      25.191      15.489
20160420      19.703      14.079      24.864      14.358
20160421      24.436      72.225      27.808      23.428
20160422      29.428      67.448      55.072      34.385
20160423      21.297      16.915      44.998      25.106
20160424      14.333       4.631      15.400      10.191
20160425      10.466       4.347       5.130       4.804
20160426       8.314       3.663       4.023       8.384
20160427       7.013       3.170       3.601       5.973
20160428       6.389      12.841       4.300       7.847
20160429      10.296      35.907      13.056      10.389
20160430      24.617      24.807      26.493       9.405
20160501      32.364      27.942      24.361      20.764
20160502      33.155      21.825      23.635      27.608
20160503      32.314      25.145      20.572      31.416
20160504      33.829      20.234      24.807      31.788
20160505      27.563      17.188      18.968      29.285
20160506      22.010      18.454      17.312      26.083
20160507      20.496      17.016      17.645      21.056
20160508      21.200      15.273      16.802      17.319
20160509      20.973      12.704      15.305      15.997
20160510      22.557      14.036      14.220      16.205
20160511      20.241       5.872      11.032      15.743
20160512      15.742       7.637       6.511      11.364
20160513      14.272      14.705       9.314      17.266
20160514      16.503      29.322      14.526      16.806
20160515      18.808      14.333      20.840      15.242
20160516      16.163       4.919      10.834       8.884
20160517      13.960       6.743       6.488       9.707
20160518      13.467       3.965       5.386       9.938
20160519      11.246       4.113       4.436       9.340
20160520       8.848       3.269       3.482       8.011
20160521       9.265      16.875       8.448      15.247
20160522      14.554       8.126      11.031       8.263
20160523      14.939       8.660      10.480      11.757
20160524      13.162       7.238       7.259      11.049
20160525      10.984       4.803       6.032       7.973
20160526       9.449       3.679       4.365       7.244
20160527       8.050       4.076       3.924       7.469
20160528       6.855       5.193       4.273       8.203
20160529       6.415       5.120       4.834       7.230
20160530       6.465       4.533       5.050       6.027
20160531       5.983       3.310       4.400       4.986
20160601       5.136       2.323       3.169       3.931
20160602       4.527       1.812       2.324       3.428
20160603       3.975       1.102       1.719       3.147
20160604       3.426       0.977       1.091       2.303
20160605       2.914       0.864       0.969       2.593
20160606       2.486       0.777       0.869       2.580
20160607       2.126       0.707       0.782       2.256
20160608       1.887       1.470       1.175       2.761
20160609       1.779       4.763       1.337       1.938
20160610       1.744       1.997       2.149       1.499
20160611       1.740       1.042       1.310       1.002
20160612       1.702       0.920       1.044       1.300
20160613       1.575       0.807       0.918       1.482
20160614       1.422       0.732       0.807       1.306
20160615       1.261       0.645       0.749       1.243
20160616       1.138       0.562       0.884       1.286
20160617       1.009       0.492       0.593       0.997
20160618       0.926       0.489       0.494       0.778
20160619       0.938       5.304       1.283       2.082
20160620       1.056       5.414       7.829       3.490
20160621       1.278       3.234       4.113       1.522
20160622       1.441       1.307       1.544       0.587
20160623       1.559       1.088       1.239       1.026
20160624       1.569       0.999       1.095       1.364
20160625       1.481       1.119       1.538       1.842
20160626       1.283       0.824       0.958       1.261
20160627       1.159       1.905       0.941       1.259
20160628       1.131       7.040       1.634       1.227
20160629       1.077       1.492       2.508       0.754
20160630       0.966       1.161       1.336       0.596
20160701       0.907       1.537       1.975       1.632
20160702       0.839       1.024       1.198       0.825
20160703       0.868      14.488      12.260       8.699
20160704       1.059       4.738       9.563       1.916
20160705       1.241       1.548       3.552       0.747
20160706       1.380       1.524       1.550       0.988
20160707       1.629      13.302       1.566       1.406
20160708       2.181       1.950       7.203       2.456
20160709       2.404       1.609       1.863       0.901
20160710       2.330       1.409       1.609       2.064
20160711       2.061       1.226       1.406       1.900
20160712       1.805       1.082       1.507       2.134
20160713       1.577       1.077       1.450       1.764
20160714       1.404       2.234       1.070       1.292
20160715       1.269       1.039       1.188       0.895
20160716       1.161       0.895       1.018       1.140
20160717       1.167       3.700       1.532       1.758
20160718       1.284       2.324       3.447       1.923
20160719       1.473       1.198       1.691       1.078
20160720       1.555       1.018       1.263       1.392
20160721       1.541       0.880       1.034       1.320
20160722       1.450       0.762       0.880       1.353
20160723       1.321       0.657       2.720       4.119
20160724       1.225       0.592       0.657       1.086
20160725       1.126       0.497       0.601       1.040
20160726       1.036       0.436       0.513       0.936
20160727       1.017       9.099       4.988       8.371
20160728       1.015       0.881       1.953       0.418
20160729       1.143       2.359       2.832       2.146
20160730       1.404       4.621       8.884       6.684
20160731       1.890       3.538       3.428       1.728
