date          Qobs       Qsimobs        Qsim       Qusi
20150801       3.534       5.206       8.516       4.436
20150802       3.519       6.031       6.186       3.004
20150803       3.556       5.224       7.403       4.097
20150804       6.182       6.312       7.114       4.188
20150805      10.038      13.010      10.146       7.812
20150806       6.030       9.247      12.335      13.120
20150807       7.565      13.605       9.788       5.412
20150808       5.765       9.111      11.600       7.569
20150809       4.271       6.631       9.321       5.165
20150810       4.784       6.268       7.772       4.309
20150811       8.130       8.168       6.485       4.335
20150812       6.050       8.844       7.499       7.626
20150813       3.842       5.039       8.885       6.572
20150814       3.798       5.836       7.109       4.062
20150815       4.196       8.539       7.179       4.000
20150816       7.442      11.706       9.004       4.225
20150817       6.244       8.494      11.025       8.096
20150818       4.895       8.098       8.883       5.286
20150819       4.493       7.622       8.506       4.966
20150820       3.520       7.006       7.823       4.353
20150821       2.944       6.057       7.011       3.380
20150822       2.758       6.070       6.242       2.822
20150823       2.346       4.900       6.100       2.748
20150824       2.690       4.952       5.162       2.064
20150825       4.169       5.247       5.012       2.342
20150826       4.577       7.385       5.837       4.167
20150827       3.579       6.597       9.368       6.876
20150828       2.540       4.826       6.687       3.671
20150829       2.772       4.237       4.639       2.287
20150830       2.645       4.834       4.248       2.187
20150831       1.934       3.995       4.158       2.743
20150901       1.394       2.957       3.793       1.902
20150902       1.212       3.131       3.212       1.186
20150903       1.117       2.952       3.260       1.166
20150904       1.175       2.854       3.230       1.117
20150905       2.564       3.991       2.595       0.967
20150906       1.280       2.455       3.230       2.484
20150907       0.885       2.033       2.456       1.151
20150908       0.765       1.744       2.302       0.953
20150909       0.710       1.565       2.094       0.805
20150910       0.652       1.528       1.813       0.769
20150911       0.629       1.466       1.582       0.659
20150912       0.733       1.509       1.381       0.610
20150913       0.926       1.539       1.456       0.668
20150914       1.524       2.735       2.047       1.244
20150915       1.518       2.264       2.581       1.599
20150916       5.511       6.177       3.054       1.910
20150917       2.586       2.609       4.733       6.404
20150918       2.035       2.513       3.140       2.062
20150919       1.498       2.454       2.280       1.665
20150920       1.252       1.942       2.154       1.376
20150921       0.943       1.583       2.004       1.242
20150922       0.793       1.426       1.724       0.895
20150923       0.769       1.406       1.541       0.803
20150924       0.755       1.342       1.350       0.713
20150925       1.347       2.053       1.594       0.782
20150926       1.285       1.714       1.885       1.504
20150927       1.054       1.384       1.673       1.122
20150928       0.823       1.195       1.404       0.991
20150929       0.722       1.041       1.222       0.745
20150930       0.686       0.795       1.081       0.690
20151001       0.746       0.834       1.011       0.656
20151002       0.889       0.766       0.960       0.662
20151003       0.932       0.759       0.762       0.747
20151004       0.811       0.796       0.734       0.910
20151005       0.719       0.648       0.670       0.711
20151006       0.612       0.628       0.565       0.619
20151007       0.531       0.558       0.599       0.565
20151008       0.472       0.515       0.564       0.490
20151009       0.444       0.480       0.515       0.457
20151010       0.424       0.445       0.465       0.411
20151011       0.402       0.392       0.429       0.394
20151012       0.384       0.378       0.392       0.361
20151013       0.359       0.324       0.369       0.352
20151014       0.335       0.281       0.323       0.320
20151015       0.312       0.253       0.287       0.286
20151016       0.298       0.228       0.259       0.279
20151017       0.275       0.211       0.232       0.262
20151018       0.267       0.196       0.214       0.235
20151019       0.256       0.183       0.197       0.244
20151020       0.250       0.171       0.183       0.236
20151021       0.322       0.182       0.193       0.247
20151022       2.538       0.926       0.531       0.644
20151023       4.260       4.594       0.869       1.894
20151024       1.663       2.531       3.327       5.813
20151025       1.687       2.935       2.501       1.739
20151026       1.378       2.123       2.725       1.825
20151027       1.273       2.024       2.302       1.236
20151028       0.964       1.701       2.303       1.264
20151029       0.771       1.416       1.856       0.968
20151030       0.762       1.223       1.780       0.759
20151031       3.387       2.075       2.000       0.884
20151101       5.067       2.914       2.207       2.905
20151102       3.077       2.900   -9999.000   -9999.000
20151103       1.970       2.327       2.862       3.196
20151104       1.508       2.622       2.267       2.001
20151105       1.157       2.087       1.988       1.429
20151106       0.894       1.866       1.726       1.152
20151107       4.256       2.218       2.152       1.072
20151108       2.223       2.206       2.130       2.404
20151109       2.179       2.702       1.972       2.662
20151110       2.041       2.758       2.480       2.123
20151111       1.930       3.051       2.645       2.136
20151112       1.781       2.569       2.665       1.846
20151113       1.625       2.407       2.345       1.650
20151114       1.489       2.035       2.323       1.492
20151115       1.816       1.968       2.011       1.344
20151116       1.193       1.524       1.903       1.566
20151117       1.115       1.362       1.547       1.115
20151118       0.901       1.160       1.373       0.978
20151119       0.746       0.958       1.146       0.829
20151120       0.608       0.805       0.958       0.677
20151121       0.516       0.674       0.805       0.556
20151122       0.455       0.564       0.674       0.436
20151123       0.544       0.472       0.564       0.388
20151124       0.555       0.400       0.476       0.435
20151125       0.492       0.339       0.399       0.474
20151126       0.475       0.284       0.352       0.412
20151127       6.453       0.431       0.337       0.520
20151128       7.010       0.754       0.486       2.859
20151129       3.777       0.486       0.583       6.665
20151130       2.131       0.465       0.466       2.976
20151201       1.437       0.454       0.418       1.751
20151202       1.243       0.402       0.472       1.394
20151203       1.241       0.427       0.393       1.028
20151204       0.974       0.376       0.496       1.028
20151205       3.740       0.451       0.474       0.970
20151206       2.608       1.571       0.485       2.992
20151207       1.506       1.687       0.859       2.470
20151208       1.264       0.729       1.487       2.127
20151209       2.224       1.870       0.761       0.849
20151210       2.875       3.003       1.002       2.241
20151211       1.755       1.351       2.231       2.216
20151212       1.222       0.921       1.295       0.964
20151213       0.905       0.759       0.889       1.006
20151214       0.762       0.653       0.759       0.789
20151215       0.667       0.562       0.653       0.664
20151216       0.585       0.484       0.566       0.593
20151217       1.066       0.422       0.771       0.594
20151218       4.475       0.632       0.682       0.941
20151219       5.315       1.180       1.299       5.457
20151220      12.387       4.530       2.353       7.072
20151221       8.720       8.083   -9999.000   -9999.000
20151222       5.219       4.093   -9999.000   -9999.000
20151223       3.610       2.410       3.307       3.131
20151224       2.589       3.354       2.372       2.513
20151225       2.561       6.957       2.448       2.058
20151226       1.568       2.292       3.391       2.382
20151227       1.138       1.777       2.199       0.890
20151228       0.987       1.507       1.777       0.978
20151229       0.900       1.278       1.507       0.847
20151230       0.864       1.413       1.288       0.841
20151231       0.917       5.398       1.287       0.854
20160101       0.791       4.458       3.030       1.486
20160102       0.672       2.425       3.257       0.699
20160103       0.457       2.038       2.411       0.633
20160104       0.483       1.723       2.038       0.450
20160105       0.458       1.456       1.723       0.488
20160106       0.465       1.229       1.456       0.450
20160107       0.465       1.034       1.229       0.448
20160108       0.465       0.877       1.034       0.436
20160109       0.465       0.744       0.877       0.402
20160110       0.465       0.631       0.744       0.422
20160111       0.465       0.535       0.631       0.396
20160112       0.465       0.454       0.535       0.384
20160113       0.465       0.388       0.455       0.429
20160114       0.465       0.332       0.388       0.402
20160115       0.465       0.284       0.332       0.406
20160116       0.465       0.244       0.284       0.382
20160117       0.465       0.212       0.244       0.374
20160118       0.465       0.188       0.212       0.372
20160119       0.465       0.169       0.188       0.378
20160120       0.465       0.163       0.169       0.406
20160121       0.465       0.160       0.163       0.410
20160122       0.465       0.156       0.160       0.446
20160123       0.465       0.153       0.181       0.504
20160124       0.465       0.275       0.203       0.549
20160125       0.465       0.342       0.336       0.715
20160126       0.465       0.994       0.316       0.556
20160127       0.642       1.488       0.756       0.586
20160128       0.605       0.868       0.949       0.649
20160129       0.777       0.872       0.845       0.609
20160130       0.591       2.609       0.836       0.647
20160131       0.487       0.954       1.997       0.574
20160201       0.416       0.795       0.931       0.342
20160202       0.394       0.761       0.797       0.403
20160203       0.352       0.640       0.773       0.368
20160204       0.324       0.558       0.641       0.330
20160205       0.310       0.474       0.563       0.298
20160206       0.320       0.470       0.503       0.309
20160207       0.332       0.463       0.501       0.296
20160208       0.384       0.702       0.462       0.281
20160209       0.343       0.647       0.534       0.432
20160210       0.319       0.529       0.575       0.349
20160211       0.284       0.434       0.538       0.288
20160212       0.247       0.376       0.434       0.264
20160213       0.234       0.326       0.376       0.208
20160214       0.372       0.284       0.326       0.220
20160215       0.465       0.248       0.284       0.298
20160216       0.498       0.217       0.248       0.248
20160217       0.498       0.191       0.217       0.217
20160218       0.496       0.185       0.190       0.190
20160219       0.495       0.162       0.189       0.180
20160220       0.497       0.192       0.162       0.162
20160221       0.496       0.189       0.154       0.186
20160222       0.484       0.191       0.157       0.179
20160223       0.271       0.163       0.173       0.162
20160224       0.187       0.137       0.169       0.169
20160225       0.190       0.128       0.137       0.137
20160226       0.194       0.122       0.128       0.143
20160227       0.197       0.115       0.120       0.134
20160228       0.196       0.108       0.115       0.118
20160229       0.192       0.106       0.108       0.108
20160301       0.189       0.104       0.106       0.106
20160302       0.190       0.115       0.104       0.104
20160303       0.187       0.101       0.102       0.102
20160304       0.185       0.099       0.101       0.101
20160305       0.183       0.109       0.099       0.114
20160306       0.179       0.096       0.110       0.101
20160307       0.175       0.094       0.096       0.096
20160308       0.168       0.092       0.094       0.094
20160309       0.170       0.089       0.092       0.092
20160310       0.166       0.087       0.090       0.090
20160311       0.165       0.086       0.088       0.088
20160312       0.164       0.084       0.086       0.086
20160313       0.165       0.094       0.084       0.084
20160314       0.195       0.097       0.121       0.126
20160315       0.301       0.153       0.136       0.275
20160316       0.541       0.189       0.293       0.578
20160317       0.594       0.240       0.218       0.531
20160318       0.508       0.339       0.205       0.639
20160319       0.432       0.237       0.275       0.504
20160320       0.348       0.205       0.237       0.358
20160321       0.309       0.177       0.205       0.300
20160322       0.298       0.190       0.185       0.297
20160323   -9999.000   -9999.000       0.180       0.282
20160324       0.259       0.206   -9999.000   -9999.000
20160325       0.246       0.195   -9999.000   -9999.000
20160326       0.263       0.169   -9999.000   -9999.000
20160327       0.661       0.546       0.240       0.314
20160328       0.549       1.097       0.452       0.920
20160329       0.594       1.724       0.826       0.894
20160330       0.453       1.029       1.200       0.724
20160331       0.348       0.857       1.014       0.454
20160401       0.301       0.726       0.857       0.316
20160402       0.296       0.654       0.751       0.285
20160403       0.305       0.543       0.642       0.278
20160404       0.404       0.495       0.550       0.278
20160405       0.881       0.658       0.626       0.384
20160406       0.940       0.626       0.649       0.885
20160407       0.843       0.547       0.595       0.869
20160408       0.710       0.460       0.529       0.713
20160409       0.579       0.388       0.455       0.600
20160410       0.546       0.331       0.388       0.468
20160411       0.557       0.283       0.331       0.426
20160412       0.590       0.241       0.282       0.460
20160413       0.582       0.205       0.240       0.486
20160414       0.536       0.218       0.206       0.468
20160415       0.456       0.207       0.204       0.533
20160416       0.407       0.169       0.197       0.414
20160417       0.384       0.148       0.169       0.334
20160418       0.428       0.176       0.148       0.346
20160419       0.409       0.173       0.192       0.508
20160420       0.386       0.217       0.177       0.352
20160421       0.374       0.239       0.187       0.454
20160422       0.350       0.178       0.231       0.364
20160423       0.326       0.169       0.179       0.305
20160424       0.310       0.139       0.155       0.278
20160425       0.301       0.125       0.139       0.262
20160426       0.280       0.111       0.125       0.274
20160427       0.285       0.101       0.113       0.250
20160428       0.314       0.092       0.103       0.254
20160429       0.327       0.142       0.111       0.336
20160430       0.314       0.142       0.118       0.385
20160501       0.321       0.225       0.128       0.324
20160502       0.364       0.291       0.189       0.439
20160503       0.746       0.931       0.416       0.624
20160504       0.746       0.626       0.691       1.030
20160505       0.814       1.026       0.690       0.722
20160506       0.984       1.636       1.049       1.073
20160507       1.672       2.971       1.696       1.353
20160508       4.170       6.123       3.546       2.426
20160509       5.116       9.847       5.908       5.736
20160510       5.651      12.201       8.549       6.251
20160511       5.790      11.746      11.162       6.597
20160512       5.689      11.989      10.751       6.005
20160513       4.516       6.436       8.605       4.812
20160514       3.218       3.445       4.971       2.888
20160515       2.542       2.927       3.437       2.429
20160516       2.410       2.586       2.920       2.332
20160517       2.653       2.873       2.599       2.199
20160518       2.622       2.713       2.675       2.723
20160519       3.080       2.391       2.673       2.641
20160520       5.213       4.320       2.762       3.035
20160521       6.921       4.013       3.940       5.886
20160522      12.048       9.832       4.968       7.190
20160523      10.924      12.521       8.423      15.859
20160524       9.511       9.659      10.554      10.492
20160525       7.820      10.307       8.974       8.171
20160526       6.848      11.244       9.755       8.252
20160527       7.041      13.128      11.707       7.886
20160528       8.674      17.344      13.877       8.175
20160529      10.475      11.550      14.611       8.456
20160530      16.287      13.250      12.769       7.819
20160531      24.526      16.782      14.713      14.628
20160601      18.462      19.670      17.797      25.892
20160602      16.672      21.455      21.690      21.410
20160603      14.027      21.632      21.907      16.056
20160604      11.216      22.552      21.793      13.252
20160605       8.306      21.412      22.176      11.416
20160606       8.445      21.623      21.953       8.899
20160607      10.136      21.336      21.011       7.940
20160608       8.524      18.805      20.002       8.447
20160609       5.616      11.709      16.103       8.353
20160610       4.648       9.173      10.897       4.542
20160611       4.272       8.915       9.744       4.490
20160612       4.462      10.608       9.861       4.240
20160613       4.920      11.419      11.104       5.216
20160614       5.123      11.881      11.768       5.399
20160615       6.515      14.346      13.467       6.132
20160616       7.752      12.248      13.816       6.585
20160617       6.170      12.071      12.777       7.170
20160618       6.585      12.727      12.376       6.571
20160619       5.971      10.681      12.567       6.031
20160620       6.703       6.523       9.684       5.246
20160621       8.343      10.770       8.823       4.627
20160622       5.840       7.844       8.618       8.800
20160623       5.665       8.532       8.631       5.239
20160624       7.499       9.447       9.492       6.026
20160625       8.411      13.375      10.295       6.659
20160626      10.892       9.354      12.526       9.488
20160627      10.130      12.964      11.284       7.629
20160628       6.352       8.348      12.636       9.697
20160629       4.954       5.597       7.812       4.592
20160630       6.316       7.491       6.662       4.166
20160701       5.500       7.321       8.472       7.630
20160702       5.831       8.282       8.010       5.659
20160703       4.964       6.885       8.429       5.704
20160704       3.989       4.599       6.649       4.274
20160705       3.600       4.836       5.025       3.462
20160706       3.366       6.024       4.864       3.208
20160707       2.721       4.212       5.355       3.086
20160708       2.685       3.858       4.441       2.367
20160709       3.763       4.989       4.930       3.059
20160710       3.986       4.116       4.595       3.187
20160711       5.603       7.478       6.186       5.296
20160712       3.934       5.517       6.653       5.421
20160713       3.751       6.771       5.774       3.745
20160714       3.105       7.671       5.768       4.199
20160715       2.480       5.296       5.269       2.999
20160716       3.638       5.538       5.424       2.133
20160717       6.197       3.774       5.514       2.683
20160718       4.617       3.790       3.809       4.383
20160719       2.898       3.250       3.835       4.176
20160720       3.682       4.680       3.595       2.854
20160721       3.606       4.041       4.843       4.205
20160722       3.111       3.774       4.447       3.312
20160723       2.858       4.508       4.044       3.037
20160724       1.972       3.195       4.045       2.711
20160725       2.199       3.187       3.307       1.829
20160726       3.816       4.055       4.250       2.752
20160727       3.596       2.997       3.790       3.404
20160728       7.817       6.281       4.013       3.109
20160729       4.030       3.546       4.976       7.591
20160730       4.377       4.746       4.141       3.362
20160731       2.538       3.723       4.005       3.775
