date          Qobs       Qsimobs        Qsim       Qusi
20150801       8.828       9.536      11.460       9.260
20150802      10.072      13.795      10.984       8.890
20150803      11.106      10.593      14.941      11.185
20150804       9.220       7.944      10.994       9.978
20150805      31.056      37.243      11.442      10.608
20150806      24.384      23.541      25.957      29.663
20150807      17.337      17.293      22.310      21.597
20150808      15.960      15.183      21.726      18.038
20150809      12.819      11.635      14.801      13.358
20150810      10.880      10.203      12.641      11.198
20150811       9.901       8.371       9.800       8.463
20150812       9.573       7.509       8.416       9.084
20150813       8.373       6.423       7.491       8.425
20150814       7.558       5.996       6.415       7.499
20150815       6.942       5.875       5.993       7.076
20150816       6.427       5.759       5.875       6.762
20150817       6.020       5.650       5.759       6.440
20150818       5.402       5.539       5.647       6.031
20150819       4.579       5.427       5.537       5.582
20150820       3.630       5.319       5.427       4.793
20150821       3.435       5.212       5.319       3.550
20150822       3.233       5.111       5.212       3.370
20150823       3.040       5.007       5.110       3.149
20150824       2.948       4.907       5.007       2.961
20150825       3.853       7.408       4.915       2.968
20150826       9.660      20.115       8.503       4.869
20150827      17.947      26.830      17.366      13.834
20150828      22.494      29.407      24.469      18.857
20150829      12.893      18.391      24.904      21.372
20150830       9.045      14.230      18.786      12.148
20150831       7.165      11.709      14.265       9.017
20150901       6.153       9.086      11.003       6.668
20150902      11.037      17.431       8.543       5.029
20150903      22.985      30.709      17.223      12.478
20150904      15.574      20.186      24.458      24.536
20150905      13.962      25.658      22.902      17.236
20150906      12.861      16.969      22.683      14.045
20150907       9.687      13.368      16.802      12.058
20150908       8.111      10.465      13.032       9.049
20150909       7.019       8.248      10.236       7.035
20150910       6.220       6.825       8.260       5.494
20150911       5.681       5.998       6.833       5.204
20150912       5.452       5.510       5.998       4.905
20150913       5.696       5.950       5.659       5.230
20150914       6.275       6.084       5.677       5.249
20150915       8.049       6.227       5.836       6.098
20150916      22.913      24.418      11.690      11.590
20150917      26.900      16.552      20.850      28.121
20150918      37.226      32.067      24.862      26.767
20150919      24.508      19.476      25.401      34.394
20150920      16.997      14.906      19.097      20.494
20150921      14.075      14.270      14.977      13.545
20150922      13.152      12.515      12.621      12.027
20150923      21.811      24.173      14.563      14.853
20150924      18.921      14.877      17.993      18.966
20150925      22.696      20.268      17.834      17.659
20150926      18.008      13.171      17.642      19.965
20150927      13.686      10.236      13.027      14.368
20150928      11.368       8.192      10.215      10.463
20150929      10.046       6.960       8.199       9.169
20150930       9.159       5.521       6.956       8.536
20151001       8.511       5.426       6.271       8.372
20151002       7.957       5.313       5.828       8.005
20151003       7.324       5.229       5.313       7.677
20151004       6.877       5.506       5.220       7.353
20151005       6.508       5.406       5.118       6.795
20151006       6.227       5.340       5.041       6.463
20151007       5.974       5.245       5.319       6.189
20151008       5.661       5.130       5.232       5.912
20151009       5.593       5.234       5.213       5.564
20151010       5.692       5.026       5.211       5.534
20151011       5.481       4.942       5.049       5.508
20151012       5.166       4.828       4.938       5.327
20151013       4.947       4.736       4.852       5.132
20151014       4.642       4.652       4.750       4.920
20151015       4.351       4.561       4.647       4.509
20151016       4.135       4.474       4.575       4.377
20151017       3.960       4.389       4.496       4.149
20151018       3.831       4.305       4.412       3.941
20151019       3.716       4.227       4.336       3.830
20151020       3.640       4.154       4.230       3.652
20151021       3.708       4.072       4.193       3.793
20151022       4.104       4.533       4.303       3.869
20151023       4.517       4.097       4.246       3.695
20151024       4.155       4.018       4.094       4.508
20151025       4.868       4.133       4.259       4.806
20151026       4.569       3.941       4.175       4.491
20151027       4.063       3.867       3.988       4.481
20151028       3.797       3.806       3.874       3.916
20151029       3.684       3.737       3.799       3.784
20151030       3.483       3.666       3.737       3.700
20151031       3.890       3.904       3.723       3.367
20151101       4.597       4.132       3.706       3.485
20151102       4.254       3.686   -9999.000   -9999.000
20151103       3.817       3.617       3.649       4.333
20151104       3.520       3.511       3.613       3.922
20151105       3.247       3.443       3.547       3.433
20151106       3.167       3.387       3.483       3.314
20151107       7.318      10.823       5.936       4.243
20151108       9.040      10.603       8.272       4.255
20151109      10.822      10.305      10.680       9.767
20151110       8.834       6.361      10.680       9.905
20151111       5.677       4.244       6.879       6.792
20151112       4.862       3.844       4.253       4.128
20151113       4.386       3.927       3.867       4.487
20151114       4.410       4.087       4.040       4.359
20151115       4.196       3.682       3.855       4.204
20151116       3.709       3.571       3.688       3.976
20151117       3.730       4.363       3.976       4.002
20151118       3.889       3.637       3.979       3.454
20151119       3.186       3.482       3.610       3.742
20151120       2.898       3.344       3.456       2.896
20151121       2.663       3.243       3.338       2.932
20151122       2.668       3.163       3.242       2.590
20151123       2.820       3.099       3.166       2.663
20151124       3.096       3.089       3.155       2.840
20151125       3.396       3.045       3.060       3.035
20151126       2.897       2.950       3.057       3.221
20151127       3.177       2.958       4.043       3.633
20151128       4.684       9.797       3.192       3.255
20151129       4.941       4.775       6.822       5.799
20151130       4.535       3.537       4.604       3.364
20151201       4.060       3.215       3.429       3.367
20151202       3.773       3.085       3.237       3.866
20151203       3.688       3.125       3.158       3.712
20151204       3.647       4.071       3.311       3.931
20151205       3.893       4.166       4.873       3.766
20151206       4.271       6.721       3.812       3.596
20151207       3.964       6.714       4.168       3.912
20151208       3.657       3.830       6.050       6.108
20151209       5.428       4.080       4.258       2.992
20151210       7.061       4.196       3.784       4.471
20151211       6.485       6.233       3.667       6.280
20151212       5.264       3.887       4.834       6.487
20151213       4.349       3.354       3.903       4.351
20151214       3.704       3.161       3.353       3.854
20151215       3.384       3.100       3.159       3.522
20151216       3.183       3.123       3.099       3.404
20151217       3.293       3.255       3.068       3.357
20151218       3.639       3.731       3.183       3.322
20151219       3.813       3.708       3.616       3.338
20151220       5.036       3.416       5.629       6.432
20151221       9.335      11.227   -9999.000   -9999.000
20151222       8.900       7.330   -9999.000   -9999.000
20151223       7.075       4.981       6.824       7.512
20151224       6.077       3.548       5.160       5.386
20151225       8.447      12.137       4.091       5.412
20151226       8.263       6.043      10.119       9.622
20151227       5.986       3.873       6.006       6.300
20151228       5.063       3.572       3.937       4.236
20151229       4.576       3.492       3.569       4.747
20151230       4.305       3.437       3.546       4.554
20151231       4.300       3.606       3.565       4.395
20160101       4.355       3.639       3.640       4.149
20160102       4.272       3.788       3.619       4.268
20160103       4.115       3.414       3.588       3.928
20160104       3.985       3.210       3.363       3.957
20160105       3.886       3.116       3.217       3.822
20160106       3.754       3.019       3.100       3.608
20160107       3.649       2.954       3.012       3.598
20160108       3.619       2.891       2.935       3.547
20160109       3.663       2.838       2.886       3.462
20160110       3.666       3.079       2.905       3.482
20160111       3.704       4.556       3.331       3.857
20160112       3.743       3.419       3.253       3.576
20160113       3.667       3.173       3.370       3.403
20160114       3.562       2.782       3.020       3.189
20160115       3.506       2.633       2.770       3.431
20160116       3.477       2.530       2.635       3.248
20160117       3.482       2.446       2.521       3.457
20160118       3.554       2.386       2.445       3.261
20160119       3.626       2.345       2.389       3.585
20160120       3.661       2.284       2.340       3.526
20160121       3.703       2.242       2.290       3.530
20160122       3.829       2.195       2.237       3.419
20160123       3.832       2.217       2.202       3.602
20160124       3.711       2.144       2.176       3.852
20160125       3.693       2.120       2.130       3.506
20160126       3.635       2.067       2.121       3.649
20160127       3.673       2.773       2.357       3.768
20160128       3.396       2.701       2.723       3.721
20160129       3.210       2.164       2.415       2.994
20160130       3.110       2.904       2.618       3.351
20160131       3.080       2.059       2.250       2.898
20160201       3.084       1.945       2.044       2.933
20160202       3.107       2.333       2.108       3.184
20160203       3.120       2.033       2.106       2.905
20160204       3.107       1.861       1.968       2.891
20160205       3.115       1.794       1.858       2.883
20160206       3.260       2.188       2.016       3.633
20160207       3.565       2.681       2.315       3.618
20160208       3.920       5.030       2.628       3.672
20160209       4.210       2.947       4.070       5.790
20160210       4.199       2.215       2.544       2.749
20160211       3.871       1.916       2.152       3.569
20160212       3.607       1.779       1.919       3.465
20160213       3.494       1.695       1.825       3.247
20160214       3.583       1.655       1.717       3.156
20160215       3.837       1.596       1.645       3.357
20160216       4.033       1.565       1.597       1.600
20160217       4.021       1.542       1.568       1.567
20160218       3.779       1.497       1.605       1.602
20160219       3.744       1.464       1.509       1.511
20160220       3.889       1.731       1.662       1.662
20160221       3.848       1.903       1.939       1.916
20160222       3.739       1.503       1.730       1.690
20160223       3.744       1.415       1.533       1.531
20160224       3.673       1.373       1.423       1.420
20160225       3.677       1.322       1.370       1.370
20160226       3.683       1.323       1.338       1.337
20160227       3.695       1.294       1.319       1.318
20160228       3.749       1.245       1.270       1.269
20160229       3.782       1.220       1.244       1.245
20160301       3.735       1.193       1.222       1.219
20160302       3.990       1.668       1.499       1.499
20160303       3.983       1.743       1.670       1.633
20160304       3.732       1.780       1.682       1.646
20160305       3.647       2.132       1.855       1.822
20160306       3.468       1.493       1.663       1.614
20160307       3.331       1.468       1.548       1.541
20160308       3.169       1.224       1.424       1.408
20160309       3.055       1.097       1.210       1.205
20160310       2.968       1.046       1.106       1.108
20160311       2.888       1.006       1.046       1.044
20160312       2.824       0.984       1.005       1.006
20160313       2.805       0.955       0.981       0.978
20160314       2.894       0.966       1.095       1.007
20160315       3.422       0.982       1.757       0.996
20160316       3.799       1.000       1.506       1.072
20160317       3.709       1.027       1.673       1.298
20160318       3.646       2.442       1.019       0.920
20160319       3.558       1.135       1.512       1.520
20160320       3.444       1.111       1.189       1.132
20160321       3.305       0.980       1.084       1.122
20160322       3.276       0.974       0.985       0.987
20160323   -9999.000   -9999.000       1.044       1.044
20160324       3.087       1.094   -9999.000   -9999.000
20160325       3.098       1.063   -9999.000   -9999.000
20160326       3.049       1.043   -9999.000   -9999.000
20160327       3.186       2.327       1.211       1.874
20160328       3.667       3.579       1.852       4.354
20160329       4.152       4.945       5.141       6.596
20160330       4.931       3.596       4.373       6.535
20160331       4.639       2.272       3.200       3.172
20160401       4.235       1.720       2.294       2.292
20160402       4.084       1.538       1.862       1.906
20160403       3.917       1.366       1.625       2.168
20160404       3.880       1.666       2.197       2.304
20160405       4.374       2.142       3.526       2.508
20160406       5.580       1.831       3.017       2.309
20160407       6.514       2.062       2.647       2.490
20160408       6.601       1.776       1.709       1.736
20160409       6.199       1.574       1.687       1.780
20160410       5.615       1.393       1.465       1.570
20160411       5.467       2.387       1.397       1.384
20160412       5.289       2.450       1.788       1.881
20160413       5.315       3.138       2.161       2.142
20160414       5.100       3.426       2.451       3.096
20160415       4.953       2.467       3.490       4.312
20160416       5.025       2.162       3.761       2.835
20160417       5.136       3.299       2.378       2.119
20160418       5.189       4.605       2.771       3.133
20160419       5.593       7.487       3.575       4.527
20160420       6.051      10.963       5.633       6.539
20160421       6.425       9.851       8.347       9.376
20160422       7.125      12.092       8.568       6.043
20160423       6.777       7.164       9.866       6.869
20160424       6.336       4.967       7.194       5.067
20160425       6.033       3.283       5.024       4.414
20160426       5.835       2.625       3.300       4.053
20160427       5.658       2.387       2.468       4.202
20160428       5.721       2.715       2.444       5.374
20160429       5.717       3.200       2.889       8.571
20160430       6.049       5.834       3.424       7.691
20160501       8.642       7.019       6.344       9.213
20160502       8.806       5.036       5.137       6.354
20160503       9.454       8.876       6.789      10.630
20160504      13.059      11.170      10.449      15.497
20160505      15.208      19.313      11.705      15.337
20160506      17.818      27.084      19.631      22.116
20160507      22.473      34.759      25.220      21.645
20160508      30.823      54.412      34.027      25.451
20160509      41.181      80.693      52.664      41.182
20160510      50.192      86.360      74.290      47.855
20160511      56.291      67.621      74.672      45.539
20160512      58.383      56.664      61.458      46.279
20160513      62.048      55.654      54.000      49.285
20160514      51.042      31.027      44.521      52.589
20160515      42.210      28.779      30.740      35.465
20160516      39.137      26.241      27.484      38.633
20160517      40.443      27.235      26.435      35.778
20160518      40.936      29.292      26.681      40.846
20160519      51.945      35.349      32.175      47.826
20160520      75.145      33.665      34.984      50.340
20160521      95.602      56.701      37.454      67.458
20160522     102.887      40.425      50.994      94.999
20160523     169.658     103.246      56.119     108.845
20160524     135.705      78.286      79.254     155.446
20160525      88.821      41.158      59.642      93.725
20160526      63.279      31.230      39.950      61.343
20160527      48.374      27.535      31.640      51.648
20160528      43.443      24.700      28.613      41.581
20160529      40.322      22.367      25.397      38.297
20160530      37.314      23.281      23.635      36.722
20160531      30.212      16.883      22.704      31.828
20160601      24.669      13.962      17.103      24.397
20160602      20.916      11.713      15.020      20.507
20160603      18.073      10.032      11.917      16.965
20160604      15.442       8.340      10.687      14.399
20160605      13.163       7.251       8.291      13.399
20160606      11.531       6.385       7.211      11.779
20160607      10.449       5.730       6.384      10.322
20160608       9.250       5.387       5.728       9.688
20160609       8.213       4.993       5.353       8.939
20160610       7.573       4.673       4.990       7.156
20160611       7.074       4.360       4.675       7.351
20160612       6.905       4.289       4.360       6.834
20160613       6.864       4.287       4.343       6.602
20160614       6.586       4.784       4.335       6.301
20160615       6.060       4.188       4.336       6.135
20160616       8.187      11.576       8.514      11.065
20160617       7.617       5.652       8.768       7.971
20160618       7.249       8.290       6.302       6.386
20160619       6.225       4.921       6.887       6.431
20160620       5.728       4.416       5.149       5.162
20160621      10.571      15.585       7.297       7.948
20160622       8.630       7.317       9.915      10.141
20160623       6.818       5.257       7.315       6.455
20160624       6.045       4.619       5.260       5.020
20160625       7.544      11.694       9.095      10.348
20160626       6.706       5.614       8.982       7.869
20160627       8.230      12.581       7.816       6.584
20160628       7.521       8.745      10.912       9.168
20160629       6.836       8.621       9.844       7.499
20160630       7.345       7.310       8.322       6.175
20160701      13.062      12.937      13.057      10.811
20160702      12.695      15.120      12.255      13.338
20160703      13.095      12.543      15.447      14.989
20160704      10.953       8.629      14.364      12.567
20160705      10.020       7.599       8.814       9.127
20160706      10.954       7.064       8.575       9.335
20160707       8.859       5.441       6.677       9.048
20160708       7.608       5.027       5.441       7.797
20160709       8.273       6.696       5.027       7.155
20160710       9.775       7.701       6.378       7.292
20160711      15.738      20.771       7.040      10.036
20160712      14.466      13.556      14.122      13.783
20160713      13.261      10.638      18.601      17.911
20160714      11.395       9.704      11.303      11.162
20160715       9.826       7.081       9.208       9.477
20160716       8.960       7.032       7.288       8.021
20160717       8.167       5.866       6.771       7.421
20160718       7.567       5.428       6.224       7.357
20160719       7.271       5.127       5.799       7.204
20160720       6.928       5.111       5.130       7.035
20160721       6.488       4.962       5.095       6.769
20160722       6.072       4.908       4.962       6.626
20160723       5.904       4.954       4.884       5.763
20160724       5.800       4.779       6.857       7.709
20160725       5.719       4.842       4.793       5.401
20160726       6.936       8.859       5.252       5.924
20160727       8.426       7.753      10.486       9.799
20160728       9.608      11.430       7.499       7.825
20160729       9.120       6.614      10.484      10.028
20160730      12.180      20.653       7.550       8.594
20160731      14.072      15.890      17.305      11.585
