date          Qobs       Qsimobs        Qsim       Qusi
20150801      61.686      51.704      57.581      59.041
20150802      58.881      73.198      55.166      58.566
20150803      55.027      58.279      63.133      64.686
20150804      50.451      56.528      59.714      53.369
20150805      72.738      98.753      67.940      58.245
20150806      82.534      68.407      78.227      70.266
20150807      77.322      70.673      72.734      74.876
20150808      77.985      62.731      63.992      68.817
20150809      71.320      55.611      61.239      70.814
20150810      63.338      50.900      55.753      66.660
20150811      61.156      52.135      51.514      58.675
20150812      68.034      61.635      50.744      58.587
20150813      65.747      46.341      54.625      65.063
20150814      58.855      44.416      47.560      57.033
20150815      51.437      45.295      45.684      57.446
20150816      52.495      71.669      47.432      53.632
20150817      75.835      79.867      60.340      55.819
20150818      87.163      58.669      66.656      66.254
20150819      77.139      51.387      57.996      74.043
20150820      65.202      47.002      51.524      68.578
20150821      56.854      42.077      46.952      61.397
20150822      50.792      37.378      41.948      51.698
20150823      46.936      33.105      37.226      50.519
20150824      43.768      30.679      33.141      42.943
20150825      46.006      39.061      34.120      44.694
20150826      60.994      51.007      42.388      55.505
20150827      81.791      54.143      59.819      76.286
20150828      85.563      56.810      50.790      74.769
20150829      69.790      52.920      50.169      85.177
20150830      58.681      47.808      52.925      72.099
20150831      51.030      38.053      50.818      56.822
20150901      45.212      34.311      45.508      46.779
20150902      58.404      60.300      44.531      50.438
20150903      90.105      51.260      52.725      57.324
20150904      77.579      41.282      47.073      80.933
20150905      64.285      45.220      41.563      71.422
20150906      53.518      38.109      42.350      64.029
20150907      44.167      36.042      38.026      50.229
20150908      37.067      32.597      34.607      41.982
20150909      31.624      29.466      31.377      35.246
20150910      27.447      26.933      29.874      30.660
20150911      24.253      24.610      27.113      26.053
20150912      22.121      23.143      24.656      22.531
20150913      22.661      32.342      24.595      22.402
20150914      26.197      31.383      38.870      29.263
20150915      40.939      32.711      39.542      25.943
20150916      66.209      57.395      36.001      41.445
20150917      76.480      41.703      46.964      76.527
20150918      83.094      47.613      42.890      67.090
20150919      69.297      41.648      43.046      77.207
20150920      56.357      39.230      40.794      63.139
20150921      46.968      35.434      38.404      53.704
20150922      40.194      32.760      35.073      43.430
20150923      36.594      35.737      33.754      39.249
20150924      33.962      30.748      33.654      35.605
20150925      32.096      43.445      32.843      33.951
20150926      30.966      50.701      38.737      35.570
20150927      28.720      42.504      45.314      34.386
20150928      26.826      38.513      42.082      27.053
20150929      25.169      34.753      37.736      24.560
20150930      23.265      21.624      34.002      24.087
20151001      21.494      20.502      31.342      22.023
20151002      20.207      18.312      29.096      20.828
20151003      17.879      18.666      18.209      18.498
20151004      16.572      20.117      17.778      17.242
20151005      15.426      18.120      16.224      15.402
20151006      14.447      16.959      14.954      14.315
20151007      13.755      16.121      16.654      13.528
20151008      13.425      14.478      15.834      13.171
20151009      13.361      13.882      14.760      12.614
20151010      13.237      13.285      14.080      12.852
20151011      13.106      12.906      13.293      13.001
20151012      12.880      12.786      12.906      12.953
20151013      12.533      12.279      12.643      12.599
20151014      12.112      12.008      12.391      12.358
20151015      11.477      11.965      12.005      11.834
20151016      10.751      11.921      11.967      11.715
20151017      10.090      11.879      11.925      10.857
20151018       9.487      11.837      11.972      10.375
20151019       8.945      11.794      11.840      10.126
20151020       8.482      11.759      11.799       8.984
20151021       8.166      11.740      12.021       8.797
20151022       8.171      17.023      12.970       8.851
20151023       8.806      35.497      18.620      11.361
20151024      10.110      25.343      27.723      10.922
20151025      12.134      32.002      25.226       9.003
20151026      13.838      26.886      28.866      12.094
20151027      15.675      24.027      26.724      12.339
20151028      17.300      21.195      23.547      13.851
20151029      17.569      18.804      21.216      15.497
20151030      16.903      16.632      19.625      16.744
20151031      16.453      19.980      19.775      18.026
20151101      17.381      22.454      19.464      17.099
20151102      18.762      20.250   -9999.000   -9999.000
20151103      18.491      18.804      19.995      17.569
20151104      18.333      15.337      18.470      17.121
20151105      18.173      13.983      16.573      16.738
20151106      18.029      13.611      15.185      16.436
20151107      20.772      17.760      15.621      19.422
20151108      27.698      32.241      16.577      19.643
20151109      30.624      27.308      16.368      24.680
20151110      28.818      24.882      27.855      28.962
20151111      28.023      27.749      25.144      26.879
20151112      27.578      27.641      25.100      25.180
20151113      26.780      26.675      26.926      24.866
20151114      25.087      21.838      24.806      24.018
20151115      23.230      19.722      21.896      22.756
20151116      23.730      17.578      19.694      18.939
20151117      22.711      15.222      17.665      21.099
20151118      21.633      14.417      15.940      20.985
20151119      21.001      13.596      15.090      20.167
20151120      19.490      12.796      13.608      20.180
20151121      17.725      12.520      12.797      18.827
20151122      15.909      12.464      12.522      17.733
20151123      15.403      12.429      12.464      16.307
20151124      15.245      12.427      12.437      15.200
20151125      14.307      12.382      12.446      15.365
20151126      13.658      12.349      12.380      14.552
20151127      14.207      12.379      12.596      13.784
20151128      15.381      18.941      12.450      13.643
20151129      16.913      14.436      12.477      15.209
20151130      18.001      13.195      14.505      15.313
20151201      18.359      12.740      13.461      16.505
20151202      18.832      12.695      12.829      17.699
20151203      19.050      12.801      12.733      18.020
20151204      19.408      12.874      12.902      19.125
20151205      22.181      13.152      14.229      22.001
20151206      27.531     117.346      13.400      20.248
20151207      27.424      45.346      18.643      25.000
20151208      28.298      41.307      45.433      26.845
20151209      30.547      46.967      41.383      27.432
20151210      31.333      41.981      38.990      28.529
20151211      27.938      37.438      42.217      30.510
20151212      25.627      34.134      37.467      27.067
20151213      25.216      31.209      34.138      24.432
20151214      24.140      28.614      31.210      23.579
20151215      21.817      26.169      28.619      23.478
20151216      20.302      24.630      26.171      20.441
20151217      19.329      22.642      25.362      19.055
20151218      18.740      28.551      23.855      19.611
20151219      18.672      28.877      29.173      22.024
20151220      28.167      66.869      32.403      22.011
20151221      40.940     131.173   -9999.000   -9999.000
20151222      45.702      69.046   -9999.000   -9999.000
20151223      49.783      60.694      68.730      42.665
20151224      53.666      54.974      60.744      47.647
20151225      53.732      51.262      55.069      47.743
20151226      47.926      45.679      51.371      49.421
20151227      44.225      41.293      45.720      44.126
20151228      40.132      37.490      41.316      41.081
20151229      37.050      33.971      37.495      37.433
20151230      33.314      30.831      33.981      34.900
20151231      28.794      28.355      30.872      30.611
20160101      25.028      25.508      28.353      26.806
20160102      22.450      23.135      25.537      23.297
20160103      20.032      20.933      23.146      21.239
20160104      18.884      18.933      20.940      18.672
20160105      17.804      17.418      18.936      17.056
20160106      16.950      16.032      17.420      16.421
20160107      16.574      14.643      16.034      15.593
20160108      16.597      14.362      14.655      14.832
20160109      16.583      14.165      14.365      16.466
20160110      16.395      14.045      14.179      16.446
20160111      15.647      14.057      14.069      16.114
20160112      14.687      13.970      13.995      15.554
20160113      13.841      13.932      13.971      14.544
20160114      13.097      13.936      13.952      13.817
20160115      12.786      13.883      13.935      13.218
20160116      12.177      13.830      13.901      12.710
20160117      12.300      13.831      13.833      12.342
20160118      12.464      13.759      13.838      11.919
20160119      12.263      13.760      13.764      12.602
20160120      13.246      13.711      13.766      11.914
20160121      15.245      13.642      13.715      12.729
20160122      16.566      13.586      13.639      14.368
20160123      13.536      13.632      13.595      17.007
20160124      10.305      13.563      13.646      14.178
20160125       9.179      13.517      13.571      11.112
20160126      10.997      18.289      13.543       9.146
20160127      10.676      14.084      14.216      10.447
20160128       9.880      13.911      14.023      10.999
20160129       8.886      13.723      13.954       9.991
20160130       7.048      13.897      13.893       9.319
20160131       7.695      13.889      13.978       6.633
20160201       8.606      13.785      13.949       7.783
20160202       9.297      14.032      13.933       8.209
20160203      11.379      13.948      14.077       9.369
20160204      14.436      13.864      13.971      10.921
20160205      14.411      13.781      13.871      13.410
20160206      12.244      13.875      13.820      15.367
20160207      11.498      13.930      13.955      12.577
20160208      10.872      13.813      13.991      11.686
20160209      10.552      13.851      13.869      11.441
20160210      10.906      13.743      13.879      10.412
20160211      11.532      13.685      13.744      10.695
20160212      11.920      13.674      13.685      11.310
20160213      11.716      13.593      13.678      11.895
20160214      10.886      13.625      13.593      11.876
20160215       9.962      13.523      13.631      11.196
20160216       9.391      13.492      13.524      10.242
20160217       8.226      13.467      13.505       9.535
20160218       7.979      13.413      13.451       8.346
20160219       8.594      13.380      13.391       8.015
20160220       9.620      13.433      13.427       8.357
20160221      11.498      13.460      13.489       9.293
20160222      14.369      13.461      13.516      10.766
20160223      14.261      13.413      13.442      13.379
20160224      12.663      13.352      13.417      13.365
20160225      11.329      13.397      13.355      13.344
20160226      10.230      13.289      13.394      13.327
20160227       9.233      13.237      13.291      13.289
20160228       8.673      13.189      13.239      13.237
20160229       8.462      13.209      13.189      13.186
20160301       8.521      13.127      13.218      13.170
20160302       8.486      13.224      13.165      13.163
20160303       8.187      13.159      13.274      13.178
20160304       7.736      13.089      13.176      13.132
20160305       7.591      13.063      13.099      13.088
20160306       7.335      13.012      13.076      13.054
20160307       6.975      12.993      13.026      13.019
20160308       6.424      12.966      12.995      12.968
20160309       6.029      12.902      12.969      12.941
20160310       5.760      12.855      12.897      12.894
20160311       5.896      12.862      12.854      12.850
20160312       5.725      12.783      12.867      12.830
20160313       5.550      12.739      12.785      12.784
20160314       5.781      12.717      12.739      12.737
20160315       5.683      12.783      12.721       5.886
20160316       5.662      12.856      12.824       5.678
20160317       5.626      13.084      12.939       5.769
20160318       5.438      13.240      12.947       5.786
20160319       5.278      12.811      13.033       5.502
20160320       4.941      12.607      12.811       5.338
20160321       4.629      12.394      12.608       5.016
20160322       4.436      12.403      12.399       4.708
20160323   -9999.000   -9999.000      12.369       4.450
20160324       3.971      12.294   -9999.000   -9999.000
20160325       3.773      12.293   -9999.000   -9999.000
20160326       3.646      12.248   -9999.000   -9999.000
20160327       3.610      12.647      12.291       3.822
20160328       3.357      12.315      12.596       3.534
20160329       3.126      12.309      12.289       3.566
20160330       3.013      12.192      12.267       3.170
20160331       2.940      12.142      12.197       3.011
20160401       2.795      12.111      12.147       3.027
20160402       2.820      12.119      12.144       2.825
20160403       2.881      12.071      12.135       2.854
20160404       2.914      12.051      12.086       2.910
20160405       3.072      14.170      12.682       3.320
20160406       3.283      14.102      14.155       3.123
20160407       3.433      12.668      13.639       3.178
20160408       3.397      12.349      12.700       3.372
20160409       3.387      12.145      12.328       3.327
20160410       3.403      11.941      12.148       3.368
20160411       3.287      11.866      11.943       3.281
20160412       3.225      11.833      11.849       3.378
20160413       3.162      11.761      11.818       3.310
20160414       3.111      11.753      11.813       3.167
20160415       3.091      12.130      11.791       3.162
20160416       3.073      11.730      12.107       3.098
20160417       2.994      11.667      11.734       3.111
20160418       2.901      11.652      11.671       3.063
20160419       2.924      11.758      11.702       2.976
20160420       2.811      11.701      11.773       3.002
20160421       2.826      11.641      11.710       2.800
20160422       2.813      11.654      11.658       2.833
20160423       2.838      11.594      11.663       2.929
20160424       2.852      11.549      11.605       2.895
20160425       2.915      11.527      11.549       2.907
20160426       2.870      11.533      11.544       2.867
20160427       2.841      11.473      11.524       2.951
20160428       2.890      11.460      11.460       2.904
20160429       2.852      11.410      11.479       2.892
20160430       2.924      11.438      11.424       2.832
20160501       2.984      11.393      11.453       2.880
20160502       3.049      11.388      11.399       3.009
20160503       3.245      12.167      11.860       3.180
20160504       3.461      11.676      12.179       3.187
20160505       3.593      12.008      12.265       3.429
20160506       3.818      12.666      12.135       3.671
20160507       4.454      14.626      13.033       3.928
20160508       5.775      18.611      15.153       4.597
20160509       7.649      21.070      18.516       6.159
20160510       9.805      24.829      21.028       7.828
20160511      12.362      32.606      24.990      10.417
20160512      14.916      35.062      29.915      13.796
20160513      18.892      38.507      35.086      14.988
20160514      20.817      31.970      36.108      18.559
20160515      22.040      28.682      31.987      19.192
20160516      22.621      26.170      28.768      19.713
20160517      23.641      25.891      26.378      20.842
20160518      24.478      25.913      26.114      22.904
20160519      27.796      32.137      28.366      25.987
20160520      37.747      38.304      32.410      30.482
20160521      51.939      41.717      37.000      37.025
20160522      67.266      53.888      42.702      55.675
20160523     100.126      64.459      52.520      67.351
20160524     125.776      64.451      59.557      98.348
20160525     141.302      69.269      62.098     114.996
20160526     143.549      70.751      63.921     127.762
20160527     143.417      74.973      67.483     131.422
20160528     143.822      89.827      73.907     140.126
20160529     136.542     105.088      85.749     137.558
20160530     146.598     100.510      94.085     135.411
20160531     214.404     232.911     116.826     150.293
20160601     266.213     197.311     178.354     212.837
20160602     283.068     195.110     176.620     205.675
20160603     290.168     188.138     179.004     229.086
20160604     282.014     193.591     176.548     235.189
20160605     267.352     185.660     177.018     230.024
20160606     254.429     187.173     174.929     222.215
20160607     242.588     176.733     170.111     208.457
20160608     230.687     169.248     164.866     202.177
20160609     205.374     130.628     147.768     181.901
20160610     164.029     111.626     118.529     150.827
20160611     132.579      88.475      99.194     124.722
20160612     114.604      91.424      87.409     107.362
20160613     101.513      96.233      88.090     106.072
20160614      98.679      98.456      90.937      95.752
20160615     105.126     109.153      93.942      93.276
20160616     116.995     106.485     104.824     105.515
20160617     126.662     115.138     105.051     111.366
20160618     133.658     121.839     117.846     127.982
20160619     149.985     107.659     110.991     120.118
20160620     134.105      84.932      96.877     122.881
20160621     139.727     105.004      95.130     122.872
20160622     130.509      89.168      92.749     127.697
20160623     117.979      89.622      87.538     116.096
20160624     124.600      90.253      89.735     111.780
20160625     150.526     128.307     113.658     142.397
20160626     153.154     108.785     114.477     153.050
20160627     167.866     114.489     110.594     139.276
20160628     158.612      85.530      99.819     140.020
20160629     122.792      70.900      81.537     125.017
20160630     106.494      79.944      76.875     117.694
20160701     113.433      78.380      74.734     100.846
20160702     112.721      77.704      77.030     109.246
20160703     106.652      67.912      73.250     101.444
20160704      90.579      59.015      63.987      92.838
20160705      76.207      57.223      58.843      83.953
20160706      67.414      56.978      58.565      75.529
20160707      63.379      52.006      53.963      63.281
20160708      58.637      50.947      52.196      60.185
20160709      55.155      52.978      51.588      59.017
20160710      53.881      48.362      50.448      53.217
20160711      56.002      61.957      51.498      52.886
20160712      59.466      56.542      55.389      57.364
20160713      60.533      55.966      55.460      57.292
20160714      64.618      74.876      56.263      57.910
20160715      68.075      62.720      64.189      66.214
20160716      66.671      52.550      60.575      60.569
20160717      61.710      47.905      52.058      59.232
20160718      56.439      43.453      46.206      54.965
20160719      52.225      40.438      43.176      52.957
20160720      47.913      46.204      40.805      50.478
20160721      45.111      47.235      44.619      50.941
20160722      47.238      44.257      48.492      47.361
20160723      56.314      55.790      44.529      44.476
20160724      59.322      44.510      49.699      54.320
20160725      56.154      40.170      47.034      55.916
20160726      56.339      55.970      44.765      55.284
20160727      52.492      40.839      46.283      57.494
20160728      52.630      46.716      45.518      51.059
20160729      52.758      39.817      42.075      49.258
20160730      52.641      47.088      40.446      48.607
20160731      50.422      42.862      41.343      51.214
