date          Qobs       Qsimobs        Qsim       Qusi
20150801       6.536       5.629       6.194       7.050
20150802       6.614       5.505       5.681       6.263
20150803       6.335       5.841       5.586       6.005
20150804       6.095       5.072       5.511       6.319
20150805      15.393      11.945       5.804       6.117
20150806      11.806       9.949       9.431      16.770
20150807       9.198       8.582       9.227      12.068
20150808       8.357       7.674       8.718       8.919
20150809       7.073       5.558       7.489       7.678
20150810       6.425       5.263       6.143       6.417
20150811       6.921       6.125       5.267       5.707
20150812       7.107       6.812       5.403       6.426
20150813       5.953       4.722       6.118       7.371
20150814       5.286       4.500       4.844       5.280
20150815       5.074       4.416       4.521       5.496
20150816       5.076       4.492       4.323       4.849
20150817       5.106       4.037       4.293       4.980
20150818       4.836       3.893       3.998       4.838
20150819       4.499       3.771       3.865       4.740
20150820       4.340       3.676       3.781       4.615
20150821       4.222       3.808       3.671       4.213
20150822       4.113       3.647       3.833       4.377
20150823       3.977       3.638       3.749       4.271
20150824       3.792       3.650       3.667       4.081
20150825       4.272       4.548       3.858       4.053
20150826       7.763       9.745       5.884       5.524
20150827      11.091       9.778       7.517      10.122
20150828      10.077      10.399       8.097       9.188
20150829       7.606       6.052       8.154       9.172
20150830       6.023       5.616       6.277       6.176
20150831       5.191       5.727       5.647       5.836
20150901       4.707       5.210       5.274       5.114
20150902       5.734       4.816       4.710       4.466
20150903       8.710       7.229       5.671       5.219
20150904       7.214       5.762       6.159       8.723
20150905       7.177       6.020       5.830       7.348
20150906       6.248       5.338       5.785       6.681
20150907       5.484       4.728       5.158       5.955
20150908       4.935       4.300       4.686       4.801
20150909       4.552       3.881       4.408       4.710
20150910       4.260       3.737       4.007       4.587
20150911       4.039       3.520       3.744       4.079
20150912       3.915       3.265       3.471       3.670
20150913       4.864       3.418       3.336       3.743
20150914       5.476       3.388       3.194       4.636
20150915       6.042       3.586       3.152       4.534
20150916       9.100       4.772       4.713       7.078
20150917      10.007       4.019       4.280       8.901
20150918      11.865       6.504       4.488       8.269
20150919       8.902       4.940       5.380      12.672
20150920       7.332       4.454       4.908       8.058
20150921       6.352       3.918       4.518       6.664
20150922       6.200       4.281       4.289       5.938
20150923       5.689       3.927       4.400       6.050
20150924       5.730       3.768       3.849       5.308
20150925      10.068       5.279       4.137       5.990
20150926       8.106       4.158       4.639       8.846
20150927       6.486       3.732       4.146       7.516
20150928       5.673       3.427       3.737       6.138
20150929       5.096       3.161       3.457       5.400
20150930       4.694       2.215       3.171       5.101
20151001       4.498       2.257       3.058       4.289
20151002       4.385       2.208       2.931       4.142
20151003       4.245       2.151       2.203       4.053
20151004       4.074       2.413       2.143       4.227
20151005       3.892       2.348       2.087       3.816
20151006       3.739       2.305       2.034       3.735
20151007       3.545       2.243       2.295       3.592
20151008       3.431       2.187       2.241       3.399
20151009       3.362       2.138       2.201       3.277
20151010       3.291       2.094       2.139       3.249
20151011       3.208       2.077       2.093       3.128
20151012       3.130       2.057       2.075       3.096
20151013       3.044       2.033       2.051       2.982
20151014       2.948       1.993       2.027       3.023
20151015       2.854       1.971       2.010       2.832
20151016       2.805       1.948       1.987       2.820
20151017       2.739       1.926       1.948       2.780
20151018       2.699       1.904       1.926       2.724
20151019       2.645       1.885       1.904       2.670
20151020       2.598       1.864       1.884       2.604
20151021       2.591       1.838       1.865       2.516
20151022       2.662       1.969       1.872       2.569
20151023       2.637       1.919       2.078       2.737
20151024       2.560       1.828       1.868       2.644
20151025       2.553       1.923       1.909       2.556
20151026       2.412       1.818       1.848       2.508
20151027       2.407       1.798       1.812       2.286
20151028       2.348       1.778       1.791       2.364
20151029       2.240       1.758       1.778       2.265
20151030       2.242       1.738       1.758       2.077
20151031       2.343       1.758       1.763       1.988
20151101       2.319       1.912       1.794       2.356
20151102       2.261       1.822   -9999.000   -9999.000
20151103       2.229       1.818       1.840       2.175
20151104       2.200       1.749       1.817       2.198
20151105       2.164       1.702       1.753       2.080
20151106       2.147       1.679       1.702       2.095
20151107       2.473       2.390       2.098       2.556
20151108       2.331       1.954       2.146       2.134
20151109       2.262       1.923       2.033       2.417
20151110       2.238       1.754       1.908       2.158
20151111       2.094       1.699       1.770       2.195
20151112       2.065       1.675       1.718       2.058
20151113       1.966       1.670       1.678       2.016
20151114       1.725       1.642       1.684       1.974
20151115       1.822       1.623       1.649       1.626
20151116       1.640       1.599       1.618       1.712
20151117       1.619       1.720       1.691       1.648
20151118       1.660       1.592       1.628       1.458
20151119       1.461       1.555       1.581       1.688
20151120       2.190       1.532       1.564       1.440
20151121       1.420       1.513       1.544       1.998
20151122       1.862       1.494       1.513       1.377
20151123       1.492       1.481       1.506       1.884
20151124       1.706       1.480       1.490       1.410
20151125       1.616       1.448       1.473       1.680
20151126       1.577       1.431       1.466       1.608
20151127       1.885       1.429       1.522       1.639
20151128       1.924       1.797       1.509       1.820
20151129       1.683       1.574       1.671       2.185
20151130       2.261       1.449       1.528       1.519
20151201       1.517       1.449       1.458       2.064
20151202       1.530       1.486       1.438       1.526
20151203       1.496       1.432       1.433       1.422
20151204       1.495       1.533       1.441       1.518
20151205       1.550       1.429       1.446       1.417
20151206       1.561       1.390       1.480       1.554
20151207       1.486       1.357       1.412       1.592
20151208       1.504       1.312       1.358       1.465
20151209       1.540       1.368       1.343       1.513
20151210       1.500       1.305       1.339       1.538
20151211       1.452       1.285       1.360       1.504
20151212       1.446       1.257       1.282       1.426
20151213       2.520       1.244       1.260       1.416
20151214       5.199       1.228       1.241       2.038
20151215       8.261       1.216       1.228       4.181
20151216      10.081       1.201       1.213       7.277
20151217      10.317       1.197       1.223       8.852
20151218       8.458       1.253       1.241       9.855
20151219       1.615       1.417       1.422       9.050
20151220       1.767       1.530       1.680       1.975
20151221       1.776       1.848   -9999.000   -9999.000
20151222       1.524       1.524   -9999.000   -9999.000
20151223       1.455       1.461       1.542       1.465
20151224       1.405       1.284       1.427       1.367
20151225       1.415       1.346       1.409       1.408
20151226       1.906       1.236       1.326       1.377
20151227       3.803       1.169       1.219       1.453
20151228       5.894       1.155       1.180       3.004
20151229       5.388       1.138       1.150       5.127
20151230       3.676       1.182       1.141       5.601
20151231       2.535       1.142       1.169       3.729
20160101       1.950       1.142       1.156       2.707
20160102       1.589       1.183       1.146       2.028
20160103       1.535       1.104       1.114       1.556
20160104  -10000.000       1.070       1.097       1.466
20160105       3.054       1.055       1.070       1.461
20160106       1.982       1.042       1.054       1.054
20160107       1.423       1.029       1.040       1.040
20160108       1.154       1.016       1.028       1.406
20160109       1.051       1.008       1.016       1.522
20160110       0.995       1.016       1.012       1.011
20160111       1.052       1.173       1.042       1.005
20160112       1.238       1.039       1.054       0.946
20160113       1.346       1.026       1.023       1.121
20160114  -10000.000       0.969       0.991       1.276
20160115  -10000.000       0.951       0.967       1.235
20160116       1.167       0.941       0.949       0.949
20160117       1.125       0.927       0.936       0.936
20160118       1.115       0.933       0.949       0.948
20160119       1.091       0.905       0.930       1.089
20160120       1.068       0.892       0.913       1.095
20160121       1.044       0.886       0.893       1.059
20160122       1.011       0.871       0.882       1.052
20160123       0.999       0.872       0.872       1.127
20160124       0.990       0.853       0.868       0.980
20160125       0.996       0.856       0.937       1.018
20160126       1.045       0.855       0.856       0.982
20160127       1.068       0.881       0.895       1.075
20160128       1.069       0.993       0.928       1.119
20160129       1.051       0.837       0.878       0.975
20160130       1.061       0.916       0.949       1.136
20160131       1.078       0.830       0.873       0.985
20160201       1.064       0.798       0.820       1.034
20160202       1.055       0.828       0.837       1.097
20160203       1.043       0.780       0.821       1.038
20160204       1.027       0.774       0.804       1.057
20160205       1.022       0.763       0.776       1.024
20160206       1.024       0.792       0.784       1.038
20160207       1.025       0.856       0.808       1.048
20160208       1.036       0.802       0.870       1.054
20160209       1.043       0.772       0.857       1.082
20160210       1.026       0.723       0.745       0.982
20160211       1.007       0.732       0.744       1.030
20160212       0.998       0.715       0.732       0.989
20160213       1.006       0.702       0.725       1.019
20160214       0.999       0.687       0.700       0.974
20160215       1.001       0.674       0.685       0.994
20160216       0.985       0.667       0.676       0.676
20160217       0.983       0.661       0.666       0.666
20160218       0.980       0.655       0.661       0.661
20160219       0.959       0.648       0.653       0.653
20160220       0.958       0.714       0.680       0.680
20160221       0.976       0.773       0.726       0.724
20160222       0.966       0.644       0.674       0.671
20160223       0.952       0.627       0.650       0.650
20160224       0.944       0.623       0.634       0.634
20160225       0.935       0.609       0.623       0.623
20160226       0.950       0.628       0.643       0.643
20160227       0.939       0.599       0.618       0.617
20160228       0.932       0.587       0.607       0.607
20160229       0.928       0.580       0.592       0.592
20160301       0.924       0.572       0.580       0.581
20160302       0.928       0.691       0.617       0.617
20160303       0.933       0.615       0.617       0.614
20160304       0.926       0.616       0.614       0.613
20160305       0.940       0.712       0.654       0.653
20160306       0.936       0.576       0.603       0.599
20160307       0.943       0.583       0.587       0.587
20160308       0.970       0.560       0.586       0.585
20160309       0.993       0.532       0.546       0.545
20160310       0.996       0.523       0.532       0.532
20160311       0.993       0.516       0.522       0.522
20160312       0.988       0.508       0.515       0.515
20160313       0.997       0.506       0.512       0.510
20160314       1.320       0.785       0.657       0.706
20160315       2.376       1.258       0.970       1.011
20160316       1.750       1.799       1.549       1.597
20160317       1.541       2.545       1.895       1.966
20160318       1.307       2.035       2.134       2.133
20160319       1.195       1.757       1.985       1.985
20160320       1.135       1.542       1.759       1.759
20160321       1.120       1.371       1.542       1.542
20160322       1.158       1.373       1.370       1.370
20160323   -9999.000   -9999.000       1.210       1.210
20160324       1.143       0.974   -9999.000   -9999.000
20160325       0.973       0.872   -9999.000   -9999.000
20160326       0.968       0.783   -9999.000   -9999.000
20160327       1.019       0.817       0.829       0.853
20160328       1.034       0.789       0.856       0.871
20160329       1.199       0.861       0.894       0.890
20160330       1.024       0.760       0.885       0.873
20160331       1.065       0.663       0.717       0.716
20160401       0.977       0.672       0.679       0.679
20160402       0.940       0.698       0.683       0.682
20160403       0.966       0.644       0.679       0.680
20160404       0.968       0.753       0.672       0.680
20160405       1.089       0.921       0.812       0.826
20160406       1.239       0.994       0.876       0.911
20160407       1.226       1.049       0.900       0.890
20160408       1.109       0.879       0.923       0.923
20160409       1.213       0.792       0.875       0.875
20160410       1.176       0.748       0.791       0.791
20160411       1.022       0.748       0.748       0.748
20160412       1.140       0.698       0.732       0.732
20160413       1.034       0.662       0.695       0.695
20160414       0.973       0.640       0.695       0.694
20160415       0.982       0.656       0.662       0.663
20160416       0.986       0.637       0.693       0.694
20160417       1.006       0.626       0.632       0.632
20160418       1.015       0.625       0.623       0.623
20160419       1.022       0.629       0.654       0.655
20160420       1.021       0.625       0.627       0.628
20160421       1.037       0.616       0.626       0.626
20160422       1.013       0.611       0.622       1.000
20160423       0.997       0.598       0.608       1.004
20160424       0.954       0.599       0.612       1.018
20160425       0.995       0.584       0.606       0.950
20160426       0.935       0.590       0.605       1.033
20160427       0.965       0.578       0.589       0.920
20160428       0.946       0.569       0.574       0.948
20160429       0.955       0.755       0.759       1.243
20160430       1.064       0.717       0.787       1.062
20160501       1.224       0.974       0.764       0.967
20160502       0.996       0.738       0.707       1.042
20160503       1.428       0.906       0.793       1.078
20160504       2.039       1.263       0.936       1.442
20160505       2.194       1.598       1.220       2.067
20160506       2.546       2.241       1.600       2.817
20160507       3.629       3.166       2.251       3.397
20160508       7.150       4.688       3.232       4.011
20160509       9.004       6.431       4.466       7.979
20160510       9.156       7.711       6.186      10.324
20160511       8.540       6.929       6.960       9.191
20160512       7.724       8.333       7.122       8.496
20160513       6.005       7.000       7.289       7.841
20160514       4.118       6.193       6.885       6.059
20160515       3.144       5.614       6.200       3.776
20160516       2.705       5.120       5.615       2.938
20160517       2.661       5.313       5.141       2.444
20160518       2.587       4.856       5.096       2.553
20160519       2.653       4.726       4.988       2.697
20160520       4.260       4.795       4.728       2.671
20160521       8.083       6.304       5.258       3.763
20160522      10.698       6.786       6.315       8.717
20160523      15.529      10.349       7.132       9.831
20160524      10.219       8.282       8.146      15.322
20160525       7.898       7.739       7.744       9.965
20160526       6.527       7.338       7.557       7.700
20160527       6.629       8.495       7.436       6.366
20160528       8.183      11.895       8.530       7.114
20160529       8.426      11.702       9.900       9.251
20160530       9.471      13.128      11.173       9.109
20160531      13.344      14.918      13.366      10.688
20160601      14.194      19.430      14.288      12.832
20160602      15.039      19.402      18.285      16.636
20160603      15.344      20.790      18.031      15.488
20160604      10.750      14.994      16.442      14.796
20160605       8.267      10.387      12.973       9.148
20160606       7.900      10.337      10.401       7.255
20160607       8.514      11.651      10.175       7.926
20160608       8.988      11.001      10.727       8.478
20160609       5.812       7.277       8.980       7.916
20160610       4.273       6.628       7.259       5.038
20160611       3.568       6.075       6.627       4.338
20160612       3.388       5.844       6.113       3.644
20160613       3.686       5.860       5.866       3.261
20160614       3.906       5.627       5.690       3.586
20160615       4.568       5.741       5.771       3.816
20160616       7.450       7.937       5.520       4.457
20160617       8.082       8.162       7.029       8.177
20160618       8.216       6.792       7.537       7.882
20160619       5.972       4.868       5.928       6.797
20160620       4.771       4.429       4.862       5.078
20160621      11.236       5.267       5.107       4.886
20160622       7.511       4.518       4.640      10.312
20160623       5.690       4.220       4.545       8.268
20160624       6.063       5.602       4.834       5.734
20160625       9.159       9.911       6.444       7.724
20160626       8.446       6.821       7.693      10.109
20160627      13.924       9.040       8.190       8.788
20160628       9.123       6.521       9.092      14.528
20160629       6.706       7.191       6.238       7.380
20160630       7.837       5.635       6.203       6.336
20160701       9.595       7.720       5.823       5.810
20160702       9.531       6.356       6.671      10.059
20160703       8.474       6.157       5.830       8.509
20160704       6.851       5.003       5.730       7.496
20160705       5.811       4.843       5.316       6.563
20160706       6.201       5.276       5.228       6.117
20160707       5.314       4.351       4.818       5.836
20160708       4.656       4.010       4.361       4.921
20160709       5.041       4.078       4.115       4.524
20160710       5.796       4.820       4.424       4.955
20160711       6.104       6.453       4.549       6.098
20160712       6.126       7.167       5.920       7.381
20160713       7.570       7.221       6.321       6.210
20160714       8.214       6.066       6.199       6.212
20160715       6.896       5.040       5.457       6.724
20160716       6.106       4.856       5.254       6.381
20160717       5.563       4.512       4.855       5.696
20160718       5.076       4.296       4.551       5.322
20160719       4.604       4.024       4.303       4.919
20160720       4.337       3.738       3.932       4.334
20160721       4.379       3.484       3.745       4.162
20160722       4.629       3.278       3.493       4.035
20160723       5.570       3.111       3.413       4.306
20160724       6.667       4.189       3.142       4.992
20160725       7.747       4.247       3.658       6.361
20160726       8.452       3.606       4.184       7.799
20160727       8.912       5.076       3.994       7.860
20160728       9.670       5.365       4.650       9.395
20160729       8.020       4.404       4.930       9.689
20160730       7.663       5.591       4.918       8.209
20160731       7.405       5.238       6.701       9.337
