date          Qobs       Qsimobs        Qsim       Qusi
20150801       0.114       0.784       1.052       0.103
20150802       0.125       0.707       0.910       0.166
20150803       0.128       0.495       0.617       0.114
20150804       0.205       0.603       0.602       0.162
20150805       0.275       1.964       1.045       0.388
20150806       0.242       0.840       1.029       0.265
20150807       0.236       0.656       0.859       0.278
20150808       0.231       0.509       0.656       0.208
20150809       0.220       0.444       0.509       0.200
20150810       0.212       0.396       0.444       0.244
20150811       0.199       0.355       0.396       0.204
20150812       0.183       0.319       0.355       0.212
20150813       0.166       0.286       0.319       0.178
20150814       0.152       0.256       0.286       0.161
20150815       0.154       0.230       0.256       0.147
20150816       0.456       2.500       1.017       0.653
20150817       0.449       1.788       0.831       0.372
20150818       0.405       0.972       1.230       0.430
20150819       0.416       0.773       0.974       0.359
20150820       0.405       0.597       0.774       0.358
20150821       0.394       0.462       0.598       0.338
20150822       0.347       0.404       0.462       0.322
20150823       0.308       0.359       0.404       0.308
20150824       0.303       0.322       0.359       0.267
20150825       1.022       4.416       0.767       0.629
20150826       1.514       2.014       2.101       1.137
20150827       4.645       8.295       2.444       1.595
20150828       4.387       3.254       4.083       4.947
20150829       3.854       2.632       3.188       3.381
20150830       3.031       2.169       2.632       3.022
20150831       2.408       1.785       2.168       2.579
20150901       2.051       1.463       1.887       2.042
20150902       5.203       6.640       4.356       4.344
20150903       8.100       8.202       7.278       8.582
20150904       8.851       6.685       6.043       8.358
20150905       7.253       3.584       5.197       6.410
20150906       5.364       2.961       3.573       4.909
20150907       3.920       2.512       2.961       4.607
20150908       2.910       2.079       2.453       3.311
20150909       2.239       1.717       2.029       2.437
20150910       1.769       1.416       1.718       1.909
20150911       1.389       1.165       1.417       1.472
20150912       1.100       0.955       1.165       1.188
20150913       1.408       2.562       1.358       1.387
20150914       7.392      11.570       3.194       2.609
20150915      14.526      12.933       9.972      12.601
20150916      13.215       7.451      11.187      14.585
20150917      18.367      16.492      12.525      15.040
20150918      16.789      11.584      13.247      18.600
20150919      11.570       6.072       9.574      12.875
20150920       7.558       3.886       6.062       7.505
20150921       5.144       3.231       3.886       5.118
20150922       4.262       3.846       3.459       4.563
20150923       3.588       4.125       3.478       4.072
20150924       3.246       2.969       3.439       3.273
20150925       3.043       3.431       3.019       2.916
20150926       2.644       2.565       2.949       2.607
20150927       2.211       2.084       2.507       2.301
20150928       1.857       1.729       2.084       1.893
20150929       1.553       1.433       1.729       1.634
20150930       1.288       0.876       1.433       1.308
20151001       1.066       0.698       1.186       1.106
20151002       0.873       0.632       0.980       0.924
20151003       0.727       0.573       0.632       0.776
20151004       0.614       0.612       0.573       0.658
20151005       0.544       0.556       0.519       0.571
20151006       0.486       0.505       0.471       0.503
20151007       0.534       0.560       0.526       0.489
20151008       0.564       1.362       0.931       0.758
20151009       0.632       1.726       1.171       0.855
20151010       0.685       1.801       1.529       0.808
20151011       0.648       1.246       1.160       0.742
20151012       0.674       1.088       1.229       0.601
20151013       0.815       1.472       1.044       0.612
20151014       0.730       1.040       1.107       0.814
20151015       0.658       0.865       0.999       0.644
20151016       0.611       0.670       0.854       0.577
20151017       0.563       0.602       0.670       0.494
20151018       0.522       0.549       0.602       0.506
20151019       0.485       0.502       0.549       0.486
20151020       0.452       0.458       0.501       0.459
20151021       0.433       0.418       0.457       0.423
20151022       0.418       0.708       0.439       0.428
20151023       0.388       0.473       0.462       0.470
20151024       0.372       0.431       0.464       0.350
20151025       0.377       0.488       0.535       0.464
20151026       0.350       0.422       0.408       0.396
20151027       0.331       0.385       0.422       0.323
20151028       0.313       0.355       0.385       0.302
20151029       0.298       0.324       0.351       0.294
20151030       0.283       0.334       0.325       0.304
20151031       0.271       0.313       0.298       0.278
20151101       0.259       0.285       0.303       0.268
20151102       0.247       0.260   -9999.000   -9999.000
20151103       0.236       0.237       0.260       0.230
20151104       0.227       0.225       0.237       0.227
20151105       0.239       0.222       0.216       0.222
20151106       0.325       1.732       0.538       0.567
20151107       0.901       1.805       1.216       0.558
20151108       1.714       3.730       1.707       1.164
20151109       2.978       4.490       3.048       2.433
20151110       2.886       2.909       3.325       2.852
20151111       2.757       2.191       2.792       2.474
20151112       2.423       1.804       2.399       2.345
20151113       2.388       2.362       2.581       2.763
20151114       2.178       1.795       1.938       2.122
20151115       1.965       1.470       1.667       1.970
20151116       2.338       1.486       1.494       1.585
20151117       2.238       2.432       1.982       2.872
20151118       2.004       1.601       1.746       2.184
20151119       2.915       3.623       1.772       1.904
20151120       2.685       2.318       2.277       2.876
20151121       2.508       1.902       2.173       2.361
20151122       2.220       1.574       1.902       2.047
20151123       1.924       1.295       1.574       1.826
20151124       1.679       1.251       1.311       1.478
20151125       1.444       1.050       1.108       1.518
20151126       1.224       0.866       1.010       1.258
20151127       1.082       0.690       0.866       1.028
20151128       1.017       0.733       0.809       0.996
20151129       1.222       1.886       1.094       1.584
20151130       1.113       1.229       1.276       1.265
20151201       1.016       1.024       1.125       1.011
20151202       0.966       1.006       1.076       0.964
20151203       0.905       0.884       0.871       0.940
20151204       2.771       4.417       2.041       1.919
20151205       2.766       2.639       2.462       3.066
20151206       3.013       2.920       3.108       2.844
20151207       2.729       2.565       2.538       2.663
20151208       2.473       2.303       2.267       2.479
20151209       2.450       2.687       2.200       2.158
20151210       2.268       2.296       2.363       2.526
20151211       2.101       2.203       2.168       2.046
20151212       1.879       1.724       1.946       1.931
20151213       1.656       1.434       1.723       1.622
20151214       1.443       1.192       1.434       1.381
20151215       1.262       1.000       1.207       1.154
20151216       1.110       0.945       0.999       1.079
20151217       1.075       1.326       1.138       1.143
20151218       0.989       1.030       1.050       1.119
20151219       0.907       1.025       0.951       0.885
20151220       0.856       1.014       1.029       0.883
20151221       0.784       0.746   -9999.000   -9999.000
20151222       0.742       0.733   -9999.000   -9999.000
20151223       0.707       0.909       0.777       0.700
20151224       0.721       0.883       0.809       0.750
20151225       1.025       3.088       1.166       1.037
20151226       1.108       2.299       1.933       1.242
20151227       1.304       2.568       2.427       1.349
20151228       1.323       2.027       2.280       1.363
20151229       1.627       1.778       2.311       1.338
20151230       2.689       3.366       2.618       2.096
20151231       3.140       3.101       2.775       3.250
20160101       3.738       4.181       3.571       3.582
20160102       3.569       3.327       3.440       3.648
20160103       3.203       2.791       3.084       3.175
20160104       2.763       2.327       2.781       2.728
20160105       2.368       1.978       2.455       2.499
20160106       2.025       1.890       2.007       2.062
20160107       1.724       1.342       1.605       1.436
20160108       1.501       1.331       1.540       1.598
20160109       1.294       0.928       1.143       1.110
20160110       1.199       0.919       0.948       1.022
20160111       1.267       1.700       1.513       1.603
20160112       1.104       0.714       0.759       0.582
20160113       0.978       0.617       0.654       0.868
20160114       0.878       0.578       0.657       0.874
20160115       0.800       0.483       0.540       0.728
20160116       0.779       0.535       0.523       0.725
20160117       1.495       0.406       0.456       0.528
20160118       1.961       0.367       0.402       1.027
20160119       1.345       0.525       0.506       0.506
20160120       1.516       0.319       0.341       0.341
20160121       1.444       0.334       0.311       0.311
20160122       0.583       0.259       0.285       0.285
20160123       0.444       0.295       0.311       0.311
20160124       0.424       0.219       0.238       0.242
20160125       0.431       0.246       0.236       0.245
20160126       0.681       0.469       0.348       0.373
20160127       2.308       2.712       0.838       0.894
20160128       2.811       3.485       2.419       2.542
20160129       3.904       3.696       2.876       3.042
20160130       4.656       6.698       3.592       3.713
20160131       4.298       4.938       4.601       4.993
20160201       3.801       3.660       4.499       4.870
20160202       3.754       7.669       4.499       4.709
20160203       3.635       6.052       5.318       5.789
20160204       3.227       4.522       5.030       5.228
20160205       2.749       3.438       4.388       4.505
20160206       2.926       4.382       3.919       3.949
20160207       5.554       9.565       5.646       5.798
20160208       7.207       9.299       8.342       8.497
20160209       8.544       9.184       8.954       9.109
20160210       7.309       6.028       7.134       7.412
20160211       5.578       3.957       5.611       5.864
20160212       4.233       3.194       3.866       3.880
20160213       3.212       2.648       3.190       3.190
20160214       2.488       2.195       2.648       2.648
20160215       1.979       1.821       2.195       2.196
20160216       1.590       1.509       1.821       1.820
20160217       1.306       1.254       1.510       1.528
20160218       1.079       1.138       1.271       1.297
20160219       0.922       1.035       1.223       1.332
20160220       1.100       3.236       1.784       1.771
20160221       1.106       2.102       2.095       2.181
20160222       1.113       1.786       2.066       2.176
20160223       1.076       1.550       1.777       1.011
20160224       0.984       1.302       1.533       0.954
20160225       0.871       1.086       1.310       0.895
20160226       0.753       0.897       1.080       0.784
20160227       0.654       0.750       0.894       0.631
20160228       0.591       0.660       0.750       0.595
20160229       0.532       0.604       0.659       0.518
20160301       0.495       0.554       0.615       0.524
20160302       0.537       0.863       0.918       0.855
20160303       0.582       1.246       1.074       1.031
20160304       0.693       1.655       0.732       0.333
20160305       0.708       1.104       0.980       0.904
20160306       0.847       2.361       1.459       1.109
20160307       0.975       1.730       1.829       0.996
20160308       0.902       1.227       1.366       0.752
20160309       0.836       1.160       1.282       0.843
20160310       0.807       1.456       1.225       0.856
20160311       0.790       1.218       1.302       0.880
20160312       0.731       1.054       1.163       0.774
20160313       0.769       1.386       1.196       0.802
20160314       1.070       2.203       1.669       1.034
20160315       1.474       2.765       2.411       1.494
20160316       1.855       3.237       2.792       1.711
20160317       2.197       3.242       3.125       1.998
20160318       2.372       3.185       3.246       2.238
20160319       2.423       2.929       3.135       2.274
20160320       2.379       2.741       2.973       2.271
20160321       2.295       2.442       2.743       2.157
20160322       2.197       2.447       2.438       2.165
20160323   -9999.000   -9999.000       2.133       1.886
20160324       1.903       1.554   -9999.000   -9999.000
20160325       1.823       1.496   -9999.000   -9999.000
20160326       1.731       1.281   -9999.000   -9999.000
20160327       2.069       1.819       1.576       1.935
20160328       2.279       1.914       1.842       2.375
20160329       2.896       3.333       2.304       2.733
20160330       3.023       2.161       2.372       2.652
20160331       2.796       1.785       2.089       2.586
20160401       2.364       1.488       1.785       2.381
20160402       1.998       1.292       1.489       1.986
20160403       1.717       1.094       1.260       1.550
20160404       1.539       1.299       1.252       1.678
20160405       1.775       2.642       1.324       1.680
20160406       1.648       1.778       2.158       2.148
20160407       1.600       1.696       1.773       1.502
20160408       1.469       1.432       1.620       1.426
20160409       1.329       1.687       1.356       1.228
20160410       1.189       1.243       1.181       1.204
20160411       1.059       0.997       1.243       1.026
20160412       0.932       0.797       1.035       0.928
20160413       0.811       0.712       0.835       0.793
20160414       0.714       0.642       0.732       0.769
20160415       0.648       0.587       0.646       0.701
20160416       0.676       0.563       0.612       0.656
20160417       1.074       3.457       2.235       2.197
20160418       0.984       1.764       1.833       1.258
20160419       1.020       1.586       1.765       0.961
20160420       0.942       1.287       1.463       0.946
20160421       0.845       1.062       1.287       0.823
20160422       0.732       0.902       1.062       0.737
20160423       0.646       0.697       0.877       0.664
20160424       0.591       0.694       0.780       0.637
20160425       0.595       1.110       1.163       0.992
20160426       0.631       2.095       1.607       1.224
20160427       0.606       1.308       1.443       0.794
20160428       0.685       1.113       1.244       0.584
20160429       0.816       1.927       1.129       0.688
20160430       1.056       2.127       1.719       0.988
20160501       1.091       2.009       1.997       1.286
20160502       1.084       1.496       1.677       1.018
20160503       1.619       3.202       2.222       1.467
20160504       1.536       1.951       1.884       1.468
20160505       1.457       1.613       1.828       1.268
20160506       1.363       1.338       1.613       1.250
20160507       1.212       1.107       1.338       1.136
20160508       1.047       0.914       1.107       1.011
20160509       0.894       0.720       0.914       0.865
20160510       0.752       0.608       0.720       0.726
20160511       0.640       0.548       0.650       0.698
20160512       0.570       0.494       0.587       0.574
20160513       0.512       0.444       0.502       0.535
20160514       0.456       0.399       0.454       0.484
20160515       0.410       0.359       0.399       0.418
20160516       0.376       0.322       0.359       0.374
20160517       0.346       0.289       0.322       0.341
20160518       0.318       0.259       0.289       0.318
20160519       0.291       0.232       0.259       0.286
20160520       0.274       0.208       0.232       0.274
20160521       0.281       0.252       0.247       0.288
20160522       0.400       0.392       0.320       0.296
20160523       0.581       1.135       0.602       0.597
20160524       0.479       0.326       0.456       0.410
20160525       0.431       0.284       0.323       0.339
20160526       0.402       0.254       0.284       0.376
20160527       0.378       0.228       0.254       0.344
20160528       0.355       0.204       0.228       0.300
20160529       0.331       0.183       0.204       0.296
20160530       1.282       0.855       0.183       0.276
20160531       1.330       1.982       0.734       1.293
20160601       1.117       0.725       0.970       1.026
20160602       1.040       0.551       0.725       0.880
20160603       0.914       0.416       0.551       0.763
20160604       0.749       0.359       0.416       0.662
20160605       0.622       0.318       0.359       0.620
20160606       0.538       0.285       0.318       0.546
20160607       0.469       0.255       0.285       0.477
20160608       0.405       0.228       0.255       0.400
20160609       0.353       0.203       0.228       0.357
20160610       0.313       0.181       0.203       0.310
20160611       0.278       0.162       0.181       0.264
20160612       0.254       0.144       0.162       0.234
20160613       0.231       0.129       0.144       0.221
20160614       0.212       0.115       0.129       0.198
20160615       0.222       0.103       0.131       0.211
20160616       0.595       0.941       0.523       0.890
20160617       0.499       0.436       0.256       0.264
20160618       0.368       0.199       0.225       0.282
20160619       0.314       0.174       0.199       0.306
20160620       0.589       0.156       0.174       0.260
20160621       0.790       1.748       1.027       1.808
20160622       0.568       0.465       0.607       0.534
20160623       0.648       0.331       0.465       0.414
20160624       1.068       1.298       0.487       0.481
20160625       0.902       0.575       0.649       0.771
20160626       1.314       1.050       1.635       2.080
20160627       1.323       0.772       0.857       1.184
20160628       1.229       0.652       0.664       0.904
20160629       1.113       0.455       0.556       0.898
20160630       1.225       0.607       0.851       1.555
20160701       1.844       0.409       0.551       0.938
20160702       2.866       1.489       0.695       1.917
20160703       3.018       1.159       1.078       2.501
20160704       2.802       0.672       0.852       2.216
20160705       2.397       0.529       0.672       1.830
20160706       2.070       0.462       0.529       1.498
20160707       1.685       0.415       0.462       1.610
20160708       1.395       0.373       0.415       1.069
20160709       1.125       0.335       0.373       1.135
20160710       0.909       0.300       0.334       0.954
20160711       0.759       0.316       0.420       0.952
20160712       0.672       0.399       0.276       0.565
20160713       0.654       0.244       0.272       0.448
20160714       0.626       0.322       0.245       0.462
20160715       0.550       0.373       0.237       0.362
20160716       0.478       0.260       0.241       0.366
20160717       0.407       0.204       0.227       0.387
20160718       0.360       0.183       0.204       0.334
20160719       0.329       0.164       0.183       0.317
20160720       0.309       0.147       0.164       0.283
20160721       0.285       0.131       0.147       0.257
20160722       0.259       0.117       0.131       0.232
20160723       0.312       0.465       0.118       0.222
20160724       0.274       0.130       0.112       0.185
20160725       0.252       0.116       0.130       0.238
20160726       0.246       0.154       0.152       0.273
20160727       0.239       0.104       0.112       0.166
20160728       0.245       0.289       0.126       0.196
20160729       0.252       0.109       0.120       0.106
20160730       0.272       0.265       0.293       0.515
20160731       0.252       0.126       0.126       0.142
