date          Qobs       Qsimobs        Qsim       Qusi
20150801       0.675       0.458       0.476       0.765
20150802       1.314       1.386       0.724       0.910
20150803       0.754       0.567       0.837       0.885
20150804       1.374       0.505       0.586       0.612
20150805       1.990       2.816       1.082       1.417
20150806       0.964       0.502       1.603       1.762
20150807       1.003       0.488       0.591       0.449
20150808       0.737       0.464       0.486       0.845
20150809       0.594       0.447       0.464       0.730
20150810       0.650       0.437       0.448       0.556
20150811       1.245       0.444       0.435       0.588
20150812       0.791       0.525       0.440       1.046
20150813       0.502       0.420       0.440       0.770
20150814       0.447       0.405       0.421       0.558
20150815       0.650       0.391       0.412       0.442
20150816       1.677       2.078       0.592       0.845
20150817       1.410       1.415       1.382       1.562
20150818       0.723       0.430       0.866       0.739
20150819       0.544       0.413       0.429       0.484
20150820       0.392       0.398       0.413       0.514
20150821       0.303       0.382       0.398       0.396
20150822       0.257       0.368       0.382       0.319
20150823       0.210       0.354       0.368       0.262
20150824       0.279       0.341       0.354       0.200
20150825       3.207       1.233       0.740       0.548
20150826       1.667       3.016       1.484       2.056
20150827       2.610       1.705       2.869       2.673
20150828       1.824       2.183       1.641       1.792
20150829       1.008       1.065       1.403       1.165
20150830       0.841       0.626       0.824       0.522
20150831       0.537       0.435       0.451       0.456
20150901       1.206       0.412       0.465       0.576
20150902      10.349       3.381       2.453       2.523
20150903       4.833       3.224       4.760       8.191
20150904       1.200       0.515       2.228       2.644
20150905       0.755       0.454       0.505       0.378
20150906       0.506       0.436       0.485       0.713
20150907       0.365       0.423       0.435       0.514
20150908       0.291       0.407       0.419       0.374
20150909       0.238       0.393       0.404       0.280
20150910       0.202       0.379       0.392       0.225
20150911       0.181       0.364       0.377       0.194
20150912       0.513       0.379       0.371       0.211
20150913       2.648       1.269       0.918       0.987
20150914       3.486       0.436       1.195       1.966
20150915       9.457       1.783       1.554       3.280
20150916       1.805       2.256       1.852       4.024
20150917       2.404       0.459       2.099       2.083
20150918       1.183       1.140       0.543       0.810
20150919       0.707       0.455       0.510       0.691
20150920       0.507       0.433       0.452       0.546
20150921       0.392       0.417       0.433       0.474
20150922       0.526       0.415       0.432       0.432
20150923       0.488       0.474       0.468       0.433
20150924       0.462       0.408       0.421       0.503
20150925       0.847       1.064       0.517       0.498
20150926       0.670       0.731       0.728       0.654
20150927       0.404       0.428       0.445       0.418
20150928       0.316       0.412       0.427       0.424
20150929       0.262       0.400       0.411       0.318
20150930       0.229       0.332       0.395       0.270
20151001       0.222       0.318       0.382       0.222
20151002       0.211       0.306       0.371       0.224
20151003       0.209       0.298       0.307       0.205
20151004       0.174       0.333       0.297       0.216
20151005       0.156       0.321       0.285       0.175
20151006       0.201       0.312       0.286       0.174
20151007       0.220       0.313       0.317       0.176
20151008       0.326       0.308       0.349       0.244
20151009       0.418       0.405       0.329       0.300
20151010       0.420       0.317       0.353       0.344
20151011       0.398       0.299       0.308       0.338
20151012       0.363       0.298       0.299       0.366
20151013       0.288       0.292       0.294       0.332
20151014       0.200       0.274       0.287       0.320
20151015       0.171       0.264       0.274       0.152
20151016       0.150       0.255       0.265       0.098
20151017       0.134       0.245       0.257       0.078
20151018       0.128       0.236       0.247       0.062
20151019       0.126       0.230       0.237       0.041
20151020       0.138       0.222       0.229       0.060
20151021       0.212       0.219       0.223       0.095
20151022       0.761       0.258       0.261       0.190
20151023       0.764       0.946       0.293       0.476
20151024       0.414       0.250       0.297       0.468
20151025       0.638       0.495       0.275       0.409
20151026       0.533       0.387       0.307       0.587
20151027       0.486       0.277       0.300       0.375
20151028       0.313       0.267       0.276       0.409
20151029       0.208       0.258       0.267       0.244
20151030       0.370       0.248       0.285       0.092
20151031       0.862       0.356       0.378       0.376
20151101       0.493       0.279       0.266       0.648
20151102       0.340       0.253   -9999.000   -9999.000
20151103       0.291       0.243       0.253       0.338
20151104       0.252       0.235       0.243       0.269
20151105       0.241       0.235       0.238       0.236
20151106       0.235       0.233       0.238       0.258
20151107       1.095       0.523       0.443       0.453
20151108       0.813       2.446       0.465       0.400
20151109       1.630       2.653       0.661       0.717
20151110       0.899       1.555       1.919       1.612
20151111       1.041       1.187       1.274       0.536
20151112       0.985       1.758       0.975       0.724
20151113       1.273       1.602       1.072       0.718
20151114       0.611       0.466       0.966       0.909
20151115       0.783       0.617       0.425       0.403
20151116       0.511       0.490       0.405       0.382
20151117       0.581       0.437       0.419       0.594
20151118       0.583       0.453       0.403       0.656
20151119       0.451       0.396       0.380       0.494
20151120       0.360       0.344       0.356       0.380
20151121       0.294       0.325       0.340       0.326
20151122       0.188       0.312       0.325       0.302
20151123       0.229       0.300       0.312       0.204
20151124       0.118       0.295       0.313       0.299
20151125       0.103       0.283       0.296       0.120
20151126       0.110       0.269       0.279       0.120
20151127       1.122       0.295       0.295       0.066
20151128       1.401       1.429       0.303       0.536
20151129       0.940       0.346       0.713       1.306
20151130       0.741       0.379       0.340       0.500
20151201       0.573       0.317       0.330       0.591
20151202       0.454       0.321       0.317       0.921
20151203       0.520       0.933       0.276       0.375
20151204       0.448       0.385       0.431       0.599
20151205       0.996       1.297       0.463       0.581
20151206       2.135      11.050       0.767       0.770
20151207       1.747       2.520       6.649       2.966
20151208       1.459       0.567       2.704       1.124
20151209       1.670       3.053       0.612       0.490
20151210       1.509       1.975       1.806       1.588
20151211       1.083       0.555       1.314       0.844
20151212       0.773       0.376       0.430       0.359
20151213       0.746       0.359       0.376       0.630
20151214       1.143       0.344       0.358       0.536
20151215       0.787       0.335       0.343       1.089
20151216       0.777       0.316       0.329       0.734
20151217       1.113       0.334       0.920       0.782
20151218       1.947       1.661       0.734       2.385
20151219       2.937       1.922       1.980       2.609
20151220       4.595       5.567       2.195       3.385
20151221       4.303       5.789   -9999.000   -9999.000
20151222       2.635       2.138   -9999.000   -9999.000
20151223       1.570       1.810       1.723       1.295
20151224       1.016       0.994       1.308       1.195
20151225       0.945       1.463       0.679       0.574
20151226       0.752       0.492       0.869       0.691
20151227       0.821       0.441       0.476       0.467
20151228       1.247       0.416       0.436       0.748
20151229       1.030       0.390       0.405       1.015
20151230       0.885       0.379       0.395       0.926
20151231       0.612       1.196       0.386       0.888
20160101       0.447       0.476       0.636       0.589
20160102       0.350       0.419       0.427       0.288
20160103       0.174       0.401       0.391       0.336
20160104       0.027       0.366       0.374       0.250
20160105       0.168       0.343       0.356       0.065
20160106       0.176       0.333       0.342       0.134
20160107       0.620       0.318       0.329       0.192
20160108       0.612       0.306       0.318       0.247
20160109       1.989       0.296       0.306       0.426
20160110       0.633       0.306       0.305       1.700
20160111       0.267       0.299       0.305       0.798
20160112       0.180       0.267       0.276       0.264
20160113       0.143       0.266       0.268       0.197
20160114       0.124       0.285       0.271       0.162
20160115       0.117       0.247       0.250       0.124
20160116       0.113       0.247       0.253       0.123
20160117       0.108       0.231       0.233       0.108
20160118       0.103       0.214       0.223       0.113
20160119       0.097       0.210       0.214       0.214
20160120       0.091       0.200       0.206       0.206
20160121       0.085       0.191       0.199       0.199
20160122       0.079       0.184       0.191       0.191
20160123       0.076       0.209       0.195       0.195
20160124       0.075       0.185       0.199       0.486
20160125       0.095       0.445       0.424       0.432
20160126       0.308       2.154       0.240       0.310
20160127       0.279       1.405       1.235       1.204
20160128       0.206       0.567       0.932       0.887
20160129       0.187       0.376       0.319       0.323
20160130       0.186       0.487       0.340       0.340
20160131       0.180       0.384       0.304       0.302
20160201       0.170       0.237       0.279       0.276
20160202       0.175       0.377       0.337       0.337
20160203       0.167       0.297       0.253       0.249
20160204       0.150       0.211       0.226       0.224
20160205       0.137       0.199       0.209       0.209
20160206       0.132       0.241       0.223       0.224
20160207       0.133       0.294       0.223       0.221
20160208       0.134       0.404       0.225       0.224
20160209       0.129       0.280       0.240       0.239
20160210       0.120       0.200       0.209       0.209
20160211       0.113       0.188       0.193       0.193
20160212       0.107       0.181       0.185       0.185
20160213       0.104       0.170       0.177       0.177
20160214       0.100       0.167       0.170       0.170
20160215       0.095       0.157       0.164       0.164
20160216       0.090       0.152       0.157       0.157
20160217       0.089       0.151       0.152       0.152
20160218       0.087       0.152       0.147       0.147
20160219       0.084       0.150       0.145       0.144
20160220       0.084       0.170       0.162       0.162
20160221       0.085       0.229       0.171       0.170
20160222       0.086       0.212       0.178       0.176
20160223       0.081       0.132       0.141       0.062
20160224       0.077       0.120       0.127       0.078
20160225       0.075       0.117       0.121       0.074
20160226       0.072       0.107       0.113       0.073
20160227       0.070       0.104       0.108       0.074
20160228       0.067       0.099       0.103       0.066
20160229       0.065       0.097       0.099       0.070
20160301       0.064       0.092       0.095       0.059
20160302       0.067       0.110       0.117       0.081
20160303       0.066       0.131       0.130       0.081
20160304       0.063       0.089       0.095       0.051
20160305       0.062       0.083       0.087       0.061
20160306       0.061       0.088       0.090       0.065
20160307       0.061       0.090       0.096       0.062
20160308       0.059       0.074       0.077       0.053
20160309       0.057       0.069       0.073       0.058
20160310       0.054       0.069       0.072       0.060
20160311       0.053       0.066       0.067       0.055
20160312       0.052       0.063       0.064       0.052
20160313       0.051       0.060       0.063       0.054
20160314       0.054       0.206       0.062       0.060
20160315       0.056       0.094       0.298       0.231
20160316       0.057       0.065       0.250       0.077
20160317       0.060       0.066       0.079       0.061
20160318       0.064       0.421       0.064       0.056
20160319       0.061       0.080       0.137       0.054
20160320       0.059       0.077       0.080       0.040
20160321       0.057       0.074       0.077       0.056
20160322       0.056       0.097       0.076       0.092
20160323   -9999.000   -9999.000       0.081       0.055
20160324       0.054       0.099   -9999.000   -9999.000
20160325       0.054       0.111   -9999.000   -9999.000
20160326       0.052       0.102   -9999.000   -9999.000
20160327       0.068       0.574       0.146       0.188
20160328       0.074       0.391       0.179       0.065
20160329       0.072       0.431       0.279       0.091
20160330       0.068       0.147       0.196       0.039
20160331       0.064       0.137       0.140       0.056
20160401       0.061       0.130       0.135       0.061
20160402       0.061       0.140       0.147       0.068
20160403       0.061       0.178       0.142       0.085
20160404       0.064       0.481       0.163       0.092
20160405       0.105       1.032       0.776       0.214
20160406       0.172       1.099       0.842       0.138
20160407       0.182       0.334       0.603       0.146
20160408       0.179       0.206       0.228       0.078
20160409       0.165       0.198       0.195       0.134
20160410       0.146       0.177       0.184       0.174
20160411       0.130       0.187       0.177       0.158
20160412       0.127       0.174       0.173       0.126
20160413       0.126       0.171       0.168       0.128
20160414       0.117       0.191       0.214       0.270
20160415       0.115       0.697       0.195       0.166
20160416       0.114       0.210       0.242       0.098
20160417       0.113       0.193       0.197       0.096
20160418       0.115       0.209       0.193       0.120
20160419       0.110       0.276       0.220       0.154
20160420       0.104       0.186       0.196       0.096
20160421       0.107       0.243       0.187       0.126
20160422       0.107       0.193       0.196       0.103
20160423       0.102       0.174       0.182       0.107
20160424       0.097       0.170       0.177       0.108
20160425       0.094       0.161       0.168       0.096
20160426       0.091       0.183       0.176       0.108
20160427       0.088       0.151       0.169       0.084
20160428       0.087       0.145       0.151       0.085
20160429       0.086       0.142       0.154       0.096
20160430       0.085       0.150       0.151       0.097
20160501       0.087       0.144       0.156       0.098
20160502       0.077       0.200       0.134       0.096
20160503       0.095       0.289       0.320       0.208
20160504       0.126       0.418       0.208       0.106
20160505       0.169       1.184       0.258       0.129
20160506       0.244       1.388       0.976       0.271
20160507       0.490       2.143       1.559       0.327
20160508       0.734       2.815       2.538       0.631
20160509       0.863       2.695       3.077       0.984
20160510       1.338       2.555       2.322       0.764
20160511       1.620       2.936       2.997       1.249
20160512       2.306       2.335       2.630       1.407
20160513       2.996       2.988       1.965       1.308
20160514       2.659       0.818       1.889       2.415
20160515       2.152       0.337       0.636       0.874
20160516       1.865       0.327       0.336       1.082
20160517       1.691       0.458       0.325       1.409
20160518       1.618       1.011       0.379       2.099
20160519       2.183       1.840       1.119       2.587
20160520       3.402       3.102       1.743       2.285
20160521       4.539       2.724       2.310       2.776
20160522       6.355       4.314       2.767       3.458
20160523       8.220       5.233       4.078       5.628
20160524       7.393       3.508       4.121       6.218
20160525       5.579       2.801       3.067       4.760
20160526       4.503       2.231       2.411       3.977
20160527       4.300       2.222       2.200       3.417
20160528       4.320       2.908       2.426       3.537
20160529       4.324       2.233       2.486       3.954
20160530       7.641       2.375       2.120       2.678
20160531      11.069       5.129       2.994       5.620
20160601       8.970       3.821       4.054       9.021
20160602       6.230       3.259       3.957       7.386
20160603       5.262       3.036       3.356       4.082
20160604       4.336       2.716       2.841       3.780
20160605       3.811       2.453       2.567       3.104
20160606       3.482       2.245       2.357       2.820
20160607       3.324       2.067       2.141       2.609
20160608       2.590       1.746       1.953       2.374
20160609       1.845       1.150       1.587       2.083
20160610       1.405       0.861       1.073       1.102
20160611       1.068       0.792       0.855       1.192
20160612       1.252       0.963       0.822       0.899
20160613       1.221       0.819       0.859       1.065
20160614       1.351       0.836       0.846       1.159
20160615       1.618       1.040       0.863       1.210
20160616       2.017       0.897       1.027       1.369
20160617       1.503       0.752       0.898       1.468
20160618       1.491       0.800       0.783       1.353
20160619       1.314       0.656       0.726       1.160
20160620       1.533       0.491       0.607       1.200
20160621       1.867       3.045       0.853       1.227
20160622       1.129       0.710       1.762       2.155
20160623       1.116       0.606       0.722       0.546
20160624       1.653       0.613       0.636       0.866
20160625       1.420       1.423       1.054       2.302
20160626       2.327       0.578       1.148       1.492
20160627       1.597       0.713       0.629       1.458
20160628       0.941       0.487       0.648       1.188
20160629       0.721       0.421       0.492       0.778
20160630       1.286       0.684       0.566       0.833
20160701       1.092       0.435       0.649       1.160
20160702       1.157       1.316       0.572       0.935
20160703       0.850       0.508       0.870       0.973
20160704       0.631       0.444       0.460       0.556
20160705       0.509       0.423       0.479       0.686
20160706       0.443       0.408       0.442       0.562
20160707       0.395       0.394       0.408       0.418
20160708       0.443       0.409       0.410       0.390
20160709       0.394       0.377       0.419       0.482
20160710       0.483       0.370       0.377       0.388
20160711       0.769       0.449       0.457       0.492
20160712       0.614       0.364       0.439       0.712
20160713       1.608       0.353       0.371       0.560
20160714       1.521       1.866       0.443       0.629
20160715       0.722       0.382       2.068       2.223
20160716       0.639       0.384       0.402       0.410
20160717       0.708       0.412       0.417       0.536
20160718       0.535       0.365       0.397       0.648
20160719       0.393       0.349       0.363       0.534
20160720       0.385       0.340       0.355       0.346
20160721       0.438       0.326       0.338       0.422
20160722       0.394       0.321       0.368       0.417
20160723       0.311       0.337       0.318       0.354
20160724       0.242       0.308       0.317       0.288
20160725       0.417       0.386       0.349       0.271
20160726       0.344       0.350       0.605       0.534
20160727       0.342       0.310       0.347       0.379
20160728       0.508       0.860       0.559       0.444
20160729       0.545       0.331       0.376       0.360
20160730       0.635       0.880       0.355       0.332
20160731       0.374       0.385       0.405       0.502
