date          Qobs       Qsimobs        Qsim       Qusi
20150801      11.295      12.590      13.276      10.941
20150802      12.680      17.375      14.269      11.955
20150803      13.720      15.884      15.699      12.927
20150804      14.137      15.916      16.063      13.566
20150805      14.762      15.625      15.497      13.609
20150806      13.027      14.253      15.002      14.179
20150807      13.205      13.380      15.274      13.133
20150808      12.982      12.294      13.606      12.731
20150809      16.018      27.998      17.879      17.638
20150810      14.844      19.707      23.003      18.378
20150811      13.208      16.859      20.117      14.182
20150812      13.388      19.157      18.968      13.464
20150813      17.559      25.674      19.689      13.823
20150814      16.226      21.717      20.725      18.395
20150815      15.290      19.007      21.025      15.183
20150816      14.097      16.855      18.842      14.241
20150817      12.957      15.171      16.860      13.008
20150818      12.215      13.879      15.289      11.979
20150819      11.594      12.938      13.968      11.447
20150820      10.977      12.275      12.859      10.983
20150821      10.388      11.839      12.272      10.704
20150822       9.869      11.431      11.839      10.241
20150823       9.473      11.024      11.426       9.686
20150824       9.250      10.760      11.038       9.180
20150825       9.088      10.371      10.658       9.073
20150826       8.822      10.012      10.292       8.977
20150827       8.536       9.669      10.012       8.571
20150828       8.145       9.380       9.675       8.415
20150829       7.939       9.202       9.380       7.995
20150830       7.735       9.011       9.190       7.717
20150831       7.628       8.859       9.016       7.679
20150901       7.767       9.043       9.329       8.005
20150902       8.120       8.678       9.441       7.995
20150903       7.921       8.478       8.815       8.191
20150904       7.714       8.338       8.530       7.899
20150905       7.714       8.358       8.831       8.162
20150906       8.652      12.005      10.886       9.873
20150907       9.410       9.316      10.895       9.070
20150908       8.769       8.443       9.399       8.696
20150909       8.458       8.403       8.921       8.832
20150910       8.402       8.143       8.442       8.279
20150911       8.082       7.973       8.100       8.290
20150912       7.786       7.805       7.973       7.965
20150913       7.578       7.726       7.805       7.667
20150914       7.413       7.625       7.641       7.473
20150915       7.293       7.480       7.480       7.297
20150916       7.163       7.346       7.408       7.165
20150917       7.120       7.377       7.355       7.153
20150918       7.132       7.139       7.258       6.999
20150919       9.737      23.637       8.566       8.409
20150920      10.709      13.995      17.641      11.883
20150921       9.762      13.158      14.099       9.790
20150922       9.233      11.039      12.860       9.079
20150923       8.996      11.093      11.358       8.435
20150924      10.212      12.033      11.598       9.140
20150925      11.496       9.706      11.330       9.301
20150926      13.397      18.756      10.590      11.222
20150927      18.362      21.460      16.221      14.366
20150928      18.083      16.797      19.377      19.432
20150929      16.366      14.358      16.866      16.828
20150930      19.288      16.925      16.445      16.598
20151001      19.094      19.308      16.484      20.439
20151002      17.867      15.608      17.537      18.848
20151003      16.693      14.853      15.797      16.918
20151004      14.997      13.758      14.414      15.398
20151005      14.059      13.502      13.304      13.669
20151006      13.401      12.482      12.399      13.023
20151007      11.997      10.671      11.864      11.918
20151008       9.309       9.987      10.670      10.830
20151009       9.205       9.606       9.980       9.160
20151010      10.963       9.303       9.606      10.125
20151011      11.433       9.144       9.444      11.051
20151012      11.000      10.648      10.202      13.140
20151013      11.320      14.937      11.196      13.540
20151014      12.368      13.936      14.690      13.023
20151015      12.918      15.916      15.188      12.784
20151016      14.501      17.318      15.973      13.748
20151017      16.120      24.583      19.193      17.380
20151018      22.834      22.780      22.390      17.445
20151019      26.289      11.554      22.075      21.372
20151020      22.446      18.391      21.100      24.881
20151021      19.314      16.923      19.119      20.767
20151022      17.553      15.213       9.377      17.767
20151023      15.181      13.821      15.202      15.663
20151024      12.580      12.579      13.869      14.397
20151025      15.453      12.355      13.099      12.472
20151026      16.052      16.427      12.443      14.188
20151027      12.104      15.010      13.298      16.057
20151028      12.503      15.373      12.430      12.232
20151029      13.268      13.711      13.583      11.271
20151030       9.664      12.379      12.573      12.209
20151031       7.073      11.613      12.164       9.666
20151101      15.521      11.849      14.553       8.169
20151102      24.342      29.088   -9999.000   -9999.000
20151103      28.275      27.036      24.532      30.874
20151104      22.072      24.868      25.867      32.238
20151105      17.700      22.471      25.116      22.861
20151106      14.979      20.959      23.120      16.931
20151107      13.211      18.793      20.653      14.578
20151108      12.387      17.061      18.746      11.146
20151109      10.928      15.573      17.181      11.597
20151110      11.126      14.477      15.726      10.462
20151111      10.116      13.225      14.513      10.554
20151112       6.982      12.471      13.370       9.816
20151113       6.368      13.403      12.589       7.254
20151114       7.644      12.413      12.805       6.467
20151115       8.819      12.406      12.619       7.243
20151116       8.442      11.717      12.219       9.180
20151117       8.723      11.454      11.786       8.311
20151118       8.569      11.234      11.550       8.720
20151119       7.960      11.073      11.204       8.791
20151120       7.191      10.801      11.240       7.905
20151121       5.615      10.569      10.757       7.351
20151122       6.006      10.314      10.534       5.778
20151123       5.210      10.200      10.283       6.142
20151124       6.186       9.913      10.077       5.260
20151125       6.468       9.764      10.050       6.075
20151126       6.162       9.516       9.761       6.409
20151127       6.358       9.399       9.620       6.158
20151128       6.238       9.669       9.576       6.531
20151129       6.082       9.305       9.501       6.315
20151130       6.487       8.929       9.293       6.149
20151201       6.302       9.284       9.171       6.602
20151202       5.863       8.896       9.058       6.426
20151203       5.990       8.620       9.027       6.088
20151204       5.770       8.354       8.653       5.860
20151205       5.713       8.262       8.461       5.914
20151206       5.788       9.957       8.587       5.998
20151207       5.924       9.820       9.600       6.357
20151208       5.981       9.644       9.616       6.191
20151209       6.203       8.839       9.249       6.035
20151210       6.111       9.963       9.472       6.210
20151211       5.441       8.529       9.176       6.443
20151212       5.958       7.976       8.552       5.047
20151213       5.998       8.485       8.430       6.027
20151214       6.200       8.794       8.403       6.145
20151215       6.473       9.283       9.164       6.677
20151216       6.508      10.700      10.028       7.393
20151217       6.506       9.638       9.412       6.527
20151218       6.401       8.301       9.078       6.155
20151219       5.546       8.492       8.487       6.001
20151220       5.512       7.339       7.885       5.390
20151221       5.628       6.956   -9999.000   -9999.000
20151222       5.770       6.552   -9999.000   -9999.000
20151223       6.049       6.382       6.717       5.510
20151224       6.356       6.085       6.393       5.907
20151225       6.008       5.954       6.162       6.200
20151226       6.119       7.999       6.766       6.720
20151227       6.357       9.186       7.830       7.142
20151228       6.481       9.902       8.117       6.640
20151229       6.682       7.578       8.505       6.178
20151230       6.529       6.715       7.586       5.848
20151231       5.587       6.163       6.732       6.009
20160101       5.224       5.759       6.171       5.177
20160102       5.391       5.404       5.741       4.857
20160103       5.381       5.153       5.408       5.120
20160104       5.552       5.025       5.171       5.213
20160105       5.595       4.888       4.991       5.350
20160106       5.366       4.912       4.889       4.890
20160107       5.401       4.662       4.807       4.838
20160108       5.101       5.344       4.687       4.677
20160109       5.059       5.877       5.164       5.262
20160110       5.146       5.064       5.475       5.599
20160111       5.096       4.812       5.029       5.041
20160112       4.990       4.528       4.715       4.707
20160113       4.813       4.360       4.518       4.521
20160114       4.658       4.217       4.343       4.353
20160115       4.545       4.905       4.397       4.403
20160116       4.511       5.927       4.891       4.982
20160117       4.622       6.177       5.481       5.658
20160118       4.643       5.638       5.452       5.615
20160119       4.585       4.770       5.282       5.365
20160120       4.405       4.374       4.754       4.763
20160121       4.305       4.045       4.354       4.355
20160122  -10000.000       4.167       4.067       4.074
20160123  -10000.000       4.359       4.268       4.319
20160124       4.163       3.841       4.070       4.138
20160125       4.029       3.727       3.896       3.896
20160126       3.917       3.554       3.699       3.712
20160127       3.807       4.819       3.966       3.976
20160128       3.766       5.145       4.242       4.397
20160129       3.813       4.088       4.496       4.641
20160130       3.873       3.864       4.105       4.104
20160131       3.823       3.529       3.850       3.867
20160201       3.790       3.842       3.731       3.732
20160202       3.828       3.680       3.572       3.645
20160203       3.838       3.350       3.339       3.378
20160204       3.789       3.398       3.437       3.444
20160205       3.724       3.413       3.362       3.399
20160206       3.697       4.216       3.360       3.403
20160207       3.650       4.055       3.791       3.920
20160208       3.497       3.845       3.839       3.917
20160209       3.411       4.284       3.902       3.954
20160210       3.479       4.946       4.300       4.421
20160211       3.523       5.076       4.403       4.575
20160212       3.555       6.158       4.592       4.744
20160213       3.588       4.948       4.891       5.134
20160214       3.625       4.012       4.691       4.771
20160215       3.608       3.977       4.071       4.094
20160216       3.491       3.804       3.777       3.843
20160217       3.511       4.695       3.661       3.719
20160218       3.471       3.606       4.045       4.252
20160219       3.318       3.019       3.631       3.659
20160220       3.462       2.692       3.034       3.026
20160221       3.415       2.494       2.735       2.742
20160222       3.297       2.348       4.094       4.412
20160223       3.239       2.298       3.515       2.728
20160224       3.248       2.680       2.606       3.481
20160225       3.288       2.767       2.534       3.382
20160226       3.327       2.483       2.568       3.116
20160227       3.383       2.246       2.396       2.984
20160228       3.373       2.215       2.223       3.050
20160229       3.315       3.288       2.306       3.407
20160301       3.264       2.851       2.335       3.402
20160302       3.140       2.400       2.615       3.013
20160303       3.196       2.155       2.411       2.835
20160304       3.121       1.967       2.178       2.907
20160305       3.033       1.841       1.989       2.898
20160306       2.947       1.748       1.866       2.882
20160307       2.925       1.675       1.764       2.843
20160308       2.940       1.641       1.739       2.924
20160309       2.971       1.644       1.674       2.914
20160310       2.958       2.042       1.591       2.813
20160311       2.980       1.706       1.778       3.034
20160312       2.942       2.412       1.767       2.760
20160313       2.946       5.097       2.032       3.116
20160314       2.955       4.125       3.538       3.341
20160315       3.032       3.320       3.377       2.467
20160316       3.060       3.784       3.282       2.832
20160317       2.970       4.019       3.487       2.986
20160318       2.958       3.921       3.640       3.203
20160319       3.000       3.735       3.667       3.046
20160320       3.040       3.639       3.614       2.958
20160321       3.070       3.251       3.402       2.833
20160322       3.061       3.132       2.935       2.650
20160323   -9999.000   -9999.000       2.605       2.617
20160324       3.068       2.289   -9999.000   -9999.000
20160325       3.045       1.925   -9999.000   -9999.000
20160326       3.034       1.484   -9999.000   -9999.000
20160327       2.953       2.015       1.570       2.699
20160328       3.029       2.239       1.223       2.561
20160329       3.187       3.993       1.032       2.818
20160330       3.221       5.170       3.277       4.659
20160331       3.162       5.564       3.841       3.662
20160401       3.071       3.831       4.556       3.208
20160402       3.025       3.260       3.836       2.617
20160403       2.965       2.856       3.256       2.631
20160404       2.933       2.727       2.861       2.606
20160405       2.902       2.645       2.687       2.982
20160406       2.891       3.313       2.521       2.804
20160407       2.887       3.489       2.521       2.790
20160408       2.926       4.053       2.955       3.349
20160409       3.066       4.249       3.648       2.965
20160410       3.031       3.540       3.724       3.080
20160411       3.006       3.568       3.433       2.721
20160412       2.999       3.650       3.526       2.909
20160413       2.908       3.444       3.493       2.928
20160414       2.928       3.714       3.523       2.918
20160415       2.879       2.953       3.373       2.874
20160416       2.840       2.657       2.983       2.569
20160417       2.845       2.923       2.967       2.891
20160418       2.854       2.724       2.688       2.678
20160419       2.865       2.403       2.597       2.595
20160420       2.838       2.291       2.490       2.737
20160421       2.808       2.177       2.269       2.687
20160422       2.826       2.158       2.209       2.702
20160423       2.780       2.030       2.116       2.726
20160424       2.767       2.216       2.059       2.731
20160425       2.760       1.992       2.092       2.731
20160426       2.831       2.474       2.101       2.652
20160427       3.341       4.947       2.901       4.166
20160428       6.721      16.546       5.966       6.591
20160429       9.889      19.276      11.513       9.432
20160430      14.768      26.881      18.561      11.879
20160501      18.528      31.165      23.952      17.359
20160502      24.339      56.381      29.976      20.013
20160503      29.478      79.555      43.353      33.187
20160504      34.379     104.372      66.007      39.195
20160505      39.077     107.279      88.655      44.225
20160506      44.028     120.668      94.690      43.240
20160507      48.817     134.436     103.407      47.125
20160508      61.333     165.021     121.581      54.312
20160509      70.011     162.642     143.722      70.674
20160510      75.366     128.994     134.867      73.026
20160511      79.386      89.529     109.369      64.783
20160512      76.752      97.654      88.058      65.953
20160513      74.587     109.002      90.333      76.283
20160514      70.833     100.811      96.515      77.738
20160515      67.329     106.409      94.838      71.273
20160516      62.095      88.687      94.296      68.645
20160517      56.837      88.705      87.123      62.329
20160518      52.247      67.823      73.356      51.959
20160519      46.975      67.625      61.414      45.374
20160520      43.079      64.933      73.743      56.201
20160521      40.398      63.697      60.717      43.683
20160522      52.024     101.822      71.289      45.102
20160523      62.701      89.154      90.688      61.905
20160524     105.559     123.900     113.219      77.346
20160525     109.118      97.110     110.484     101.178
20160526      94.720      69.468      89.610      89.853
20160527      73.705      65.145      70.390      78.431
20160528      80.531      75.354      69.162      71.880
20160529      81.389      67.499      70.510      78.741
20160530      71.193      60.881      66.662      76.672
20160531      81.464      67.210      61.553      64.783
20160601      67.465      53.443      62.942      77.725
20160602      52.814      43.005      49.501      55.684
20160603      44.333      42.293      43.782      47.648
20160604      40.514      40.898      39.862      40.439
20160605      34.467      34.789      36.970      35.337
20160606      31.181      32.517      34.345      33.427
20160607      28.782      32.830      33.031      29.608
20160608      39.754      60.272      35.741      33.733
20160609      45.585      40.997      46.238      40.490
20160610      37.580      36.887      39.771      39.639
20160611      33.370      33.443      36.235      34.838
20160612      30.978      31.148      33.653      32.304
20160613      29.461      30.900      33.388      31.245
20160614      29.318      30.565      30.076      28.418
20160615      29.453      28.898      29.042      27.794
20160616      29.480      30.522      29.163      28.875
20160617      34.793      39.380      33.906      33.696
20160618      63.370      90.557      49.015      49.575
20160619      61.494      57.159      63.584      67.784
20160620      50.095      44.004      53.471      52.121
20160621      41.387      39.857      45.537      44.485
20160622      40.533      41.180      43.398      39.861
20160623      39.012      35.941      42.969      41.329
20160624      36.285      32.663      35.609      34.364
20160625      43.222      56.243      40.971      40.946
20160626      38.412      37.056      45.689      48.081
20160627      34.922      33.212      37.689      32.809
20160628      33.318      32.767      34.023      32.370
20160629      34.221      31.544      32.598      32.075
20160630      34.937      30.548      32.274      32.030
20160701      35.081      25.077      29.382      31.550
20160702      33.862      22.689      26.920      32.594
20160703      33.018      20.468      22.279      29.075
20160704      34.177      19.472      21.284      30.594
20160705      37.804      29.226      22.412      36.222
20160706      47.657      36.801      24.494      34.819
20160707      40.508      25.099      29.586      47.797
20160708      34.889      22.141      24.790      33.261
20160709      33.008      20.518      23.760      33.529
20160710      41.927      25.462      21.847      31.098
20160711      48.144      37.817      24.551      39.221
20160712      39.656      25.545      29.305      48.624
20160713      35.649      26.523      26.603      35.659
20160714      36.454      25.914      26.791      34.662
20160715      39.573      25.396      25.578      34.024
20160716      37.149      22.920      24.459      36.767
20160717      37.229      37.392      23.572      35.377
20160718      35.534      26.488      31.043      38.451
20160719      31.906      24.400      27.155      32.336
20160720      29.154      22.365      25.393      30.727
20160721      25.438      20.303      22.292      27.084
20160722      22.569      18.689      20.285      23.274
20160723      20.263      17.246      18.676      20.954
20160724      18.303      16.097      17.232      18.954
20160725      17.142      16.323      16.105      17.373
20160726      16.415      14.820      15.300      16.340
20160727      17.585      15.430      15.439      16.145
20160728      27.409      19.265      18.149      19.690
20160729      23.859      15.319      17.087      25.907
20160730      25.653      20.175      16.199      23.035
20160731      23.685      18.049      17.784      24.895
