date          Qobs       Qsimobs        Qsim       Qusi
20150801      26.688      31.657      34.809      26.166
20150802      24.923      32.371      32.097      25.575
20150803      23.065      30.999      33.430      25.511
20150804      22.450      31.696      32.684      23.685
20150805      25.999      36.938      33.292      23.468
20150806      33.006      36.786      36.361      26.705
20150807      38.310      43.158      36.429      27.652
20150808      42.658      41.423      40.203      38.080
20150809      41.105      38.567      41.591      43.142
20150810      41.196      38.600      39.614      40.755
20150811      45.712      40.345      37.735      39.629
20150812      51.334      41.639      38.394      43.209
20150813      46.939      35.846      41.542      51.426
20150814      36.466      35.897      38.502      46.642
20150815      39.958      39.751      37.744      42.221
20150816      44.883      45.128      39.268      41.534
20150817      52.375      45.883      44.336      46.593
20150818      54.210      45.479      45.787      51.542
20150819      50.393      46.255      45.850      54.359
20150820      47.619      48.178      46.844      51.453
20150821      46.264      47.836      47.433      48.513
20150822      48.013      49.574      47.649      45.746
20150823      50.323      47.533      48.830      47.869
20150824      48.664      46.903      47.394      48.795
20150825      48.726      47.920      46.249      47.725
20150826      57.045      51.890      48.807      48.880
20150827      60.554      48.957      50.701      57.123
20150828      57.359      47.664      49.745      58.672
20150829      50.948      43.762      47.027      54.282
20150830      45.519      43.542      44.043      48.749
20150831      40.649      43.545      43.053      44.026
20150901      35.301      36.606      42.116      39.428
20150902      30.596      35.505      37.875      33.069
20150903      27.207      34.181      36.720      29.395
20150904      24.871      32.882      33.256      25.644
20150905      25.205      35.887      31.754      23.798
20150906      23.393      30.882      32.954      24.300
20150907      21.060      29.438      31.300      22.103
20150908      20.114      27.275      29.960      20.170
20150909      19.226      25.944      29.427      20.803
20150910      18.582      25.989      28.195      19.636
20150911      18.176      25.677      25.535      18.313
20150912      18.282      25.273      25.093      17.256
20150913      19.941      28.268      25.683      17.873
20150914      27.101      32.009      26.881      20.033
20150915      35.954      32.989      28.275      25.972
20150916      39.441      34.899      33.546      36.928
20150917      36.099      30.323      33.300      38.437
20150918      32.926      29.919      30.938      34.099
20150919      34.934      32.415      29.274      30.488
20150920      33.641      30.257      31.002      34.430
20150921      29.297      24.199      29.381      31.659
20150922      24.775      22.237      25.179      26.115
20150923      21.246      21.660      23.855      23.229
20150924      19.679      21.334      21.601      20.139
20150925      21.518      26.149      20.760      18.184
20150926      21.269      22.191      23.316      21.575
20150927      19.533      19.198      22.139      19.304
20150928      17.310      17.598      20.515      18.802
20150929      15.394      17.321      19.139      17.271
20150930      14.388      18.331      18.356      15.101
20151001      15.560      19.584      20.251      15.314
20151002      16.954      20.367      19.937      14.869
20151003      18.805      21.230      21.716      18.629
20151004      17.854      21.875      19.351      18.082
20151005      16.181      18.240      19.633      17.291
20151006      14.592      17.104      17.341      14.544
20151007      12.895      17.043      17.048      13.819
20151008      10.711      16.176      16.467      13.076
20151009       9.485      15.429      15.823      10.375
20151010       8.572      14.443      14.976       8.912
20151011       7.793      12.827      14.158       8.279
20151012       7.109      12.245      12.806       7.409
20151013       6.510      11.253      12.001       6.795
20151014       5.932      10.009      11.201       6.282
20151015       5.472       9.005      10.036       5.490
20151016       5.040       8.138       9.015       5.107
20151017       4.693       7.353       8.157       4.651
20151018       4.391       6.643       7.392       4.370
20151019       4.134       6.001       6.658       4.076
20151020       3.860       5.420       6.012       3.773
20151021       3.642       4.918       6.122       3.782
20151022       3.997       9.764       6.375       3.777
20151023       6.479      28.672      11.368       5.987
20151024       7.238      18.602      20.856       8.282
20151025       7.841      24.243      17.992       7.007
20151026       8.001      18.040      22.887       8.468
20151027       7.732      17.162      18.333       6.976
20151028       7.294      15.271      17.106       7.614
20151029       6.710      13.606      15.409       6.955
20151030       6.166      12.188      14.341       6.577
20151031       6.227      13.649      13.847       5.844
20151101       8.370      23.993      14.054       6.218
20151102       9.441      21.280   -9999.000   -9999.000
20151103      10.127      21.029      20.677       9.593
20151104      10.635      21.468      21.631      10.185
20151105      10.829      19.806      21.269      10.375
20151106      10.488      18.158      20.380      10.510
20151107      10.453      16.784      19.509      10.558
20151108      10.143      18.889      16.650       9.605
20151109       9.537      21.798      16.058      10.126
20151110       9.714      20.422      20.397       9.883
20151111       9.851      18.221      19.975       9.221
20151112       9.653      16.483      18.826       9.648
20151113       8.966      15.066      16.407       9.095
20151114       8.390      14.162      15.262       8.320
20151115       8.469      12.737      13.984       8.407
20151116       8.087      11.153      12.850       7.698
20151117       7.374      10.301      11.343       7.556
20151118       7.046       9.736      10.198       6.825
20151119       6.465       8.370       9.634       6.546
20151120       5.888       7.433       8.375       5.835
20151121       5.450       6.591       7.440       5.285
20151122       4.929       5.828       6.594       4.850
20151123       4.575       5.113       5.854       4.526
20151124       4.261       4.487       5.142       4.059
20151125       4.071       4.032       4.517       3.745
20151126       4.030       3.700       4.728       4.554
20151127       8.015       5.941       4.331       5.385
20151128      14.904       9.023       5.365       6.377
20151129      14.595       6.374       7.647      14.633
20151130      13.115       5.989       6.380      13.396
20151201      12.028       5.754       6.046      12.508
20151202      10.760       5.443       6.550      14.249
20151203      10.602       6.895       5.446      10.418
20151204       9.957       5.933       6.259      10.520
20151205      10.257       7.608       6.078      10.758
20151206      12.251      12.199       7.385      10.011
20151207      12.723      12.163       9.911      13.986
20151208      11.816       9.280      12.152      13.171
20151209      12.460      10.739       9.869      11.049
20151210      13.475      14.165      10.740      11.994
20151211      14.153      13.701      13.099      13.131
20151212      13.315      11.354      12.664      12.716
20151213      11.703       9.936      11.656      12.104
20151214      10.161       9.037       9.931      10.589
20151215       8.876       8.324       8.966       9.392
20151216       7.779       7.709       8.823       8.925
20151217       7.185       7.182       8.546       8.152
20151218       9.319       7.933       8.142       6.856
20151219      13.355       9.263       9.917       9.828
20151220      19.802      21.098      12.071      17.480
20151221      23.766      26.974   -9999.000   -9999.000
20151222      22.249      24.809   -9999.000   -9999.000
20151223      19.407      21.871      19.921      20.798
20151224      17.098      24.275      21.790      18.834
20151225      15.532      33.999      22.825      16.002
20151226      14.013      23.855      28.015      15.832
20151227      12.006      20.189      23.772      12.729
20151228      10.240      17.416      20.835      10.984
20151229       8.989      15.438      17.815       9.546
20151230       7.775      16.000      15.658       8.497
20151231       6.925      20.071      15.286       8.215
20160101       6.360      19.416      17.486       7.410
20160102       5.926      15.893      17.868       6.360
20160103       5.195      14.256      15.864       5.521
20160104       4.723      12.828      14.346       5.036
20160105       4.359      11.535      12.828       4.439
20160106       4.043      10.364      11.535       4.075
20160107       3.731       9.299      10.364       3.849
20160108       3.487       8.339       9.303       3.534
20160109       3.216       7.459       8.343       3.268
20160110       3.009       6.728       7.459       2.990
20160111       2.791       6.144       6.730       2.774
20160112       2.688       5.665       6.146       2.620
20160113       2.557       5.230       5.666       2.564
20160114       2.436       4.837       5.230       2.444
20160115       2.337       4.485       4.838       2.314
20160116       2.265       4.283       4.499       2.215
20160117       2.166       4.073       4.296       2.199
20160118       2.267       3.979       4.098       2.117
20160119       2.212       3.869       3.979       2.229
20160120       2.148       3.856       3.891       2.170
20160121       2.045       3.838       3.861       2.193
20160122       1.945       3.821       4.039       2.210
20160123       1.873       3.818       3.883       1.962
20160124       1.852       3.826       4.162       1.936
20160125       1.900       4.324       4.311       1.956
20160126       2.629      10.949       4.344       2.014
20160127       3.215       9.768       8.177       3.085
20160128       3.578       8.131       9.226       3.268
20160129       3.793       7.712       8.101       3.325
20160130       4.630      13.187       7.554       3.482
20160131       4.859       8.773      12.085       4.570
20160201       4.789       8.075       8.774       4.598
20160202       4.758       7.627       8.102       4.514
20160203       4.596       7.048       7.596       4.560
20160204       4.482       6.631       7.094       4.389
20160205       4.241       6.154       6.890       4.454
20160206       3.989       5.831       6.175       4.180
20160207       3.896       5.717       5.956       3.905
20160208       3.968       5.922       5.790       3.925
20160209       3.957       5.838       5.978       3.947
20160210       3.918       5.546       5.651       3.912
20160211       3.749       5.194       5.483       3.808
20160212       3.555       4.928       5.194       3.549
20160213       3.368       4.688       4.935       3.470
20160214       3.186       4.468       4.688       3.211
20160215       2.985       4.273       4.471       3.103
20160216       2.825       4.145       4.277       2.905
20160217       2.658       4.077       4.152       2.835
20160218       2.553       4.160       4.058       2.760
20160219       2.439       3.986       4.072       2.571
20160220       2.283       4.005       3.999       2.442
20160221       2.168       3.984       3.997       2.361
20160222       2.139       3.959       3.988       2.210
20160223       2.196       3.929       3.986       2.164
20160224       2.204       3.923       3.954       2.230
20160225       2.252       3.900       3.900       2.215
20160226       2.403       3.986       3.927       2.232
20160227       2.400       3.948       3.942       2.435
20160228       2.349       3.951       3.925       2.411
20160229       2.246       3.892       3.923       2.372
20160301       2.193       3.967       4.001       2.280
20160302       2.036       3.861       3.921       2.218
20160303       1.952       3.841       3.861       2.058
20160304       1.875       3.828       3.844       1.988
20160305       1.851       3.819       3.845       1.885
20160306       1.810       3.797       3.822       1.874
20160307       1.746       3.780       3.798       1.834
20160308       1.711       3.764       3.781       1.784
20160309       1.637       3.749       3.775       1.732
20160310       1.563       3.864       3.749       1.636
20160311       1.517       3.837       3.959       1.677
20160312       1.471       3.857       3.991       1.606
20160313       1.453       3.769       4.012       1.507
20160314       1.778       4.895       4.409       1.561
20160315       2.173       4.519       5.141       2.023
20160316       2.524       4.370       5.241       2.556
20160317       2.793       4.481       4.818       2.692
20160318       2.905       4.541       4.429       2.751
20160319       3.005       4.260       4.420       2.882
20160320       3.071       4.155       4.281       2.962
20160321       3.173       4.014       4.158       3.031
20160322       3.278       4.028       4.047       3.193
20160323   -9999.000   -9999.000       3.939       3.247
20160324       3.259       4.016   -9999.000   -9999.000
20160325       3.198       3.885   -9999.000   -9999.000
20160326       3.139       3.871   -9999.000   -9999.000
20160327       3.407       4.466       4.416       3.561
20160328       3.946       5.078       4.542       3.724
20160329       4.433       5.864       5.989       4.876
20160330       4.787       5.137       5.365       4.624
20160331       4.790       4.830       4.965       4.511
20160401       4.624       4.571       4.711       4.474
20160402       4.334       4.355       4.593       4.508
20160403       4.138       4.196       4.392       4.253
20160404       3.939       4.214       4.406       4.167
20160405       3.859       4.521       4.567       4.169
20160406       3.906       4.580       4.678       4.117
20160407       4.168       4.531       4.404       3.984
20160408       4.304       4.244       4.312       4.005
20160409       4.283       4.023       4.215       4.068
20160410       4.158       3.880       4.183       4.121
20160411       3.987       3.890       3.943       4.138
20160412       3.868       3.696       3.810       3.962
20160413       3.746       3.637       3.760       3.765
20160414       3.621       3.575       3.676       3.766
20160415       3.507       3.599       3.533       3.702
20160416       3.431       3.488       3.581       3.554
20160417       3.284       3.403       3.497       3.351
20160418       3.165       3.528       3.414       3.314
20160419       3.116       3.456       3.475       3.347
20160420       3.086       3.576       3.464       3.251
20160421       3.230       3.592       3.556       3.494
20160422       3.344       3.477       3.592       3.258
20160423       3.359       3.417       3.482       3.296
20160424       3.314       3.398       3.413       3.324
20160425       3.200       3.387       3.402       3.341
20160426       3.064       3.374       3.389       3.218
20160427       2.949       3.363       3.376       3.045
20160428       2.874       3.565       3.392       2.998
20160429       2.773       3.577       3.499       2.958
20160430       2.666       3.737       3.529       2.844
20160501       2.610       3.990       3.620       2.736
20160502       2.554       4.350       3.915       2.764
20160503       2.629       5.576       4.865       3.005
20160504       2.928       5.175       4.979       2.827
20160505       3.134       6.206       5.673       3.019
20160506       3.421       8.051       6.164       3.458
20160507       3.941       8.866       8.000       4.344
20160508       5.611      10.991       9.611       4.579
20160509       8.457      13.939      10.928       6.605
20160510      11.052      17.357      13.547       9.818
20160511      12.676      17.932      16.283      12.688
20160512      13.738      20.305      17.980      13.959
20160513      13.344      16.310      18.175      13.960
20160514      12.012      14.175      16.132      12.191
20160515      10.637      12.797      14.180      10.890
20160516       9.365      12.146      12.768       9.824
20160517       8.436      11.936      11.932       8.767
20160518       7.804      10.735      11.585       8.374
20160519       7.323       9.766      10.678       7.584
20160520       6.906      10.557      10.008       6.958
20160521       6.907      12.101      10.695       7.298
20160522       7.675      16.626      13.574       7.653
20160523       9.396      20.269      15.055       8.929
20160524      10.583      17.940      17.766       9.713
20160525      10.996      18.843      17.421      10.165
20160526  -10000.000      20.283      18.358      11.834
20160527  -10000.000      22.934      19.809      12.197
20160528  -10000.000      26.990      22.617      22.620
20160529  -10000.000      28.916      26.207      26.226
20160530  -10000.000      32.031      28.364      28.037
20160531  -10000.000      42.090      31.815      31.766
20160601  -10000.000      40.733      40.689      39.752
20160602  -10000.000      44.597      44.544      44.204
20160603  -10000.000      48.702      43.657      43.257
20160604  -10000.000      49.333      46.364      45.802
20160605  -10000.000      49.626      47.681      47.975
20160606  -10000.000      51.349      48.595      48.781
20160607  -10000.000      53.605      49.955      49.883
20160608  -10000.000      51.498      50.664      50.468
20160609  -10000.000      45.340      48.356      48.631
20160610  -10000.000      39.958      44.097      44.722
20160611  -10000.000      38.463      39.865      39.922
20160612  -10000.000      38.898      38.027      37.834
20160613  -10000.000      39.234      37.811      37.752
20160614  -10000.000      38.879      37.784      37.760
20160615      22.479      41.149      39.294      39.223
20160616      23.941      43.644      39.868      22.718
20160617      26.726      45.049      42.404      24.576
20160618      28.831      44.808      43.420      26.742
20160619      28.918      40.150      42.491      28.302
20160620      27.258      36.392      39.826      27.123
20160621      26.744      38.611      38.158      26.913
20160622      26.445      37.235      38.431      26.468
20160623      26.388      38.281      37.544      25.947
20160624      28.086      39.005      38.499      26.753
20160625      31.970      45.841      40.358      29.096
20160626      35.460      42.246      43.623      33.043
20160627      43.882      51.103      43.513      35.311
20160628      47.127      46.416      47.144      43.304
20160629      44.183      41.082      45.108      44.088
20160630      43.601      41.982      42.505      41.791
20160701      47.056      40.332      41.912      42.088
20160702      45.704      41.374      41.523      45.601
20160703      42.969      40.345      42.299      46.020
20160704      37.925      36.815      39.440      41.591
20160705      33.651      36.419      38.000      36.666
20160706      30.892      36.918      35.952      32.933
20160707      28.765      33.258      37.823      31.090
20160708      26.830      33.433      33.539      27.270
20160709      26.777      36.734      34.922      27.683
20160710      28.113      34.244      35.892      27.392
20160711      30.540      36.984      38.422      29.873
20160712      33.128      38.690      37.374      31.356
20160713      35.988      39.426      40.300      35.791
20160714      36.792      39.189      39.076      35.651
20160715      36.491      38.379      38.068      35.954
20160716      36.435      39.351      38.294      36.478
20160717      37.340      44.975      40.144      37.447
20160718      36.628      40.393      40.468      36.839
20160719      34.811      38.024      40.201      35.216
20160720      35.960      39.226      39.245      34.425
20160721      42.732      41.695      40.044      35.762
20160722      52.797      47.187      43.243      43.809
20160723      58.373      49.920      46.344      55.581
20160724      58.456      48.569      48.410      59.105
20160725      58.001      49.574      48.812      58.328
20160726      61.137      52.337      51.239      59.796
20160727      59.111      50.053      52.849      59.844
20160728      58.669      50.699      49.660      58.030
20160729      56.261      48.507      49.633      55.414
20160730      52.715      48.803      48.819      54.959
20160731      48.367      47.447      47.761      50.819
