date          Qobs       Qsimobs        Qsim       Qusi
20150801       3.193       3.999       4.215       3.139
20150802       2.837       4.529       3.999       3.066
20150803       2.562       4.851       4.533       3.018
20150804       2.360       4.096       4.517       2.589
20150805       2.331       6.517       4.418       2.399
20150806       2.672       5.628       5.164       2.420
20150807       2.908       5.003       5.072       2.554
20150808       2.911       4.706       5.016       2.643
20150809       2.718       4.961       4.676       2.672
20150810       2.447       4.341       4.300       2.588
20150811       2.207       4.014       4.335       2.290
20150812       2.008       3.710       4.005       2.104
20150813       1.815       3.409       3.701       1.906
20150814       1.643       3.129       3.404       1.692
20150815       1.495       2.874       3.130       1.570
20150816       1.370       2.650       2.868       1.413
20150817       1.259       2.434       2.650       1.293
20150818       1.156       2.253       2.454       1.192
20150819       1.070       2.088       2.271       1.081
20150820       0.994       1.949       2.088       0.998
20150821       0.932       1.819       1.949       0.933
20150822       0.878       1.710       1.819       0.874
20150823       0.827       1.618       1.710       0.836
20150824       0.789       1.583       1.618       0.792
20150825       0.805       1.632       1.541       0.760
20150826       0.903       3.031       2.524       1.253
20150827       1.078       2.739       2.725       1.157
20150828       1.964       4.604       2.783       1.109
20150829       2.792       3.412       3.815       2.047
20150830       2.766       3.168       3.394       2.545
20150831       2.446       2.750       3.118       2.588
20150901       2.161       2.503       2.897       2.314
20150902       3.415       5.446       4.359       3.349
20150903       8.525       6.230       5.148       3.962
20150904      10.897       6.908       5.870       9.157
20150905      10.629       6.821       7.488      12.271
20150906      14.413       7.483       6.362       9.670
20150907      12.844       6.100       7.029      13.221
20150908       9.650       5.582       6.187      11.733
20150909       7.726       5.150       5.547       8.927
20150910       6.433       4.761       5.156       7.219
20150911       5.544       4.396       4.766       6.105
20150912       4.870       4.055       4.396       5.221
20150913       4.355       4.158       4.071       4.597
20150914       4.001       4.128       3.920       4.070
20150915       4.308       3.934       3.689       3.963
20150916       9.907      12.530       5.099       4.936
20150917      21.320      18.078       9.214      13.225
20150918      32.941      27.271      19.445      29.937
20150919      31.186      17.152      22.652      33.171
20150920      23.864      14.057      17.167      24.968
20150921      18.602      11.717      14.030      19.331
20150922      15.215       9.861      11.442      14.735
20150923      13.237       8.750      10.106      12.907
20150924      12.019       7.688       8.627      11.070
20150925      11.277      11.008       8.727      11.433
20150926      11.161       7.853      10.436      12.253
20150927      10.162       7.033       7.875       9.538
20150928       9.048       6.323       7.006       8.920
20150929       8.049       5.865       6.387       8.232
20150930       7.205       3.487       5.924       7.458
20151001       6.572       3.240       5.439       6.768
20151002       6.041       3.007       5.039       6.157
20151003       5.525       2.788       3.007       5.582
20151004       5.089       3.968       2.788       5.162
20151005       4.686       3.671       2.583       4.752
20151006       4.293       3.414       2.389       4.380
20151007       3.927       3.170       3.414       4.043
20151008       3.605       2.943       3.172       3.715
20151009       3.321       2.729       2.944       3.389
20151010       3.091       2.528       2.729       3.075
20151011       2.896       2.340       2.532       2.931
20151012       2.732       2.162       2.340       2.656
20151013       2.587       2.005       2.162       2.561
20151014       2.441       1.844       2.002       2.414
20151015       2.290       1.696       1.844       2.253
20151016       2.186       1.567       1.696       2.122
20151017       2.078       1.458       1.567       2.038
20151018       1.985       1.386       1.458       1.956
20151019       1.907       1.355       1.386       1.904
20151020       1.833       1.332       1.350       1.883
20151021       1.774       1.326       1.332       1.830
20151022       1.755       1.683       1.339       1.784
20151023       1.767       1.546       1.468       2.001
20151024       1.743       1.416       1.412       1.723
20151025       1.794       1.806       1.600       1.849
20151026       1.954       1.611       1.647       2.066
20151027       1.980       1.468       1.553       1.786
20151028       1.939       1.377       1.427       1.825
20151029       1.873       1.335       1.376       1.832
20151030       1.801       1.318       1.334       1.816
20151031       1.726       1.313       1.318       1.776
20151101       1.678       1.306       1.311       1.740
20151102       1.644       1.299   -9999.000   -9999.000
20151103       1.598       1.292       1.304       1.651
20151104       1.566       1.294       1.292       1.608
20151105       1.531       1.290       1.286       1.578
20151106       1.505       1.290       1.282       1.554
20151107       1.626       2.738       1.699       1.950
20151108       3.605       9.111       2.317       2.117
20151109       7.109       7.050       4.964       3.159
20151110       8.796       8.002       6.748       7.190
20151111       8.456       6.608       6.975       8.850
20151112       7.485       6.335       6.620       7.430
20151113       7.011       5.944       6.142       7.143
20151114       7.610      12.686       7.609       8.247
20151115       7.277       7.886       6.395       7.953
20151116       6.617       6.930       7.886       6.373
20151117       6.597       9.462       8.022       6.769
20151118       6.728       7.226       7.716       6.950
20151119       6.446       6.884       7.177       5.910
20151120       5.950       6.366       6.590       6.072
20151121       5.402       5.927       6.366       5.690
20151122       4.949       5.515       5.927       5.139
20151123       4.502       5.385       5.515       4.708
20151124       4.113       5.064       5.203       4.210
20151125       3.910       9.126       5.491       4.157
20151126       3.852       6.764       6.686       4.745
20151127       3.766       6.440       6.858       3.720
20151128       4.156      12.076       7.141       4.422
20151129       5.756      13.138       9.314       5.806
20151130       7.990       9.030      10.673       6.172
20151201       8.197       7.433      10.039       7.044
20151202       7.209       6.721       8.979       7.255
20151203       6.416       6.778       6.726       6.687
20151204       6.628       7.338       7.586       7.049
20151205      10.999      17.182      10.931       9.913
20151206      12.627      11.278      13.526      14.328
20151207      11.322       9.860      11.210      10.355
20151208       9.658       8.186       9.269      10.005
20151209       8.724      14.040       8.481       8.505
20151210       8.230      10.959       7.351       8.075
20151211       7.782       8.798       9.801       7.800
20151212       7.091       7.485       8.730       6.649
20151213       6.385       6.792       7.485       6.301
20151214       5.826       6.335       6.792       5.957
20151215       5.261       5.908       6.336       5.517
20151216       4.715       5.495       5.908       4.989
20151217       4.382       5.159       5.572       4.681
20151218       4.329       7.214       5.848       4.566
20151219       4.483       6.576       6.285       4.920
20151220       4.840       6.328       6.194       4.282
20151221       5.419       5.831   -9999.000   -9999.000
20151222       5.638       5.694   -9999.000   -9999.000
20151223       6.008       5.987       5.797       5.707
20151224       6.172       5.874       5.670       6.015
20151225       7.143       9.199       6.806       7.197
20151226       8.115       6.784       6.955       7.399
20151227       7.430       6.291       6.785       7.154
20151228       6.615       5.987       6.326       7.140
20151229       6.037       5.541       5.949       6.264
20151230       5.534       5.169       5.541       5.684
20151231       5.208       5.088       5.194       5.328
20160101       4.956       4.699       4.983       5.251
20160102       4.669       4.539       4.707       4.684
20160103       4.385       4.201       4.448       4.433
20160104       4.126       3.905       4.196       4.177
20160105       3.773       3.637       3.907       3.929
20160106       3.532       3.380       3.634       3.609
20160107       2.993       3.143       3.379       3.288
20160108       2.787       2.949       3.149       3.244
20160109       2.710       2.736       2.941       2.632
20160110       2.648       2.624       2.757       2.564
20160111       2.709       2.642       2.707       2.628
20160112       2.796       2.431       2.573       2.577
20160113       2.785       2.241       2.415       2.583
20160114       2.674       2.056       2.232       2.588
20160115       2.389       1.894       2.055       2.529
20160116       2.302       1.751       1.893       2.478
20160117  -10000.000       1.661       1.740       2.108
20160118  -10000.000       1.617       1.661       2.200
20160119  -10000.000       1.590       1.617       1.617
20160120  -10000.000       1.567       1.589       1.590
20160121       1.802       1.546       1.567       1.567
20160122       1.703       1.526       1.546       1.545
20160123       1.632       1.517       1.532       1.532
20160124       1.621       1.494       1.522       1.632
20160125       1.655       1.487       1.507       1.824
20160126       1.754       1.749       1.776       2.211
20160127       2.190       5.665       2.662       2.938
20160128       4.773      11.758       5.437       3.742
20160129       8.034      11.198       8.263       5.471
20160130      12.053      19.842       9.735       9.005
20160131      11.959      15.313      15.512      13.704
20160201       9.705      12.098      14.566      11.284
20160202       8.410       9.914      12.348       9.053
20160203       7.724      13.516       9.907       7.194
20160204       6.931       9.906      11.248       8.430
20160205       6.258       8.141       9.906       6.157
20160206       5.968       7.195      10.047       6.726
20160207       7.707      18.155      11.500       8.401
20160208      14.424      18.820      16.316      10.535
20160209      22.902      25.312      20.050      14.779
20160210      23.837      20.981      22.186      23.576
20160211      19.774      16.868      19.204      21.691
20160212      15.712      13.742      16.551      17.344
20160213      13.085      11.244      13.783      13.700
20160214      11.189       9.177      11.227      11.173
20160215       9.684       7.906       9.181       9.561
20160216       9.077       7.012       7.907       8.726
20160217       8.342       6.643       7.014       8.215
20160218       7.020       6.203       6.513       7.806
20160219       6.371       5.801       6.083       6.664
20160220       5.927       5.661       5.816       6.160
20160221       5.630       6.936       5.513       5.919
20160222       5.242       5.551       6.026       5.860
20160223       4.924       5.177       5.550       5.007
20160224       4.458       4.826       5.176       4.720
20160225       4.212       4.498       4.825       4.204
20160226       3.910       4.189       4.497       4.056
20160227       3.664       3.899       4.189       3.734
20160228       3.372       3.628       3.900       3.467
20160229       3.172       3.373       3.628       3.231
20160301       2.976       3.135       3.375       2.960
20160302       2.851       2.883       3.147       2.836
20160303       2.788       2.812       2.972       2.795
20160304       2.751       2.894       2.814       2.670
20160305       2.720       3.587       2.760       2.977
20160306       2.655       3.272       3.324       2.997
20160307       2.637       3.454       3.167       2.707
20160308       2.588       3.256       3.090       2.619
20160309       2.527       2.819       2.909       2.467
20160310       2.463       3.009       3.010       2.423
20160311       2.399       2.895       2.996       2.507
20160312       2.336       2.691       2.847       2.413
20160313       2.275       3.222       2.778       2.427
20160314       2.276       3.700       3.407       2.747
20160315       2.546       3.968       4.288       3.039
20160316       3.620       5.158       4.407       2.744
20160317       4.817       5.066       5.169       4.315
20160318       5.928       6.957       5.218       4.876
20160319       6.585       5.780       6.052       6.559
20160320       6.811       6.762       6.245       6.686
20160321       6.733       6.918       6.749       7.486
20160322       6.424       6.715       6.743       6.799
20160323   -9999.000   -9999.000       6.188       6.053
20160324       5.806       6.098   -9999.000   -9999.000
20160325       5.631       6.701   -9999.000   -9999.000
20160326       5.758       5.901   -9999.000   -9999.000
20160327       6.155       5.967       6.065       5.245
20160328       7.537      11.763       7.109       6.768
20160329      10.478      10.050       9.847       9.366
20160330      13.233       9.733       9.598      10.138
20160331      15.439      10.827       9.426      12.485
20160401      16.049       8.740      11.049      16.298
20160402      15.368       8.456       8.684      13.781
20160403      16.319      10.416       8.640      14.265
20160404      16.779      10.014       9.457      16.705
20160405      17.697      13.053      10.534      17.427
20160406      18.729      10.841      11.177      17.239
20160407      17.896       9.698      10.217      16.413
20160408      16.485       8.732      11.218      17.498
20160409      15.368       8.960       9.256      15.226
20160410      14.066       7.730       8.056      14.149
20160411      12.565       6.813       7.674      12.042
20160412      11.300       6.586       7.064      10.982
20160413      10.298       6.371       6.511      10.594
20160414       9.421       6.160       6.549       9.869
20160415       8.815       5.951       6.038       9.416
20160416       8.552       6.419       6.013       8.536
20160417       8.861       9.294       8.134      11.607
20160418       9.721       7.352       7.469       9.472
20160419       9.914       7.289       7.273       8.948
20160420       9.209       6.739       7.033       9.530
20160421       8.329       6.245       6.663       8.518
20160422       7.509       5.880       6.250       7.470
20160423       6.718       5.510       5.840       7.000
20160424       6.143       5.143       5.499       6.198
20160425       5.785       4.944       5.763       6.191
20160426       5.427       4.584       4.976       5.668
20160427       5.046       4.275       4.643       5.159
20160428       4.694       4.041       4.334       4.794
20160429       6.146      10.975       6.915       7.654
20160430       9.720      10.542       7.934       8.085
20160501      13.445      20.215      14.129      16.380
20160502      15.142      14.619      15.258      15.098
20160503      12.720      11.611      13.978      13.805
20160504      10.707       9.493      11.850      11.239
20160505       9.272       7.945       9.473       9.010
20160506       8.166       7.150       7.944       7.944
20160507       7.196       6.653       7.151       7.501
20160508       6.433       6.210       6.652       6.740
20160509       5.813       5.795       6.212       6.145
20160510       5.293       5.397       5.794       5.529
20160511       4.776       5.029       5.403       4.966
20160512       4.308       4.683       5.035       4.480
20160513       3.900       4.409       4.684       4.113
20160514       3.583       4.085       4.399       3.641
20160515       3.281       3.795       4.087       3.405
20160516       2.976       3.523       3.795       3.127
20160517       2.718       3.267       3.523       2.838
20160518       2.501       3.026       3.267       2.569
20160519       2.336       2.812       3.035       2.371
20160520       2.230       2.623       2.829       2.175
20160521       2.253       2.942       3.518       2.814
20160522       2.259       3.048       2.809       2.247
20160523       2.409       3.777       3.351       2.673
20160524       2.842       3.243       3.978       2.803
20160525       3.643       3.753       3.706       3.045
20160526       3.943       3.203       3.484       3.532
20160527       3.598       2.957       3.206       3.693
20160528       3.240       2.762       2.991       3.456
20160529       3.084       3.209       2.955       3.187
20160530       3.158       3.655       4.621       4.649
20160531       3.196       3.066       3.200       3.109
20160601       3.024       2.825       3.067       2.966
20160602       2.755       2.598       2.824       2.829
20160603       2.465       2.383       2.598       2.555
20160604       2.183       2.297       2.384       2.276
20160605       1.932       2.061       2.264       2.053
20160606       1.734       1.897       2.062       1.809
20160607       1.574       1.774       1.897       1.607
20160608       1.454       1.713       1.774       1.472
20160609       1.318       1.617       1.695       1.401
20160610       1.198       1.557       1.624       1.296
20160611       1.102       1.526       1.557       1.174
20160612       1.033       1.495       1.526       1.095
20160613       0.972       1.483       1.495       1.026
20160614       0.914       1.462       1.481       0.972
20160615       0.878       1.446       1.462       0.912
20160616       0.847       1.480       1.472       0.892
20160617       0.821       1.438       1.453       0.852
20160618       0.813       1.442       1.446       0.804
20160619       0.791       1.420       1.482       0.838
20160620       0.778       1.403       1.420       0.790
20160621       0.845       2.410       1.640       0.910
20160622       0.951       1.724       2.026       0.927
20160623       0.972       1.554       1.723       0.853
20160624       0.935       1.472       1.557       0.886
20160625       0.884       1.402       1.464       0.883
20160626       0.837       1.384       1.402       0.858
20160627       0.827       1.620       2.317       1.401
20160628       0.813       1.656       1.657       0.925
20160629       0.782       1.426       1.541       0.800
20160630       0.753       1.381       1.439       0.750
20160701       0.746       1.414       1.445       0.766
20160702       0.904       3.289       1.672       0.864
20160703       1.295       2.677       2.834       1.172
20160704       1.525       2.513       2.505       1.228
20160705       1.752       2.231       2.517       1.481
20160706       2.035       2.026       2.303       1.526
20160707       1.907       1.831       2.020       1.832
20160708       1.660       1.651       1.827       1.756
20160709       1.484       1.556       1.771       1.616
20160710       1.356       1.450       1.708       1.548
20160711       1.275       1.423       1.464       1.302
20160712       1.354       1.697       1.540       1.353
20160713       2.591       1.488       1.676       1.387
20160714       3.798       1.477       2.231       3.115
20160715       4.577       1.934       1.550       3.799
20160716       4.118       1.497       1.701       4.597
20160717       3.351       1.440       1.497       3.778
20160718       2.739       1.382       1.431       3.283
20160719       2.313       1.357       1.382       2.728
20160720       1.981       1.327       1.355       2.305
20160721       1.716       1.300       1.327       1.972
20160722       1.521       1.321       1.300       1.700
20160723       1.366       1.349       1.308       1.510
20160724       1.239       1.277       1.304       1.345
20160725       1.127       1.260       1.277       1.227
20160726       1.063       1.367       1.261       1.112
20160727       1.017       1.351       1.285       1.052
20160728       0.982       1.876       1.337       1.028
20160729       0.950       1.388       1.606       1.030
20160730       0.935       2.026       1.406       0.845
20160731       0.929       1.922       1.816       1.006
