date          Qobs       Qsimobs        Qsim       Qusi
20150801     262.165     223.620     235.109     281.035
20150802     226.764     201.158     222.610     255.698
20150803     233.703     226.786     199.430     215.825
20150804     217.225     184.408     214.826     207.478
20150805     182.576     162.336     185.811     179.298
20150806     186.112     169.070     166.736     176.760
20150807     181.607     196.143     171.055     177.883
20150808     167.722     191.211     181.516     181.129
20150809     158.738     160.620     183.471     167.079
20150810     136.947     142.382     166.063     153.468
20150811     124.045     134.410     148.378     137.858
20150812     147.657     161.371     149.890     130.763
20150813     144.842     131.859     155.100     142.895
20150814     125.544     121.860     132.447     136.343
20150815     112.722     115.134     122.016     121.469
20150816     104.111     108.789     115.296     110.233
20150817      98.603     102.736     109.153      99.904
20150818      93.358      99.089     103.529      93.328
20150819      89.222      93.427      98.448      90.483
20150820      85.518      88.525      92.928      85.781
20150821      78.689      84.058      88.671      82.278
20150822      71.528      80.140      84.322      77.936
20150823      69.650      76.972      80.340      68.376
20150824      71.571      74.813      77.076      66.313
20150825      74.287      72.303      74.736      67.763
20150826      70.886      70.356      72.425      72.906
20150827      67.271      67.659      70.059      69.597
20150828      68.081      65.873      67.636      65.839
20150829      77.109      64.082      68.263      65.945
20150830      73.486      62.386      64.355      71.525
20150831      68.617      61.025      68.108      81.796
20150901      74.101      61.071      70.317      76.187
20150902      68.724      57.442      59.584      70.003
20150903      62.746      55.434      57.450      66.652
20150904      59.412      55.014      56.521      63.410
20150905      58.831      63.821      62.129      66.404
20150906      66.708      88.528      73.053      70.690
20150907      67.744      67.837      77.376      68.790
20150908      64.436      60.171      68.557      62.773
20150909      62.119      57.325      62.871      60.400
20150910      61.265      54.379      57.103      57.828
20150911      58.612      52.526      54.181      59.927
20150912      55.988      50.897      52.742      58.050
20150913      53.317      49.961      51.016      54.532
20150914      51.834      48.565      49.436      52.270
20150915      49.046      47.710      48.105      50.689
20150916      47.222      46.757      47.492      47.969
20150917      46.872      45.420      46.340      46.478
20150918      46.712      45.546      45.573      45.337
20150919      67.250     118.687      56.477      55.457
20150920      77.188      87.396      96.019      71.838
20150921      70.988      76.549      83.074      71.341
20150922      64.784      69.364      75.711      66.588
20150923      63.470      75.551      73.778      63.335
20150924      64.585      66.358      74.762      62.894
20150925      62.146      60.044      65.153      59.733
20150926      63.739      80.904      67.470      65.786
20150927      82.977      97.933      83.872      70.106
20150928      75.463      76.690      86.886      84.325
20150929      70.262      71.458      79.409      74.794
20150930      82.078      96.530      82.221      76.284
20151001     102.442     115.594     100.136      94.255
20151002      96.539      95.438     107.620     105.103
20151003      89.559     112.628      95.579      96.638
20151004      81.804      96.806     103.170      90.967
20151005      74.917      97.144      94.851      76.314
20151006      66.802      81.804      90.429      72.649
20151007      62.655      74.600      81.918      60.448
20151008      59.838      69.683      73.537      58.877
20151009      57.237      65.777      67.887      54.645
20151010      52.817      60.492      65.302      55.584
20151011      53.873      57.341      63.026      53.991
20151012      80.522      67.047      71.704      61.682
20151013     123.080      82.574      71.119      68.448
20151014     105.086      69.761      77.350     132.181
20151015     101.992      77.820      75.108     104.766
20151016     117.535     109.864      82.923     113.666
20151017     135.850      99.128     114.123     138.009
20151018     174.750     106.047     112.652     144.998
20151019     164.101      90.593      99.933     152.601
20151020     140.065      83.858      92.563     147.527
20151021     122.846      81.607      86.404     126.380
20151022     109.677      75.198      80.596     114.629
20151023      96.615      70.116      74.031     104.942
20151024      88.379      66.046      70.399      92.603
20151025      83.377      66.734      67.554      83.322
20151026      80.301      70.184      67.698      80.899
20151027      71.144      67.200      67.477      81.605
20151028      68.058      60.710      65.352      69.664
20151029      72.415      60.855      62.384      61.910
20151030      65.624      54.765      58.521      69.198
20151031      60.664      52.521      56.405      64.964
20151101      79.823      62.301      58.950      60.319
20151102     149.344     132.905   -9999.000   -9999.000
20151103     181.243     152.300     124.989     179.457
20151104     160.978     130.554     137.103     175.700
20151105     134.603     124.031     128.221     159.239
20151106     109.991     109.742     121.287     141.260
20151107      97.465     102.250     109.705     104.073
20151108      89.561      93.621     101.855      96.127
20151109      81.884      85.637      93.358      86.456
20151110      75.081      88.875      86.344      77.602
20151111      68.994      79.315      85.150      73.171
20151112      64.413      74.121      79.986      67.243
20151113      59.964      69.387      75.156      61.181
20151114      55.771      65.780      69.528      59.634
20151115      54.577      61.471      66.308      53.666
20151116      46.668      57.030      61.288      53.323
20151117      44.296      53.822      57.072      48.108
20151118      52.731      52.271      54.476      40.023
20151119      43.532      51.635      52.379      51.475
20151120      38.244      49.761      51.760      44.611
20151121      37.274      53.722      52.915      38.300
20151122      34.177      49.633      51.453      39.626
20151123      36.666      47.867      49.470      32.669
20151124      53.500      45.965      47.935      33.421
20151125      56.840      44.442      46.165      48.959
20151126      57.989      43.313      44.524      53.267
20151127      58.592      54.032      47.787      47.817
20151128      53.362      48.046      50.151      50.954
20151129      50.124      44.919      47.822      47.840
20151130      55.950      43.981      45.660      45.677
20151201      61.573      42.402      44.078      44.157
20151202      67.834      44.020      43.757      43.784
20151203      67.050      40.272      44.125      43.850
20151204      62.136      62.955      44.023      44.071
20151205      54.103      54.568      49.541      51.142
20151206      51.263      51.503      52.964      53.545
20151207      47.542      61.764      54.140      54.171
20151208      42.148      73.510      62.356      63.340
20151209      39.502      59.549      64.291      66.803
20151210      40.855      73.896      61.358      61.441
20151211      35.155      57.455      67.654      68.468
20151212      30.362      52.036      57.567      57.558
20151213      34.639      50.734      52.854      52.885
20151214      35.947      49.335      50.776      50.788
20151215      37.487      61.971      51.495      51.577
20151216      37.313      73.166      52.261      52.466
20151217      36.527      51.843      51.300      51.426
20151218      42.988      44.439      52.165      52.190
20151219      49.943      46.076      46.023      46.076
20151220      40.895      41.634      43.180      42.867
20151221      42.637      86.027   -9999.000   -9999.000
20151222      43.672      68.981   -9999.000   -9999.000
20151223      39.080      55.302      60.505      61.385
20151224      38.100      48.773      56.016      56.358
20151225      37.878      48.933      49.911      49.893
20151226      33.687      61.440      51.335      51.988
20151227      27.430      57.513      58.251      58.924
20151228      32.274      49.049      53.259      53.382
20151229      37.391      43.248      48.014      48.053
20151230      39.600      40.323      43.138      43.180
20151231      37.994      37.058      39.911      39.951
20160101      40.390      38.322      36.812      36.857
20160102      33.474      40.128      36.167      36.557
20160103      31.445      35.632      37.920      37.942
20160104      31.926      34.912      35.689      35.665
20160105      40.664      32.849      34.243      34.255
20160106      61.193      31.153      32.682      32.696
20160107      86.173      29.815      31.132      31.153
20160108     110.945      28.799      29.793      29.792
20160109     129.764      27.911      29.502      29.479
20160110     102.771      30.500      28.275      28.299
20160111      76.081      28.789      29.331      29.403
20160112      71.074      26.631      28.260      28.266
20160113      61.437      25.440      26.646      26.656
20160114      58.795      24.234      25.327      25.293
20160115      55.825      23.710      24.276      24.266
20160116      56.312      23.605      23.990      23.992
20160117      54.966      25.538      24.322      24.332
20160118      55.327      29.716      27.048      27.100
20160119      55.898      24.592      26.441      26.561
20160120      57.197      22.687      24.359      24.354
20160121      56.213      21.380      22.742      22.732
20160122      52.518      21.263      22.080      22.103
20160123      50.258      20.129      21.627      21.616
20160124      47.659      19.919      20.045      20.048
20160125      45.776      20.420      20.951      20.955
20160126      42.306      21.569      20.155      20.236
20160127      40.496      28.593      22.421      22.499
20160128      36.490      22.236      24.683      24.882
20160129      39.066      22.316      21.784      21.829
20160130      48.355      23.413      22.007      22.059
20160131      43.295      26.097      22.246      22.349
20160201      37.520      25.696      27.225      27.336
20160202      36.139      21.179      25.022      25.296
20160203      36.908      18.555      21.728      21.731
20160204      34.250      26.400      19.920      19.923
20160205      34.428      20.376      22.176      22.399
20160206      33.499      17.635      19.877      19.905
20160207      30.959      18.524      19.177      19.160
20160208      28.891      17.502      17.741      17.821
20160209      29.496      21.537      19.196      19.221
20160210      29.354      27.053      21.192      21.303
20160211      30.594      22.485      22.526      22.747
20160212      28.629      21.099      21.778      21.815
20160213      27.863      17.965      19.473      19.578
20160214      25.222      18.383      17.757      17.810
20160215      23.869      15.760      18.117      18.208
20160216      20.876      17.258      16.636      16.643
20160217      18.126      14.985      16.625      16.688
20160218      15.368      13.265      14.632      14.681
20160219      11.721      12.772      13.184      13.191
20160220      15.749      11.870      12.413      12.425
20160221      17.277      13.400      12.106      12.109
20160222      19.161      12.963      13.366      13.435
20160223      20.778      11.907      12.350      12.406
20160224      21.068      21.503      14.879      14.888
20160225      20.910      14.885      16.581      16.837
20160226      20.991      12.275      14.410      14.431
20160227      20.930      11.205      12.492      12.482
20160228      20.146      10.411      11.074      11.102
20160229      19.492      13.361      11.181      11.198
20160301      18.999      10.933      11.876      11.930
20160302      18.798      10.782      10.541      10.555
20160303      18.508      10.352      10.367      10.373
20160304      18.470      10.615       9.905       9.938
20160305      18.236       9.172      11.156      11.229
20160306      18.159       8.821       9.046       9.077
20160307      17.896       8.084       8.647       8.670
20160308      18.149       8.478       8.373       8.397
20160309      18.174       8.222       8.649       8.680
20160310      17.265       7.282       7.836       7.870
20160311      17.391       6.808       7.286       7.278
20160312      18.229       7.922       7.079       7.052
20160313      19.542      10.006       7.628       7.969
20160314      18.629      13.389       9.969      10.339
20160315      18.813      18.725      13.243      24.832
20160316      22.218      28.586      20.387      27.716
20160317      21.981      36.961      26.097      29.221
20160318      19.848      33.628      32.466      25.514
20160319      19.398      29.206      31.712      19.703
20160320      19.542      22.827      27.151      16.793
20160321      18.353      19.218      22.623      16.699
20160322      16.471      18.726      18.758      15.648
20160323   -9999.000   -9999.000      15.615      13.905
20160324      15.660      14.833   -9999.000   -9999.000
20160325      19.437      11.354   -9999.000   -9999.000
20160326      22.687      10.264   -9999.000   -9999.000
20160327      17.502      16.597      10.660      23.032
20160328      16.625      24.469      15.240      27.008
20160329      18.399      36.747      20.892      23.187
20160330      21.477      47.801      32.052      24.561
20160331      21.526      51.973      40.975      24.470
20160401      18.618      42.396      46.857      24.416
20160402      17.772      38.605      42.355      18.215
20160403      16.974      35.681      38.627      16.968
20160404      16.756      34.289      35.516      16.624
20160405      17.057      32.176      34.392      16.957
20160406      17.321      31.619      32.460      16.511
20160407      17.956      36.976      31.255      18.160
20160408      19.346      38.909      32.818      18.660
20160409      19.449      36.728      35.332      19.402
20160410      19.478      39.378      36.069      20.363
20160411      20.246      36.300      36.545      20.112
20160412      20.461      36.566      36.856      21.008
20160413      19.238      35.798      37.714      21.494
20160414      17.459      31.015      35.239      19.923
20160415      16.876      28.045      32.019      17.210
20160416      16.832      25.730      28.260      16.250
20160417      16.860      26.744      26.673      16.082
20160418      16.588      23.177      25.361      16.014
20160419      16.836      21.241      23.137      15.210
20160420      17.142      19.766      22.129      16.320
20160421      17.301      18.698      19.747      16.056
20160422      17.345      17.762      18.746      17.023
20160423      17.638      21.548      18.653      17.916
20160424      17.183      18.423      19.614      18.424
20160425      16.178      18.092      19.030      17.431
20160426      16.128      19.204      18.836      16.822
20160427      19.138      30.672      21.826      19.936
20160428      44.749      60.645      35.014      27.210
20160429      73.884      59.354      50.720      49.536
20160430      94.679      90.859      62.593      88.370
20160501     100.234      90.556      80.586     111.790
20160502      95.022     105.497      89.865     116.754
20160503     100.732     125.155     101.803     108.547
20160504     109.672     158.431     121.899     115.957
20160505     111.512     158.279     146.717     133.264
20160506     116.763     194.686     156.250     121.192
20160507     128.923     239.556     178.471     135.897
20160508     140.199     259.614     222.232     152.260
20160509     140.511     262.097     235.390     155.019
20160510     137.919     231.816     225.527     142.041
20160511     125.154     174.156     205.603     127.949
20160512     109.208     195.156     175.338     123.038
20160513     101.462     181.772     173.339     112.775
20160514      91.606     166.607     168.930     102.022
20160515      84.887     178.789     162.963      93.725
20160516      84.555     171.470     170.495      90.242
20160517      80.205     210.054     167.735      94.161
20160518      73.900     197.006     179.511      79.705
20160519      68.057     168.312     164.607      72.744
20160520      66.686     167.048     165.578      72.969
20160521      67.736     204.091     163.162      73.065
20160522      85.142     312.097     220.560      95.188
20160523     134.800     431.629     283.681     107.701
20160524     173.733     443.120     389.685     175.064
20160525     210.323     397.242     387.535     186.155
20160526     211.914     311.448     357.132     203.382
20160527     209.839     329.619     313.374     198.981
20160528     235.135     488.620     349.443     231.139
20160529     262.305     521.437     459.389     283.274
20160530     288.956     572.627     526.676     306.474
20160531     339.967     570.243     542.552     314.108
20160601     343.129     507.724     529.264     328.688
20160602     303.488     332.816     445.570     294.128
20160603     247.866     382.385     341.608     251.827
20160604     199.238     247.520     328.909     247.988
20160605     161.112     199.512     240.016     159.861
20160606     131.570     185.530     197.600     142.380
20160607     122.210     205.631     190.366     136.669
20160608     131.679     206.586     191.327     125.315
20160609     116.316     190.541     191.031     137.495
20160610     100.977     174.937     183.732     120.334
20160611      93.442     166.068     173.356     100.348
20160612      93.200     162.401     165.570      93.518
20160613      95.359     161.181     164.661      99.404
20160614     123.974     297.590     175.748     107.743
20160615     150.558     216.135     246.152     145.082
20160616     140.075     198.888     195.267     135.263
20160617     169.030     206.499     216.800     152.606
20160618     283.526     363.982     231.132     175.591
20160619     320.995     293.580     303.949     288.734
20160620     265.320     267.992     275.159     290.601
20160621     240.656     256.205     258.280     236.260
20160622     245.306     244.440     253.146     229.026
20160623     242.927     219.681     241.725     229.123
20160624     255.337     239.646     226.623     219.129
20160625     249.793     227.689     231.723     262.418
20160626     214.736     217.855     221.627     243.005
20160627     217.882     227.948     215.366     207.367
20160628     294.077     267.536     238.852     218.221
20160629     265.672     233.092     261.918     301.582
20160630     271.265     293.497     240.533     250.462
20160701     269.113     254.477     273.270     264.552
20160702     257.263     249.684     258.243     258.731
20160703     304.909     257.761     257.143     251.296
20160704     275.473     227.987     247.923     273.060
20160705     211.165     206.318     221.821     246.440
20160706     243.596     360.753     252.150     245.690
20160707     225.026     271.918     305.113     266.085
20160708     211.167     235.695     264.599     212.829
20160709     183.993     200.321     229.345     193.469
20160710     186.165     197.395     198.998     169.688
20160711     226.174     226.687     206.701     179.020
20160712     199.512     199.109     216.535     221.657
20160713     181.168     208.766     205.881     194.762
20160714     156.576     170.892     198.245     175.959
20160715     138.634     149.261     168.780     137.727
20160716     124.937     135.684     148.277     125.249
20160717     204.434     346.908     174.833     151.354
20160718     200.922     225.270     267.528     225.649
20160719     168.904     192.786     225.165     181.320
20160720     142.889     183.658     198.262     161.434
20160721     124.197     161.273     180.951     138.654
20160722     114.231     162.435     166.360     121.783
20160723     112.962     154.933     164.492     117.611
20160724     110.016     147.262     156.513     113.931
20160725     114.898     180.643     145.781     107.648
20160726     110.138     141.208     164.771     117.520
20160727     122.560     139.280     156.442     113.478
20160728     164.385     209.773     158.767     130.726
20160729     148.599     164.357     181.856     176.925
20160730     136.126     322.346     182.357     156.017
20160731     122.297     260.158     267.864     164.783
