date          Qobs       Qsimobs        Qsim       Qusi
20150801      21.009      10.366      11.620      24.697
20150802      19.591      12.108      11.015      19.922
20150803      18.127       9.472      11.432      16.276
20150804      15.000       8.432      10.071      16.889
20150805      14.289       7.760       8.906      15.169
20150806      18.508       9.315       8.193      11.889
20150807      15.345      10.443       9.569      21.609
20150808      18.735       9.946       9.688      13.237
20150809      15.066       8.434      10.014      15.062
20150810      10.824       7.300       8.739      14.920
20150811      11.157       7.066       7.577       9.995
20150812      17.334       7.773       7.433      10.559
20150813      11.604       6.860       7.693      18.064
20150814       8.396       6.615       7.174      11.274
20150815       7.717       6.389       6.622       8.387
20150816       8.734       6.180       6.393       7.340
20150817       7.777       5.972       6.182       7.904
20150818       6.636       5.794       5.974       7.441
20150819       6.218       5.587       5.794       6.216
20150820       5.752       5.395       5.589       5.998
20150821       5.247       5.211       5.397       5.566
20150822       4.987       5.029       5.214       5.087
20150823       5.298       4.857       5.030       4.819
20150824       6.663       4.737       5.033       5.240
20150825       5.489       4.573       4.731       6.492
20150826       4.725       4.391       4.570       5.379
20150827       5.140       4.232       4.391       4.657
20150828       6.430       4.097       4.232       4.712
20150829       6.337       3.950       4.156       6.057
20150830       4.710       3.814       3.955       6.414
20150831       4.167       3.717       3.978       4.962
20150901       4.072       3.700       4.327       4.935
20150902       3.683       3.474       3.907       4.225
20150903       3.371       3.341       3.563       3.717
20150904       3.229       3.234       3.393       3.378
20150905       3.562       3.557       3.822       3.614
20150906       4.747       4.995       4.087       3.950
20150907       4.402       3.632       4.404       3.960
20150908       4.026       3.371       3.628       4.290
20150909       3.852       3.241       3.548       3.949
20150910       3.891       3.124       3.267       3.614
20150911       3.732       3.006       3.127       3.678
20150912       3.622       2.900       3.007       3.589
20150913       3.451       2.832       2.900       3.487
20150914       3.317       2.714       2.801       3.273
20150915       3.214       2.620       2.694       3.184
20150916       3.134       2.559       2.620       3.090
20150917       3.150       2.471       2.542       2.952
20150918       3.512       2.380       2.457       3.026
20150919       5.557       2.988       2.972       3.812
20150920       5.025       2.734       2.937       5.303
20150921       4.363       2.415       2.550       4.475
20150922       4.058       2.303       2.402       4.066
20150923       3.928       2.447       2.419       3.949
20150924       3.750       2.230       2.448       3.633
20150925       3.550       2.130       2.217       3.469
20150926       3.714       2.301       2.283       3.643
20150927       5.718       2.747       3.040       4.698
20150928       4.606       2.161       2.548       4.672
20150929       4.248       2.120       2.312       4.758
20150930       4.985       3.244       2.674       5.093
20151001       4.962       3.443       3.371       5.151
20151002       4.501       2.720       3.279       4.712
20151003       4.160       3.003       3.022       4.909
20151004       3.855       2.509       2.747       4.091
20151005       3.738       2.572       2.754       3.969
20151006       3.433       2.316       2.441       3.463
20151007       3.258       2.237       2.306       3.266
20151008       3.151       2.213       2.235       3.229
20151009       2.989       2.186       2.195       3.050
20151010       2.801       2.077       2.167       3.001
20151011       2.899       2.002       2.130       2.928
20151012       3.537       2.928       2.554       3.280
20151013       4.615       3.803       2.598       3.386
20151014       4.045       3.300       3.384       4.709
20151015       4.166       3.629       3.436       4.437
20151016       4.384       4.345       3.978       4.873
20151017       4.621       4.019       4.766       5.112
20151018       8.118       4.383       4.368       5.006
20151019       7.165       4.056       4.205       7.226
20151020       5.836       3.862       4.002       7.085
20151021       4.934       3.790       3.968       5.954
20151022       4.298       3.686       3.750       4.970
20151023       3.850       3.535       3.613       4.319
20151024       3.690       3.398       3.611       3.723
20151025       3.711       3.413       3.506       3.671
20151026       3.542       3.533       3.603       3.953
20151027       3.290       3.802       3.788       4.012
20151028       3.554       3.293       3.658       3.231
20151029       3.509       3.179       3.316       3.379
20151030       3.154       2.941       3.140       3.304
20151031       3.104       2.822       3.066       3.180
20151101       4.446       3.111       3.066       3.155
20151102       9.055      10.759   -9999.000   -9999.000
20151103       6.624       7.240       8.720       9.252
20151104       5.644       6.624       7.065       7.604
20151105       4.733       6.572       6.591       5.828
20151106       4.126       6.318       6.299       4.918
20151107       3.865       5.845       6.045       4.054
20151108       3.695       5.586       5.875       3.927
20151109       3.484       5.379       5.599       3.702
20151110       3.226       5.262       5.402       3.513
20151111       3.147       5.132       5.241       3.211
20151112       2.969       4.956       5.092       2.970
20151113       2.802       4.771       4.939       2.951
20151114       2.686       4.578       4.765       2.861
20151115       2.644       4.453       4.646       2.707
20151116       2.539       4.312       4.536       2.610
20151117       2.192       4.082       4.262       2.513
20151118       2.461       3.914       4.127       2.119
20151119       2.374       3.782       3.962       2.376
20151120       2.391       3.635       3.759       2.349
20151121       2.061       4.439       4.015       2.585
20151122       2.183       3.492       3.663       1.835
20151123       3.287       3.489       3.490       2.031
20151124       3.730       3.176       3.343       2.704
20151125       2.641       3.057       3.200       3.761
20151126       2.000       2.932       3.046       2.618
20151127       1.249       2.952       3.314       2.481
20151128       1.408       2.917       3.182       1.394
20151129       1.691       2.747       2.858       1.339
20151130       1.643       2.602       2.732       1.662
20151201       1.859       2.542       2.638       1.684
20151202       1.915       2.446       2.635       1.878
20151203       1.783       2.368       2.505       1.995
20151204       1.773       2.582       2.581       1.944
20151205       1.738       2.710       2.469       1.829
20151206       1.749       2.538       2.666       1.830
20151207       1.822       2.969       2.796       1.905
20151208       1.818       3.335       3.269       2.162
20151209       1.826       2.690       2.941       1.839
20151210       2.010       3.352       3.011       1.947
20151211       1.659       2.539       2.715       1.796
20151212       2.063       2.394       2.554       1.644
20151213       2.608       2.458       2.659       1.894
20151214       2.884       2.682       2.469       2.562
20151215       3.121       3.017       2.863       3.080
20151216       3.859       2.817       2.679       2.880
20151217       5.823       2.210       2.400       3.095
20151218       6.713       2.009       2.140       4.553
20151219       7.540       2.090       2.087       6.598
20151220       6.900       1.939       1.994       7.009
20151221       5.627       2.628   -9999.000   -9999.000
20151222       4.181       2.122   -9999.000   -9999.000
20151223       4.258       1.759       1.882       3.645
20151224       4.401       1.634       1.761       3.582
20151225       3.063       1.609       1.711       4.254
20151226       2.628       2.353       1.999       3.726
20151227       3.550       2.446       2.213       2.688
20151228       4.597       1.710       1.781       2.455
20151229       6.939       1.480       1.646       3.756
20151230       7.963       1.386       1.485       5.425
20151231       5.857       1.299       1.373       6.735
20160101       4.194       1.441       1.300       5.530
20160102       3.430       1.364       1.342       4.199
20160103       2.995       1.287       1.339       3.304
20160104       2.246       1.252       1.284       2.937
20160105       2.563       1.214       1.239       2.107
20160106       2.668       1.153       1.194       1.197
20160107       2.088       1.124       1.152       1.152
20160108       1.867       1.189       1.114       1.115
20160109       1.936       1.251       1.164       1.173
20160110       2.325       1.151       1.243       1.258
20160111       2.120       1.008       1.125       1.133
20160112       1.575       0.978       1.018       1.024
20160113       1.406       0.940       0.963       0.963
20160114       1.290       0.906       0.925       0.926
20160115       1.221       0.870       0.953       0.953
20160116       1.218       1.017       0.953       0.955
20160117       1.259       1.335       1.378       1.392
20160118       1.330       1.004       1.018       1.058
20160119       1.374       0.831       0.892       0.904
20160120       1.349       0.777       0.821       0.822
20160121       1.321       0.726       0.768       0.768
20160122       1.321       0.788       0.768       0.768
20160123       1.370       0.777       0.899       0.907
20160124       1.347       0.680       0.701       0.707
20160125       1.324       0.657       0.734       0.735
20160126       1.349       0.644       0.642       0.643
20160127       1.353       0.741       0.815       0.818
20160128       1.337       0.621       0.695       0.707
20160129       1.312       0.589       0.602       0.604
20160130       1.290       0.544       0.605       0.607
20160131       1.277       0.552       0.569       0.568
20160201       1.278       1.127       0.879       0.881
20160202       1.246       0.677       0.688       0.737
20160203       1.241       0.543       0.601       0.609
20160204       1.267       0.488       0.630       0.631
20160205       1.243       0.469       0.513       0.514
20160206       1.223       0.433       0.487       0.488
20160207       1.203       0.439       0.557       0.557
20160208       1.226       0.417       0.442       0.444
20160209       1.216       0.480       0.580       0.581
20160210       1.210       0.606       0.609       0.618
20160211       1.206       0.630       0.486       0.505
20160212       1.204       0.487       0.747       0.766
20160213       1.190       0.407       0.440       0.446
20160214       1.189       0.358       0.396       0.400
20160215       1.181       0.372       0.497       0.549
20160216       1.183       0.347       0.669       0.673
20160217       1.179       0.490       0.581       0.583
20160218       1.182       0.350       0.393       0.405
20160219       1.171       0.319       0.332       0.331
20160220       1.135       0.305       0.310       0.310
20160221       1.142       0.279       0.318       0.320
20160222       1.171       0.270       0.352       0.352
20160223       1.156       0.291       0.275       0.277
20160224       1.150       1.471       0.544       0.546
20160225       1.147       0.839       0.479       0.579
20160226       1.110       0.405       0.495       0.529
20160227       1.144       0.302       0.393       0.395
20160228       1.126       0.254       0.302       0.302
20160229       1.132       0.238       0.317       0.317
20160301       1.129       0.216       0.255       0.254
20160302       1.099       0.223       0.206       0.207
20160303       1.116       0.197       0.212       0.214
20160304       1.104       0.619       0.200       0.199
20160305       1.098       0.237       0.262       0.298
20160306       1.095       0.220       0.244       0.243
20160307       1.094       0.187       0.210       0.213
20160308       1.094       0.195       0.202       0.203
20160309       1.084       0.189       0.221       0.222
20160310       1.054       0.196       0.169       0.170
20160311       1.060       0.153       0.164       0.167
20160312       1.081       0.152       0.194       0.193
20160313       1.153       0.384       0.186       0.235
20160314       1.200       0.379       0.290       0.360
20160315       1.524       0.925       0.404       0.547
20160316       1.829       1.180       0.869       0.948
20160317       1.456       1.352       1.381       1.437
20160318       1.337       1.453       1.557       1.596
20160319       1.363       1.316       1.299       1.343
20160320       1.346       1.227       1.237       1.269
20160321       1.308       1.208       1.211       1.240
20160322       1.253       0.934       0.913       0.943
20160323   -9999.000   -9999.000       0.822       0.822
20160324       1.235       0.720   -9999.000   -9999.000
20160325       1.218       0.622   -9999.000   -9999.000
20160326       1.208       0.621   -9999.000   -9999.000
20160327       1.221       0.731       0.688       0.732
20160328       1.332       0.974       0.805       1.105
20160329       1.538       1.920       0.890       1.007
20160330       1.704       2.262       1.567       1.870
20160331       1.700       2.787       2.005       2.097
20160401       1.515       2.222       2.281       2.446
20160402       1.456       2.147       2.195       2.208
20160403       1.426       2.115       2.145       2.154
20160404       1.351       2.105       2.099       2.112
20160405       1.369       1.990       2.055       2.079
20160406       1.354       1.982       1.981       1.982
20160407       1.297       2.296       2.013       2.017
20160408       1.301       2.102       1.978       2.042
20160409       1.353       2.042       1.956       1.990
20160410       1.414       1.969       2.056       2.109
20160411       1.475       1.912       1.944       1.964
20160412       1.479       1.979       2.149       2.162
20160413       1.366       2.548       2.258       2.279
20160414       1.348       1.895       2.033       2.088
20160415       1.318       1.815       1.872       1.873
20160416       1.352       1.740       1.802       1.803
20160417       1.312       1.708       1.810       1.812
20160418       1.322       1.653       1.715       1.720
20160419       1.310       1.634       1.632       1.642
20160420       1.311       1.580       1.733       1.733
20160421       1.305       1.557       1.564       1.574
20160422       1.304       1.488       1.544       1.265
20160423       1.328       1.524       1.612       1.352
20160424       1.319       1.443       1.602       1.355
20160425       1.302       1.465       1.445       1.282
20160426       1.381       1.476       1.478       1.354
20160427       2.239       1.856       1.554       1.530
20160428       3.660       3.614       1.931       2.049
20160429       3.623       5.594       3.373       5.677
20160430       4.994       8.719       5.918       6.046
20160501       4.645       7.248       7.934       6.328
20160502       4.247       8.522       7.539       5.075
20160503       4.276       8.524       7.434       4.689
20160504       4.531      15.375       9.130       5.225
20160505       4.457      13.088      13.474       6.888
20160506       4.411      15.533      12.242       4.655
20160507       5.132      17.783      13.466       4.956
20160508       5.909      17.803      15.642       5.933
20160509       5.220      14.744      14.449       6.328
20160510       4.936      11.269      12.047       4.815
20160511       4.356       8.461       9.709       4.391
20160512       3.887       9.330       8.444       4.160
20160513       3.648       9.087       8.198       3.978
20160514       3.444       8.599       8.384       3.792
20160515       3.324      11.000       7.993       3.507
20160516       3.172      11.499       8.989       3.844
20160517       3.023      11.060      10.089       3.585
20160518       2.873       9.007       8.563       2.724
20160519       2.737       8.469       7.636       2.508
20160520       2.681      11.038       7.803       2.757
20160521       2.682      10.843       8.879       3.138
20160522       3.743      18.818      12.409       3.412
20160523       6.813      28.019      17.599       5.127
20160524      10.201      28.207      26.543       9.248
20160525      11.703      24.397      23.425      10.136
20160526      10.118      17.825      18.339      10.558
20160527      10.366      22.884      17.915      10.034
20160528      17.748      47.352      24.956      12.837
20160529      22.853      46.230      39.940      22.578
20160530      28.276      45.349      48.520      26.483
20160531      32.246      55.658      42.013      24.215
20160601      24.583      36.204      44.526      31.685
20160602      19.015      21.940      28.486      18.854
20160603      13.376      27.468      21.505      15.704
20160604      10.304      10.256      19.959      11.812
20160605       8.206       9.847      10.333       6.559
20160606       6.358       9.373       9.768       8.528
20160607       5.988      11.033       9.551       6.786
20160608       6.478      12.615      10.085       7.314
20160609       6.004       9.946      10.605       6.856
20160610       5.123       9.358       9.634       5.925
20160611       4.738       9.294       9.311       5.132
20160612       4.901       9.518       9.228       4.784
20160613       5.223      12.634       9.661       5.565
20160614       6.853      18.863      10.861       7.682
20160615       6.857      14.359      15.048       6.957
20160616       8.474      15.905      13.998       6.616
20160617      19.861      19.303      19.503      10.860
20160618      46.277      58.745      33.947      25.890
20160619      31.879      19.976      47.322      35.965
20160620      19.188      12.347      17.062      18.705
20160621      18.477      16.017      12.884      15.826
20160622      26.296      28.234      17.808      17.383
20160623      24.695      22.390      22.687      28.824
20160624      27.248      24.491      22.659      21.447
20160625      24.805      23.783      22.908      25.395
20160626      20.470      20.106      24.151      23.689
20160627      33.707      21.565      19.748      18.614
20160628      45.356      32.949      23.604      27.226
20160629      33.761      22.653      30.550      51.240
20160630      37.882      28.316      23.904      24.867
20160701      36.585      21.972      26.483      27.246
20160702      36.074      20.234      21.315      28.185
20160703      51.884      19.001      20.116      29.351
20160704      26.239      15.621      18.122      43.165
20160705      21.012      12.758      15.613      23.196
20160706      30.152      37.666      21.452      23.149
20160707      33.988      28.673      37.135      29.386
20160708      22.592      14.415      27.267      22.291
20160709      17.484       9.874      13.323      13.550
20160710      20.829      11.329      10.131      15.686
20160711      19.686      10.752      13.006      19.499
20160712      17.452      10.235      10.824      19.280
20160713      15.213       9.317      10.433      17.183
20160714      13.334       8.603       9.526      15.332
20160715      11.793       8.332       8.865      13.234
20160716      10.577       8.081       8.328      11.792
20160717      17.105      12.125       8.662      10.114
20160718      12.512       8.492      10.819      14.330
20160719       9.609       8.010       8.778      11.832
20160720       8.636       8.003       8.122       9.126
20160721       7.763       7.546       7.910       8.076
20160722       7.997       7.289       7.551       7.411
20160723       8.902       7.054       7.296       7.273
20160724       8.683       6.842       7.069       8.041
20160725       9.016       7.351       6.869       8.075
20160726       8.931       6.629       7.102       7.918
20160727      11.425       6.453       6.641       7.907
20160728      11.490       6.924       7.350      10.582
20160729       9.968       6.304       6.662      10.858
20160730       8.810       6.506       6.868       9.192
20160731       7.544       6.234       6.451       8.531
