date          Qobs       Qsimobs        Qsim       Qusi
20150801      64.157      78.022      81.822      65.023
20150802      67.428      95.814      84.227      65.096
20150803      73.204     106.830      88.095      70.263
20150804      80.032      94.450      93.128      74.263
20150805      86.749      86.851      89.024      76.541
20150806      91.547      81.260      86.845      80.260
20150807      93.807      88.097      84.673      87.443
20150808      94.456      85.114      86.315      94.933
20150809      94.623      92.181      87.054      94.740
20150810      95.219      84.001      90.716     100.493
20150811      95.370      77.690      82.792      90.300
20150812      95.121      87.902      81.285      93.619
20150813      96.059      78.423      81.708      94.299
20150814      96.528      76.111      78.509      90.943
20150815      95.862      71.709      75.016      92.070
20150816      94.229      67.457      71.191      90.456
20150817      91.994      64.709      67.438      89.177
20150818      80.310      62.164      64.705      88.350
20150819      70.501      59.582      62.108      79.710
20150820      66.620      57.053      59.563      68.118
20150821      62.748      54.612      57.043      64.349
20150822      59.040      52.296      54.605      60.572
20150823      55.850      49.974      52.273      56.998
20150824      52.870      47.853      49.976      53.833
20150825      49.731      46.057      47.828      51.096
20150826      47.620      44.430      46.081      48.441
20150827      45.927      42.846      44.431      46.183
20150828      44.574      44.281      42.936      44.910
20150829      44.158      46.093      44.389      45.703
20150830      45.148      47.471      44.448      44.164
20150831      45.805      44.298      45.599      44.459
20150901      45.835      43.830      44.842      44.416
20150902      45.527      41.534      43.170      44.507
20150903      44.938      39.759      41.537      43.952
20150904      44.320      38.443      39.900      42.986
20150905      43.761      38.240      38.526      43.100
20150906      44.169      40.495      38.829      43.551
20150907      44.742      39.136      39.140      44.005
20150908      44.453      37.261      38.545      44.029
20150909      43.994      37.020      37.311      43.085
20150910      42.826      35.565      36.853      43.341
20150911      42.023      34.570      35.103      41.707
20150912      41.419      33.596      34.570      40.766
20150913      40.700      32.943      33.596      40.386
20150914      39.763      32.003      32.645      39.709
20150915      38.485      31.132      31.714      38.858
20150916      37.460      36.871      31.114      37.652
20150917      36.955      36.119      30.239      36.542
20150918      37.834      35.181      29.768      36.507
20150919      58.225      99.229      49.259      50.464
20150920      77.990      92.059      71.961      82.129
20150921      87.876      79.973      81.965      84.011
20150922      95.981      73.721      78.428      81.568
20150923      99.949      77.140      76.881      92.719
20150924     103.057      82.430      77.380     101.311
20150925     103.467      73.862      77.209     103.161
20150926     102.315      79.147      76.075      99.004
20150927     102.170      86.552      78.340     104.086
20150928     101.826      77.178      80.393     103.888
20150929      99.674      71.839      77.181      95.628
20150930      97.912      93.395      73.630      95.873
20151001      93.379      85.297      83.361     105.025
20151002      89.309      77.575      82.585      89.316
20151003      86.651      81.458      77.688      84.630
20151004      82.962      74.654      77.980      85.192
20151005      78.750      72.989      74.486      79.364
20151006      75.170      69.499      71.750      75.073
20151007      70.500      67.095      69.477      72.460
20151008      67.536      64.493      66.833      68.365
20151009      61.982      62.007      64.220      65.543
20151010      59.402      59.610      62.010      60.021
20151011      57.949      57.297      60.108      58.228
20151012      55.744      60.401      61.139      59.508
20151013      54.478      67.023      55.834      53.976
20151014      53.642      63.744      63.406      56.166
20151015      53.849      69.129      69.669      54.235
20151016      53.524      72.281      67.647      55.898
20151017      53.840      69.774      72.149      56.059
20151018      54.141      72.594      70.234      52.936
20151019      55.135      70.247      70.075      54.608
20151020      55.756      67.324      69.457      54.303
20151021      55.466      65.976      67.718      54.160
20151022      55.180      65.257      65.258      54.493
20151023      53.406      62.892      63.279      54.511
20151024      50.885      60.598      62.835      52.424
20151025      53.269      60.389      60.831      49.412
20151026      50.291      78.657      59.938      52.951
20151027      48.978      75.388      60.405      49.973
20151028      47.319      56.058      58.702      48.133
20151029      45.388      54.032      72.627      45.895
20151030      43.312      52.200      70.125      44.346
20151031      40.986      50.281      52.143      41.953
20151101      43.025      49.920      55.206      41.823
20151102      43.457      67.422   -9999.000   -9999.000
20151103      43.250      68.686      62.438      54.668
20151104      42.490      72.377      65.109      45.637
20151105      41.386      69.810      65.084      41.790
20151106      39.416      67.766      63.377      41.047
20151107      37.715      66.492      67.837      39.193
20151108      37.102      64.840      66.421      37.793
20151109      37.105      62.556      64.453      36.700
20151110      37.056      61.033      62.906      36.553
20151111      36.958      81.200      61.074      36.531
20151112      36.544      80.067      59.510      36.182
20151113      35.798      78.599      58.518      36.552
20151114      35.871      76.268      78.378      35.748
20151115      35.618      75.129      76.744      35.911
20151116      35.623      72.057      74.602      35.151
20151117      35.501      54.104      72.095      34.659
20151118      35.433      52.493      70.043      34.703
20151119      35.644      51.662      67.672      34.966
20151120      37.211      49.593      51.300      34.909
20151121      49.729      48.554      49.556      35.254
20151122      60.746      46.538      48.261      46.352
20151123      79.196      45.243      46.532      57.218
20151124      79.205      43.587      44.970      74.941
20151125      58.201      42.028      43.536      76.314
20151126      39.434      40.466      42.071      58.571
20151127      37.431      39.580      40.746      40.736
20151128      37.126      38.055      39.489      39.493
20151129      40.516      36.712      38.074      38.090
20151130      40.236      35.922      37.011      37.027
20151201      38.548      36.232      36.392      36.400
20151202      38.110      35.461      35.822      35.869
20151203      39.597      33.812      35.205      35.236
20151204      40.300      32.624      33.787      33.789
20151205      41.421      31.476      32.554      32.571
20151206      41.848      34.149      32.005      32.017
20151207      41.977      32.975      33.001      33.067
20151208      42.243      32.937      32.899      32.925
20151209      41.987      32.321      32.826      32.837
20151210      41.483      34.838      32.386      32.408
20151211      40.708      32.824      33.717      33.801
20151212      41.154      32.335      32.964      32.965
20151213      51.794      31.417      32.219      32.239
20151214      62.019      31.072      31.425      31.413
20151215      63.126      30.948      31.113      31.140
20151216      58.747      30.818      31.028      31.050
20151217      69.847      29.380      31.417      31.473
20151218      67.672      29.028      30.637      30.639
20151219      57.722      29.446      29.449      29.446
20151220      50.089      28.883      29.489      29.530
20151221      46.935      30.089   -9999.000   -9999.000
20151222      46.148      29.546   -9999.000   -9999.000
20151223      47.791      28.836      29.043      29.046
20151224      44.092      28.312      29.043      29.052
20151225      42.673      28.144      28.384      28.397
20151226      42.026      29.965      28.860      28.854
20151227      46.590      29.676      29.692      29.740
20151228      63.934      28.823      29.278      29.305
20151229      73.627      28.204      28.769      28.783
20151230      69.977      27.892      28.249      28.234
20151231      49.909      27.435      27.862      27.885
20160101      34.240      27.265      27.523      27.526
20160102      32.440      26.691      27.205      27.199
20160103      32.001      26.190      26.685      26.693
20160104      40.072      25.889      26.245      26.244
20160105      56.527      25.488      25.838      25.835
20160106      68.761      25.163      25.523      25.519
20160107      79.434      24.695      25.104      25.125
20160108      83.448      24.358      24.767      24.746
20160109      76.479      25.320      24.429      24.430
20160110      66.271      24.730      25.036      25.064
20160111      61.397      24.451      24.673      24.667
20160112      57.917      24.172      24.294      24.293
20160113      60.067      23.627      24.086      24.084
20160114      61.870      23.305      23.706      23.697
20160115      55.496      23.437      23.470      23.463
20160116      48.464      23.176      23.470      23.473
20160117      49.001      24.926      23.540      23.549
20160118      50.131      24.024      24.232      24.281
20160119      49.203      23.566      24.076      24.082
20160120      48.221      23.194      23.579      23.569
20160121      46.942      22.838      23.198      23.188
20160122      46.023      23.210      22.924      22.915
20160123      45.600      24.355      23.200      23.226
20160124      46.222      23.634      23.758      23.797
20160125      45.819      23.440      23.765      23.788
20160126      47.462      23.960      23.562      23.564
20160127      49.525      26.814      24.470      24.497
20160128      49.254      25.408      25.732      25.802
20160129      47.846      24.878      25.286      25.297
20160130      46.268      24.647      25.069      25.073
20160131      45.454      24.954      24.896      24.906
20160201      45.892      26.209      25.067      25.065
20160202      45.088      26.059      25.559      25.600
20160203      44.033      25.212      25.708      25.742
20160204      43.484      24.748      25.186      25.198
20160205      42.316      24.235      24.765      24.767
20160206      41.371      23.758      24.290      24.279
20160207      41.097      24.335      24.358      24.363
20160208      42.186      25.140      24.302      24.325
20160209      42.625      26.374      25.116      25.155
20160210      41.435      28.624      26.567      26.609
20160211      40.137      27.798      27.757      27.832
20160212      38.863      27.267      27.549      27.566
20160213      37.491      26.569      27.108      27.110
20160214      37.309      26.630      26.824      26.829
20160215      37.170      27.730      37.576      37.948
20160216      36.658      26.508      27.118      27.154
20160217      35.702      25.992      26.570      26.578
20160218      34.603      25.346      25.924      25.932
20160219      33.424      24.943      25.454      25.446
20160220      33.034      24.526      24.923      24.913
20160221      32.820      24.108      24.627      24.648
20160222      32.305      23.673      24.569      24.571
20160223      32.388      23.676      23.915      23.899
20160224      32.686      24.859      24.280      24.303
20160225      33.043      24.229      24.502      24.540
20160226      33.093      23.581      24.090      24.105
20160227      32.915      23.063      23.566      23.549
20160228      32.614      22.643      23.045      23.060
20160229      32.701      23.018      22.643      22.649
20160301      32.811      22.522      22.181      22.165
20160302      33.629      21.431      21.773      21.775
20160303      33.515      21.033      22.169      22.178
20160304      32.436      20.747      21.734      21.745
20160305      31.614      20.349      20.799      20.799
20160306      31.430      20.183      20.437      20.449
20160307      31.355      19.880      20.217      20.226
20160308      31.399      20.433      20.160      20.176
20160309      31.323      20.239      20.343      20.370
20160310      30.281      20.482      19.995      20.007
20160311      30.408      19.858      20.081      20.096
20160312      30.761      19.828      19.882      19.866
20160313      31.635      24.082      19.777      19.794
20160314      31.840      22.253      22.436      22.535
20160315      31.434      22.434      22.241      22.236
20160316      29.311      22.376      22.013      22.006
20160317      27.354      21.883      22.137      22.161
20160318      26.348      21.732      22.101      22.116
20160319      25.413      21.907      21.819      21.829
20160320      24.717      21.744      21.804      21.828
20160321      24.398      21.581      21.707      21.714
20160322      24.393      21.427      21.397      21.411
20160323   -9999.000   -9999.000      20.977      20.979
20160324      24.771      16.387   -9999.000   -9999.000
20160325      24.792      15.999   -9999.000   -9999.000
20160326      24.901      16.283   -9999.000   -9999.000
20160327      25.216      19.353      16.214      16.231
20160328      25.197      19.372      16.028      16.035
20160329      24.755      20.578      15.981      15.992
20160330      23.650      21.399      20.648      20.889
20160331      22.583      20.489      20.574      20.571
20160401      22.202      20.014      20.233      20.250
20160402      22.190      19.571      19.992      20.006
20160403      22.181      19.164      19.591      19.582
20160404      22.307      19.015      19.284      19.286
20160405      22.463      19.458      19.392      19.139
20160406      21.954      18.644      18.902      19.000
20160407      21.315      21.043      19.706      19.709
20160408      20.784      23.433      21.476      21.056
20160409      20.660      23.723      22.754      22.782
20160410      20.574      23.447      22.975      23.066
20160411      20.449      22.941      23.128      23.179
20160412      20.225      22.736      22.956      22.953
20160413      19.967      22.427      22.798      22.805
20160414      19.779      21.863      22.324      22.336
20160415      19.480      21.333      22.017      22.009
20160416      19.454      20.871      21.435      21.439
20160417      19.545      22.288      21.458      21.457
20160418      19.422      21.174      21.606      21.649
20160419      19.146      20.658      21.134      21.139
20160420      18.916      20.595      20.804      20.793
20160421      18.913      20.019      20.374      20.385
20160422      18.650      19.686      20.105      18.570
20160423      18.423      19.247      19.750      18.343
20160424      18.257      18.869      19.280      18.110
20160425      18.028      18.440      18.858      17.859
20160426      17.771      22.319      18.866      18.142
20160427      18.269      28.010      20.116      18.832
20160428      19.236      48.349      25.961      24.316
20160429      20.144      55.199      38.154      24.209
20160430      22.087      95.372      54.403      24.364
20160501      25.936     104.672      81.320      27.983
20160502      32.084     127.944     100.496      27.329
20160503      40.028     160.275     121.293      35.840
20160504      52.960     244.944     155.819      49.288
20160505      73.561     292.232     201.904      67.980
20160506     103.210     359.636     281.206      96.690
20160507     133.619     437.267     331.261     127.513
20160508     179.866     539.110     430.501     178.870
20160509     245.770     552.927     501.165     218.587
20160510     294.801     533.632     521.527     273.620
20160511     315.711     508.693     516.440     315.936
20160512     333.923     509.045     512.196     334.979
20160513     347.266     526.854     500.465     339.808
20160514     356.649     514.000     509.550     372.812
20160515     361.510     510.240     510.165     378.415
20160516     361.320     493.072     502.762     378.231
20160517     355.494     483.655     484.822     375.734
20160518     344.591     434.095     465.444     355.795
20160519     327.587     403.768     427.905     320.991
20160520     306.749     423.830     422.764     337.351
20160521     285.403     400.459     400.197     310.204
20160522     267.642     430.884     414.305     307.116
20160523     257.362     414.024     423.311     282.528
20160524     258.324     466.796     428.589     278.187
20160525     272.500     406.565     436.383     265.685
20160526     289.191     369.455     401.937     263.391
20160527     299.359     342.490     367.768     264.615
20160528     299.233     326.643     344.948     285.332
20160529     292.277     308.879     325.983     284.734
20160530     279.986     287.889     309.100     282.341
20160531     266.895     289.441     286.567     256.855
20160601     253.636     255.969     277.142     259.222
20160602     238.133     226.663     252.446     235.844
20160603     219.707     205.817     226.773     217.763
20160604     199.145     186.607     205.390     202.546
20160605     178.728     171.646     185.954     184.980
20160606     159.552     156.437     170.270     166.036
20160607     142.941     146.357     157.980     151.347
20160608     131.199     225.305     155.564     145.356
20160609     129.042     193.744     204.545     165.825
20160610     132.705     186.927     187.418     132.637
20160611     136.840     165.263     179.788     130.921
20160612     138.003     149.296     167.149     130.395
20160613     136.159     136.570     157.655     131.743
20160614     131.973     132.148     140.915     130.891
20160615     127.105     131.150     137.974     134.341
20160616     123.088     120.488     132.715     128.115
20160617     120.318     123.164     121.954     118.470
20160618     128.210     451.557     168.415     163.136
20160619     155.223     341.612     300.688     208.564
20160620     198.118     291.743     314.090     160.750
20160621     240.675     261.887     298.153     194.696
20160622     267.095     252.993     270.161     227.760
20160623     274.410     213.902     243.895     245.545
20160624     266.974     192.298     215.343     239.538
20160625     252.549     189.919     215.722     257.882
20160626     236.693     165.442     192.220     246.881
20160627     220.015     146.916     164.898     210.104
20160628     202.834     131.995     146.869     195.622
20160629     185.876     124.892     133.159     183.315
20160630     170.157     138.219     131.556     181.404
20160701     157.341     116.810     127.571     168.225
20160702     146.159     110.225     121.558     149.444
20160703     137.113     105.371     110.666     139.242
20160704     131.243     125.620     108.630     135.641
20160705     127.833     184.312     130.672     157.933
20160706     135.492     256.528     178.414     172.528
20160707     159.077     391.882     219.377     164.177
20160708     197.386     281.161     310.140     192.338
20160709     238.351     243.703     280.333     183.354
20160710     267.756     271.124     248.628     208.892
20160711     289.700     385.592     270.584     275.240
20160712     304.251     282.084     326.018     313.020
20160713     306.880     244.645     286.192     272.366
20160714     297.602     217.540     245.610     267.474
20160715     280.907     188.246     215.326     252.082
20160716     260.187     165.709     187.929     238.618
20160717     240.539     272.682     188.412     254.780
20160718     226.381     192.196     222.505     261.545
20160719     214.352     168.222     192.225     197.750
20160720     202.412     151.096     168.396     187.893
20160721     189.760     135.748     150.635     181.025
20160722     176.349     123.515     135.745     167.776
20160723     162.887     114.390     123.495     159.338
20160724     149.837     108.828     114.401     150.092
20160725     137.858     105.951     109.171     143.014
20160726     127.684     104.789     106.461     134.642
20160727     119.630     107.483     109.735     130.237
20160728     113.783     110.359     110.103     126.027
20160729     110.146     110.335     107.310     115.193
20160730     108.757     129.116     118.447     120.963
20160731     109.223     141.699     119.746     114.628
