date          Qobs       Qsimobs        Qsim       Qusi
20150801       5.294       4.240       5.026       4.752
20150802       5.323       3.422       4.198       4.454
20150803       5.065       2.703       3.532       4.641
20150804       4.693       2.259       3.132       4.194
20150805       4.234       2.712       2.798       4.396
20150806       3.919       4.816       2.428       4.742
20150807       3.664       3.036       3.101       3.687
20150808       3.452       2.897       3.121       3.232
20150809       3.446       3.636       2.912       3.119
20150810       3.398       2.795       3.077       3.428
20150811       3.333       2.399       2.664       2.993
20150812       4.223       8.001       4.536       5.405
20150813       5.175       6.195       3.196       4.348
20150814       5.723       4.533       5.463       4.652
20150815       5.603       3.843       4.435       4.674
20150816       5.073       3.427       3.843       4.728
20150817       4.375       3.274       3.431       4.502
20150818       3.798       2.919       3.061       3.829
20150819       3.280       2.601       2.723       3.389
20150820       2.828       2.317       2.601       2.998
20150821       2.457       2.062       2.317       2.564
20150822       2.148       1.837       2.062       2.234
20150823       1.886       1.632       1.836       1.914
20150824       1.678       1.448       1.634       1.679
20150825       1.505       1.286       1.450       1.514
20150826       1.331       1.140       1.290       1.387
20150827       1.211       1.059       1.463       1.457
20150828       1.367       2.504       1.277       1.360
20150829       4.690      28.155       6.332       4.524
20150830       9.384      20.908      15.299       7.007
20150831      11.551      14.847      14.280       9.105
20150901      11.101      10.205      12.306      10.075
20150902       9.703       8.003       9.999       8.592
20150903       8.213       6.678       7.923       7.878
20150904       7.010       5.837       6.646       6.986
20150905       5.964       5.262       6.000       6.713
20150906       5.139       4.824       5.566       5.556
20150907       4.555       4.724       4.848       4.835
20150908       4.187       4.020       4.540       4.282
20150909       3.818       4.733       4.060       4.058
20150910       3.436       4.123       3.668       3.572
20150911       3.082       3.678       3.200       3.177
20150912       2.743       3.280       3.678       2.902
20150913       2.446       2.930       3.280       2.590
20150914       2.136       2.610       2.925       2.344
20150915       1.895       2.325       2.605       2.010
20150916       1.678       2.070       2.325       1.772
20150917       1.494       1.848       2.070       1.595
20150918       1.402       3.105       2.319       1.751
20150919       1.993       6.027       4.908       2.898
20150920       4.226       6.540       6.339       2.798
20150921       5.437       4.541       5.195       3.768
20150922       5.461       3.662       4.282       4.507
20150923       5.080       3.301       3.660       4.726
20150924       4.610       2.967       3.302       4.762
20150925       4.310       2.645       2.953       4.053
20150926       5.962       6.299       4.336       6.075
20150927       7.700       5.182       5.254       6.451
20150928       7.976       8.589       4.257       6.678
20150929       7.777       5.881       3.480       6.245
20150930       8.797       7.729       6.410       9.828
20151001      10.755      10.543       8.949      10.235
20151002      33.495      49.698      20.955      21.500
20151003      36.177      32.238      33.625      37.773
20151004      31.544      35.239      30.984      33.197
20151005      25.705      22.067      23.575      25.050
20151006      19.516      16.331      18.060      19.913
20151007      14.569      12.176      16.328      15.355
20151008      11.187       9.322      12.180      11.768
20151009       8.827       7.629       9.322       8.931
20151010       7.188       6.529       7.631       7.517
20151011       6.075       6.849       6.764       6.706
20151012       5.169       5.816       6.051       5.988
20151013       4.543       7.316       5.451       4.823
20151014       4.265       7.403       5.906       4.915
20151015       4.346       5.781       6.404       4.261
20151016       6.251       9.123       9.156       6.344
20151017       9.143       9.056       9.077       7.979
20151018      10.659       7.790       7.532       7.922
20151019      10.253       9.579       6.765       9.075
20151020       9.214       7.610       8.066       9.668
20151021       8.972       9.197       6.243       8.740
20151022      11.839      14.296      10.934      11.285
20151023      14.808      16.059      13.485      14.014
20151024      14.406       9.557      12.355      13.535
20151025      13.498      15.992      10.874      12.305
20151026      16.542      13.706       9.776      11.717
20151027      21.703      10.271      10.946      15.095
20151028      18.537       7.701      15.405      19.489
20151029      14.707       6.605      11.286      13.604
20151030      11.559       5.900       6.605      12.021
20151031       9.530       6.013       6.152      10.184
20151101      10.973      10.240       7.931      11.503
20151102      30.016      39.908   -9999.000   -9999.000
20151103      41.089      35.748      33.479      28.558
20151104      41.415      43.266      27.602      35.050
20151105      33.114      28.147      27.359      33.932
20151106      25.029      20.589      23.991      26.103
20151107      18.897      15.434      20.619      20.614
20151108      15.546      15.051      17.160      17.334
20151109      13.045      12.658      16.207      15.562
20151110      11.650      15.395      12.458      11.707
20151111      12.909      20.713      15.129      12.983
20151112      13.997      20.810      17.297      13.621
20151113      14.411      16.218      18.066      14.416
20151114      13.226      11.726      14.181      12.727
20151115      11.277       8.678      13.727      11.825
20151116       9.485       7.234       8.669       8.587
20151117       7.916       9.318       7.377       8.223
20151118       6.724       6.872       7.505       7.293
20151119       5.714       5.990       6.643       5.951
20151120       4.956       5.598       6.165       5.392
20151121       4.445       4.868       5.440       4.406
20151122       3.907       4.272       4.820       3.974
20151123       3.476       4.310       5.023       4.222
20151124       3.315       5.008       4.645       3.844
20151125       3.182       4.410       4.419       3.349
20151126       3.818       6.103       6.582       4.776
20151127       6.796      14.556       7.558       5.127
20151128      10.294      14.845       8.791       8.145
20151129      10.624       9.231      11.273       9.832
20151130       9.818      10.408       9.736      10.099
20151201       9.216      19.735       9.227       9.941
20151202       8.431      11.234      13.514       9.981
20151203       8.632      14.476      12.603       8.208
20151204       9.009      18.213      12.779       9.656
20151205       8.670      10.835      14.198       8.976
20151206       9.095      15.462      13.644       8.826
20151207      10.779      20.657      15.822      11.285
20151208      10.933      14.196      15.940      10.649
20151209      13.680      20.682      17.038      11.781
20151210      17.066      21.670      16.095      13.776
20151211      16.974      19.029      19.481      16.685
20151212      18.302      23.491      18.273      15.965
20151213      16.527      14.322      18.635      16.874
20151214      13.647      11.222      14.474      13.210
20151215      11.228       8.670      11.633      10.918
20151216      12.833      16.736       9.945      10.289
20151217      14.089      11.041      13.696      13.534
20151218      15.983      13.537      13.316      14.558
20151219      23.206      15.394      15.229      17.856
20151220      29.483      19.477      18.543      26.474
20151221      31.919      16.829   -9999.000   -9999.000
20151222      33.085      19.620   -9999.000   -9999.000
20151223      27.741      15.148      20.843      31.168
20151224      23.043      15.103      15.758      22.890
20151225      19.724      13.579      13.934      21.047
20151226      17.010      10.994      12.323      16.175
20151227      13.795       8.605      10.910      13.014
20151228      10.976       6.938       8.421      11.062
20151229       8.978       5.959       6.900       9.152
20151230       7.464       5.871       5.963       8.041
20151231       6.272       5.696       5.746       7.171
20160101       5.290       5.168       5.648       6.088
20160102       4.470       4.682       5.138       4.975
20160103       3.702       4.171       4.629       4.274
20160104       3.129       3.726       4.169       3.419
20160105       2.602       3.329       3.726       3.002
20160106       2.223       2.974       3.329       2.486
20160107       1.943       2.637       2.974       2.068
20160108       1.795       2.356       2.657       1.807
20160109       1.490       2.104       2.374       1.688
20160110       1.294       1.879       2.104       1.650
20160111       1.137       1.731       1.950       1.284
20160112       1.017       1.541       1.803       1.135
20160113       0.904       1.327       1.528       0.925
20160114       0.806       1.184       1.357       0.857
20160115       0.738       1.052       1.182       0.760
20160116       0.682       1.295       1.251       0.744
20160117       0.641       1.130       1.299       0.670
20160118       0.640       1.461       1.908       1.113
20160119       0.650       1.768       1.274       0.514
20160120       0.629       0.915       1.472       0.498
20160121       0.606       1.036       0.872       0.504
20160122       0.603       0.932       1.107       0.603
20160123       0.587       0.687       0.872       0.527
20160124       0.579       0.988       1.116       1.004
20160125       0.582       0.651       1.048       0.751
20160126       0.775       4.827       1.626       1.680
20160127       1.168       6.789       3.038       1.099
20160128       1.475       5.108       3.592       1.355
20160129       1.657       5.079       5.621       1.829
20160130       2.528       8.036       5.499       1.928
20160131       2.900       7.528       6.899       2.280
20160201       3.276       7.560       6.955       3.176
20160202       3.747       7.273       7.172       3.004
20160203       3.652       4.751       6.096       3.029
20160204       3.524       4.796       5.344       3.659
20160205       3.408       4.508       5.828       4.002
20160206       3.130       3.544       4.243       2.963
20160207       2.888       5.907       4.957       4.057
20160208       2.832       6.513       4.613       2.955
20160209       2.765       6.566       5.240       3.032
20160210       2.648       5.753       5.927       3.094
20160211       2.487       5.042       5.639       2.788
20160212       2.303       4.483       5.285       2.452
20160213       2.109       3.934       4.434       2.274
20160214       1.924       3.499       3.941       2.116
20160215       1.775       3.169       3.518       1.915
20160216       1.669       3.213       3.408       1.887
20160217       1.575       3.214       3.216       1.542
20160218       1.470       3.367       2.839       1.374
20160219       1.349       2.553       2.796       1.579
20160220       1.241       2.238       2.549       1.306
20160221       1.137       2.322       2.365       1.232
20160222       1.061       1.966       2.217       1.162
20160223       0.986       1.720       1.944       0.988
20160224       0.958       1.837       2.065       1.109
20160225       0.926       1.758       1.928       0.952
20160226       0.872       1.218       1.604       0.775
20160227       0.870       1.668       1.415       0.890
20160228       0.891       2.003       2.053       1.035
20160229       0.891       1.669       1.558       0.769
20160301       0.857       1.282       1.450       0.728
20160302       0.803       0.792       1.039       0.616
20160303       0.754       0.707       0.778       0.668
20160304       0.708       0.563       0.681       0.625
20160305       0.664       0.581       0.581       0.667
20160306       0.639       0.640       0.545       0.675
20160307       0.611       0.558       0.558       0.655
20160308       0.591       0.587       0.646       0.694
20160309       0.567       0.424       0.508       0.468
20160310       0.569       0.411       0.461       0.516
20160311       0.608       2.733       1.917       2.562
20160312       0.629       2.040       1.765       1.000
20160313       0.765       2.563       2.406       0.815
20160314       1.388       5.694       4.289       1.444
20160315       4.036      10.887       5.557       1.644
20160316       8.096      12.658       7.171       4.362
20160317      14.035      15.235      11.277       9.146
20160318      19.129      11.824      12.506      11.718
20160319      17.121       8.438      11.251      15.303
20160320      13.902       6.966       8.352      12.934
20160321      11.135       6.376       7.139      11.206
20160322       9.247       6.238       6.459       9.692
20160323   -9999.000   -9999.000       5.740       8.162
20160324       6.337       4.442   -9999.000   -9999.000
20160325       5.567       4.703   -9999.000   -9999.000
20160326       5.362       6.296   -9999.000   -9999.000
20160327       5.303       6.088       5.677       5.856
20160328       5.977       7.063       6.060       5.430
20160329       6.715       7.552       6.676       6.399
20160330       7.787       7.211       7.027       6.492
20160331       8.021       6.025       6.936       7.590
20160401       7.550       5.178       6.058       7.287
20160402       6.953       5.882       5.587       7.454
20160403       7.530      10.510       5.722       7.435
20160404       8.107       8.549       7.823       8.031
20160405       7.943       6.594       7.610       7.463
20160406       7.579       6.596       6.900       7.041
20160407       7.365       8.794       6.729       7.406
20160408       8.092      10.071       7.981       8.298
20160409       9.236      10.336       9.318       8.219
20160410      10.012      10.641       8.698       9.057
20160411      10.258       8.292       7.930       8.710
20160412       9.711       9.148       7.849       8.404
20160413       9.067       8.601       7.331       8.509
20160414       8.100       6.688       7.082       7.882
20160415       7.102       6.613       6.716       7.402
20160416       6.221       5.867       6.645       6.937
20160417       5.492       5.284       5.815       5.937
20160418       4.953       4.951       5.721       5.288
20160419       4.489       4.665       4.905       4.522
20160420       4.143       4.128       4.498       4.221
20160421       4.586       6.803       6.034       5.945
20160422       6.405       8.291       6.938       5.745
20160423       7.351       6.115       7.197       6.577
20160424       7.153       5.077       6.202       6.609
20160425       6.578       4.449       5.121       6.234
20160426       5.911       6.418       4.466       5.535
20160427       5.253       5.885       4.048       5.453
20160428       4.677       5.768       4.004       5.171
20160429       4.456       5.530       5.634       4.772
20160430       4.793       5.454       5.452       4.155
20160501       4.917       5.597       5.397       4.742
20160502       5.003       5.312       5.414       4.826
20160503       5.076       5.571       5.323       4.849
20160504       5.358       5.775       5.514       4.931
20160505       5.368       5.051       5.333       4.963
20160506       5.144       4.945       5.141       5.083
20160507       4.916       4.655       4.932       5.055
20160508       4.713       4.411       4.852       4.970
20160509       4.422       3.848       4.250       4.346
20160510       4.268       5.609       5.024       5.332
20160511       4.048       3.690       4.395       4.105
20160512       3.793       3.482       3.803       3.590
20160513       3.831       4.593       4.298       4.251
20160514       4.594       5.772       5.163       5.466
20160515       5.331       4.168       5.072       4.542
20160516       5.538       3.506       4.321       4.880
20160517       5.858       3.835       4.252       5.963
20160518       6.086       3.991       4.046       5.820
20160519       5.935       3.345       3.283       5.428
20160520       5.555       2.990       3.188       5.517
20160521       5.328       4.827       3.436       5.765
20160522       5.290       3.685       3.977       5.601
20160523       5.463       5.586       4.347       5.681
20160524       5.495       3.987       3.657       5.117
20160525       5.342       3.458       4.088       4.826
20160526       5.041       2.911       3.374       4.585
20160527       4.629       2.619       2.958       4.256
20160528       4.142       2.400       2.624       3.968
20160529       3.801       2.176       2.400       3.648
20160530       3.540       1.954       2.180       3.502
20160531       3.345       1.749       1.955       3.115
20160601       3.188       1.727       1.871       3.168
20160602       2.996       1.446       1.619       2.694
20160603       2.765       1.289       1.446       2.562
20160604       2.544       1.178       1.290       2.282
20160605       2.349       1.059       1.170       2.159
20160606       2.147       0.936       1.051       1.972
20160607       2.007       0.838       0.939       1.766
20160608       2.064       2.494       2.349       4.622
20160609       2.127       2.052       1.812       2.206
20160610       2.104       1.407       1.774       2.028
20160611       2.024       1.234       1.388       1.769
20160612       1.917       1.096       1.237       1.814
20160613       1.816       0.995       1.098       1.712
20160614       1.712       0.906       1.006       1.676
20160615       1.617       0.796       0.899       1.453
20160616       1.531       0.728       1.185       2.127
20160617       1.464       0.645       0.724       1.431
20160618       1.412       1.313       0.645       1.285
20160619       1.380       1.298       1.051       1.591
20160620       1.455       2.774       1.713       1.994
20160621       1.550       1.635       2.114       1.520
20160622       1.602       1.492       1.553       1.288
20160623       1.600       1.191       1.346       1.308
20160624       1.566       1.094       1.204       1.365
20160625       1.508       0.960       1.079       1.379
20160626       1.434       0.850       0.960       1.316
20160627       1.431       0.751       0.850       1.212
20160628       1.452       2.376       1.124       1.830
20160629       1.436       1.259       1.493       1.389
20160630       1.425       1.083       1.202       1.132
20160701       1.332       1.353       1.085       1.200
20160702       1.318       1.095       1.119       1.273
20160703       1.669       2.574       1.212       1.325
20160704       1.965       1.982       1.975       1.712
20160705       2.009       1.487       1.905       1.866
20160706       1.963       1.299       1.493       1.786
20160707       1.993       1.166       1.371       1.743
20160708       2.015       1.041       1.158       1.761
20160709       1.941       0.919       1.036       1.739
20160710       1.853       0.925       0.928       1.737
20160711       1.773       0.765       0.835       1.672
20160712       1.643       0.676       0.767       1.463
20160713       1.520       0.752       1.675       3.542
20160714       1.414       0.593       0.630       1.412
20160715       1.340       0.558       0.593       1.240
20160716       1.274       0.522       0.528       1.105
20160717       1.272       1.108       0.519       1.344
20160718       1.378       2.498       1.316       1.876
20160719       1.449       1.181       1.324       1.151
20160720       1.427       1.044       1.186       1.149
20160721       1.381       0.925       1.044       1.265
20160722       1.291       0.817       0.924       1.206
20160723       1.178       0.732       0.817       1.160
20160724       1.110       0.657       0.727       1.058
20160725       1.035       0.598       0.651       0.996
20160726       1.003       0.518       0.588       0.917
20160727       1.570       9.005       1.444       2.373
20160728       1.914       3.591       3.771       1.511
20160729       2.195       5.427       4.962       2.209
20160730       2.302       4.254       4.241       2.117
20160731       2.562       5.182       4.961       2.893
