date          Qobs       Qsimobs        Qsim       Qusi
20150801  -10000.000       5.284       6.914       7.319
20150802  -10000.000      13.619       5.062       6.406
20150803  -10000.000       7.339      11.466       9.762
20150804  -10000.000       8.421       7.661       7.142
20150805  -10000.000      16.412      11.196      11.554
20150806  -10000.000       9.604      13.401      12.001
20150807  -10000.000      11.054       9.459       9.497
20150808  -10000.000       9.075       8.703       8.208
20150809  -10000.000       6.921       7.943       8.075
20150810  -10000.000       6.965       7.022       7.236
20150811  -10000.000       9.565       6.762       6.845
20150812  -10000.000      10.115       7.448       7.341
20150813  -10000.000       4.674       8.895       8.656
20150814  -10000.000       6.224       5.986       5.931
20150815  -10000.000       9.641       6.954       6.833
20150816  -10000.000      14.554       9.518       9.916
20150817  -10000.000      13.658      12.422      11.239
20150818  -10000.000       9.120      11.364      10.370
20150819  -10000.000       7.957       8.565       8.896
20150820  -10000.000       7.742       7.626       7.881
20150821  -10000.000       7.166       7.254       7.564
20150822  -10000.000       7.526       6.866       7.114
20150823  -10000.000       6.083       7.042       7.327
20150824  -10000.000       7.010       6.147       6.152
20150825  -10000.000       7.977       6.983       7.189
20150826  -10000.000      10.876       8.868       8.824
20150827  -10000.000      10.579      14.374      12.913
20150828  -10000.000      12.818      10.007       9.236
20150829  -10000.000       9.074      11.112       9.503
20150830  -10000.000      11.064      10.886      10.122
20150831  -10000.000       5.452      10.166       8.632
20150901  -10000.000       3.778       5.783       5.542
20150902  -10000.000       6.539       7.709       7.624
20150903  -10000.000       4.471       7.245       6.701
20150904  -10000.000       2.746       3.719       3.864
20150905  -10000.000       4.273       2.455       2.585
20150906  -10000.000       2.231       3.114       2.927
20150907  -10000.000       1.712       2.276       2.452
20150908  -10000.000       1.683       2.307       2.322
20150909  -10000.000       2.321       2.374       2.346
20150910  -10000.000       2.683       2.696       2.546
20150911  -10000.000       2.681       2.479       2.266
20150912  -10000.000       3.056       2.432       2.247
20150913  -10000.000       4.683       3.272       3.425
20150914  -10000.000       4.184      15.154      11.757
20150915  -10000.000       4.103       7.041       6.806
20150916  -10000.000       7.418       5.696       5.765
20150917  -10000.000       2.924       6.959       5.897
20150918  -10000.000       4.515       3.615       3.699
20150919  -10000.000       2.846       3.506       3.223
20150920  -10000.000       1.620       2.381       2.373
20150921  -10000.000       0.988       1.295       1.363
20150922  -10000.000       0.965       1.072       1.094
20150923  -10000.000       2.180       1.792       1.807
20150924  -10000.000       1.665       1.599       1.485
20150925  -10000.000       8.566       1.598       1.722
20150926  -10000.000       4.478       5.794       4.214
20150927  -10000.000       1.574       4.125       3.747
20150928  -10000.000       1.412       2.183       2.284
20150929  -10000.000       1.645       1.737       1.611
20150930  -10000.000       1.788       1.992       1.849
20151001  -10000.000       1.420       1.786       1.796
20151002  -10000.000       1.056       1.451       1.449
20151003  -10000.000       1.032       0.995       1.026
20151004  -10000.000       0.888       0.919       0.911
20151005  -10000.000       0.835       0.823       0.823
20151006  -10000.000       0.808       0.780       0.778
20151007  -10000.000       0.906       0.803       0.803
20151008  -10000.000       0.951       1.101       1.118
20151009  -10000.000       0.898       0.925       0.920
20151010  -10000.000       0.734       0.782       0.771
20151011  -10000.000       0.688       0.730       0.731
20151012  -10000.000       0.666       0.687       0.686
20151013  -10000.000       0.621       0.661       0.658
20151014  -10000.000       0.582       0.620       0.624
20151015  -10000.000       0.545       0.581       0.585
20151016  -10000.000       0.511       0.550       0.551
20151017  -10000.000       0.479       0.517       0.518
20151018  -10000.000       0.449       0.483       0.483
20151019  -10000.000       0.421       0.451       0.450
20151020  -10000.000       0.396       0.422       0.422
20151021  -10000.000       0.451       0.427       0.429
20151022  -10000.000       0.981       0.680       0.683
20151023  -10000.000      11.704       1.831       2.019
20151024  -10000.000       2.069       7.373       4.467
20151025  -10000.000       3.802       2.211       2.222
20151026  -10000.000       1.770       3.092       2.263
20151027  -10000.000       1.153       1.498       1.201
20151028  -10000.000       0.995       1.086       1.135
20151029  -10000.000       0.930       0.994       0.994
20151030  -10000.000       0.870       0.954       0.964
20151031  -10000.000       1.348       1.039       1.056
20151101  -10000.000       3.294       1.436       1.198
20151102  -10000.000       2.175   -9999.000   -9999.000
20151103  -10000.000       1.775       2.022       2.340
20151104  -10000.000       1.183       1.468       1.460
20151105  -10000.000       0.998       1.272       1.372
20151106  -10000.000       1.067       1.014       1.003
20151107  -10000.000       1.183       1.913       2.070
20151108  -10000.000       4.139       1.152       1.019
20151109  -10000.000       3.912       1.617       1.462
20151110  -10000.000       5.169       4.120       4.064
20151111  -10000.000       4.672       4.630       3.696
20151112  -10000.000       4.002       3.957       2.939
20151113  -10000.000       4.288       3.495       2.362
20151114  -10000.000       1.773       3.089       2.266
20151115  -10000.000       4.079       1.820       1.834
20151116  -10000.000       1.288       2.501       1.657
20151117  -10000.000       1.480       1.569       2.130
20151118  -10000.000       2.636       1.696       1.794
20151119  -10000.000       1.111       1.981       1.372
20151120  -10000.000       0.824       0.853       0.859
20151121  -10000.000       0.800       0.745       0.743
20151122  -10000.000       0.648       0.696       0.695
20151123  -10000.000       0.604       0.648       0.648
20151124  -10000.000       0.759       0.739       0.739
20151125  -10000.000       0.622       0.683       0.681
20151126  -10000.000       0.522       0.599       0.595
20151127  -10000.000       0.813       1.236       1.224
20151128  -10000.000       1.781       0.995       0.990
20151129  -10000.000       1.425       1.554       1.125
20151130  -10000.000       1.308       1.179       1.167
20151201  -10000.000       0.989       1.042       1.032
20151202  -10000.000       0.939       0.696       0.775
20151203  -10000.000       2.164       0.760       0.754
20151204  -10000.000       1.141       0.899       0.890
20151205  -10000.000       3.827       2.160       2.513
20151206  -10000.000      20.811       3.872       2.729
20151207  -10000.000       4.669      12.019       7.139
20151208  -10000.000       1.289       3.834       3.868
20151209  -10000.000       6.715       1.691       2.298
20151210  -10000.000       5.796       5.075       3.502
20151211  -10000.000       2.567       4.774       3.126
20151212  -10000.000       0.992       2.080       1.582
20151213  -10000.000       0.710       0.839       0.837
20151214  -10000.000       0.760       0.706       0.706
20151215  -10000.000       0.636       0.655       0.654
20151216  -10000.000       0.567       0.612       0.611
20151217  -10000.000       0.756       0.756       0.723
20151218  -10000.000       1.601       1.421       1.413
20151219  -10000.000       3.613       3.961       3.229
20151220  -10000.000      16.670       6.491       4.903
20151221  -10000.000      22.700   -9999.000   -9999.000
20151222  -10000.000       6.672   -9999.000   -9999.000
20151223  -10000.000       4.747       6.095       5.566
20151224  -10000.000       3.376       4.425       3.296
20151225  -10000.000       6.010       3.136       2.315
20151226  -10000.000       1.412       4.781       2.951
20151227  -10000.000       1.002       1.403       1.409
20151228  -10000.000       0.966       0.906       0.903
20151229  -10000.000       0.733       0.789       0.787
20151230  -10000.000       0.759       0.862       0.862
20151231  -10000.000       1.737       1.161       1.160
20160101  -10000.000       0.946       1.533       1.199
20160102  -10000.000       0.935       0.935       0.847
20160103  -10000.000       0.685       0.697       0.694
20160104  -10000.000       0.602       0.641       0.640
20160105  -10000.000       0.577       0.593       0.593
20160106  -10000.000       0.549       0.556       0.556
20160107  -10000.000       0.682       0.520       0.519
20160108  -10000.000       0.469       0.495       0.492
20160109  -10000.000       0.429       0.460       0.460
20160110  -10000.000       0.490       0.476       0.476
20160111  -10000.000       0.662       0.487       0.486
20160112  -10000.000       0.366       0.384       0.383
20160113  -10000.000       0.358       0.370       0.369
20160114  -10000.000       0.552       0.450       0.450
20160115  -10000.000       0.387       0.312       0.309
20160116  -10000.000       0.373       0.370       0.369
20160117  -10000.000       0.370       0.274       0.273
20160118  -10000.000       0.264       0.271       0.270
20160119  -10000.000       0.328       0.250       0.249
20160120  -10000.000       0.278       0.222       0.221
20160121  -10000.000       0.203       0.208       0.207
20160122  -10000.000       0.179       0.192       0.192
20160123  -10000.000       0.434       0.228       0.229
20160124  -10000.000       0.368       0.385       0.394
20160125  -10000.000       0.357       0.236       0.233
20160126  -10000.000       1.256       0.380       0.359
20160127  -10000.000       2.243       1.181       0.715
20160128  -10000.000       1.331       1.474       0.820
20160129  -10000.000       1.704       1.246       0.955
20160130  -10000.000       3.105       2.048       1.581
20160131  -10000.000       1.118       2.367       1.365
20160201  -10000.000       0.532       0.692       0.683
20160202  -10000.000       1.391       1.177       1.173
20160203  -10000.000       0.939       0.414       0.398
20160204  -10000.000       0.320       0.333       0.324
20160205  -10000.000       0.210       0.243       0.243
20160206  -10000.000       0.911       0.443       0.470
20160207  -10000.000       0.811       0.569       0.559
20160208  -10000.000       0.425       0.644       0.635
20160209  -10000.000       0.599       0.662       0.638
20160210  -10000.000       0.220       0.234       0.228
20160211  -10000.000       0.157       0.166       0.166
20160212  -10000.000       0.222       0.150       0.150
20160213  -10000.000       0.126       0.139       0.138
20160214  -10000.000       0.269       0.126       0.126
20160215  -10000.000       0.109       0.121       0.119
20160216  -10000.000       0.140       0.109       0.109
20160217  -10000.000       0.166       0.146       0.145
20160218  -10000.000       0.116       0.114       0.114
20160219  -10000.000       0.136       0.107       0.106
20160220  -10000.000       0.304       0.385       0.384
20160221  -10000.000       1.026       0.604       0.601
20160222  -10000.000       0.698       0.560       0.547
20160223  -10000.000       0.267       0.201       0.193
20160224  -10000.000       0.104       0.115       0.112
20160225  -10000.000       0.261       0.127       0.127
20160226  -10000.000       0.069       0.078       0.076
20160227  -10000.000       0.061       0.067       0.066
20160228  -10000.000       0.058       0.065       0.065
20160229  -10000.000       0.181       0.051       0.051
20160301  -10000.000       0.051       0.051       0.049
20160302  -10000.000       0.259       0.314       0.314
20160303  -10000.000       0.160       0.256       0.253
20160304  -10000.000       0.054       0.077       0.076
20160305  -10000.000       0.088       0.059       0.058
20160306  -10000.000       0.031       0.061       0.060
20160307  -10000.000       0.057       0.104       0.104
20160308  -10000.000       0.106       0.033       0.033
20160309  -10000.000       0.037       0.032       0.030
20160310  -10000.000       0.039       0.037       0.036
20160311  -10000.000       0.122       0.024       0.024
20160312  -10000.000       0.024       0.025       0.023
20160313  -10000.000       0.048       0.049       0.049
20160314  -10000.000       0.043       0.035       0.035
20160315  -10000.000       0.062       0.072       0.074
20160316  -10000.000       0.078       0.102       0.085
20160317  -10000.000       0.092       0.101       0.071
20160318  -10000.000       0.266       0.088       0.076
20160319  -10000.000       0.102       0.108       0.115
20160320  -10000.000       0.109       0.115       0.117
20160321  -10000.000       0.110       0.116       0.115
20160322  -10000.000       0.132       0.154       0.158
20160323   -9999.000   -9999.000       0.161       0.161
20160324  -10000.000       0.116   -9999.000   -9999.000
20160325  -10000.000       0.277   -9999.000   -9999.000
20160326  -10000.000       0.164   -9999.000   -9999.000
20160327  -10000.000       0.789       0.611       0.650
20160328  -10000.000       0.658       0.563       0.388
20160329  -10000.000       0.743       0.834       1.288
20160330  -10000.000       0.288       0.546       0.475
20160331  -10000.000       0.173       0.156       0.154
20160401  -10000.000       0.149       0.146       0.146
20160402  -10000.000       0.401       0.300       0.300
20160403  -10000.000       0.253       0.257       0.288
20160404  -10000.000       0.154       0.156       0.160
20160405  -10000.000       0.872       0.457       0.454
20160406  -10000.000       0.829       0.802       0.639
20160407  -10000.000       0.440       0.571       0.497
20160408  -10000.000       0.290       0.295       0.333
20160409  -10000.000       0.197       0.312       0.312
20160410  -10000.000       0.147       0.146       0.145
20160411  -10000.000       0.157       0.138       0.138
20160412  -10000.000       0.164       0.129       0.129
20160413  -10000.000       0.117       0.121       0.122
20160414  -10000.000       0.171       0.179       0.178
20160415  -10000.000       0.572       0.359       0.530
20160416  -10000.000       0.223       0.389       0.228
20160417  -10000.000       0.127       0.137       0.136
20160418  -10000.000       0.242       0.253       0.255
20160419  -10000.000       0.596       0.471       0.469
20160420  -10000.000       0.237       0.177       0.175
20160421  -10000.000       0.246       0.184       0.198
20160422  -10000.000       0.298       0.288       0.285
20160423  -10000.000       0.142       0.143       0.140
20160424  -10000.000       0.115       0.166       0.166
20160425  -10000.000       0.129       0.114       0.114
20160426  -10000.000       0.126       0.141       0.141
20160427  -10000.000       0.092       0.102       0.101
20160428  -10000.000       0.122       0.092       0.092
20160429  -10000.000       0.082       0.151       0.151
20160430  -10000.000       0.136       0.142       0.142
20160501  -10000.000       0.107       0.155       0.159
20160502  -10000.000       0.223       0.119       0.124
20160503  -10000.000       0.872       0.645       0.622
20160504  -10000.000       0.725       0.691       0.593
20160505  -10000.000       0.589       0.512       0.422
20160506  -10000.000       0.543       0.540       0.567
20160507  -10000.000       1.029       0.559       0.597
20160508  -10000.000       1.460       1.153       1.225
20160509  -10000.000       2.087       1.513       1.544
20160510  -10000.000       2.379       1.719       1.813
20160511  -10000.000       3.435       2.471       2.381
20160512  -10000.000       4.102       2.558       2.706
20160513  -10000.000       4.269       3.016       3.093
20160514  -10000.000       1.395       2.763       2.769
20160515  -10000.000       0.941       1.242       1.246
20160516  -10000.000       0.877       0.816       0.878
20160517  -10000.000       1.496       0.737       0.738
20160518  -10000.000       1.594       1.172       1.543
20160519  -10000.000       2.720       2.274       2.992
20160520  -10000.000       4.378       3.144       3.138
20160521  -10000.000       4.728       3.379       4.495
20160522  -10000.000       6.532       4.255       4.309
20160523  -10000.000       8.373       6.191       5.819
20160524  -10000.000       7.500       7.131       6.268
20160525  -10000.000       7.622       5.815       6.119
20160526  -10000.000       7.024       5.902       6.347
20160527  -10000.000       7.243       6.259       6.460
20160528  -10000.000       9.290       6.973       6.785
20160529  -10000.000       8.961       8.047       8.139
20160530  -10000.000       8.186       7.721       7.364
20160531  -10000.000      13.795       9.631       9.912
20160601  -10000.000      16.022      12.706      10.761
20160602  -10000.000      14.797      14.231      13.315
20160603  -10000.000      15.052      13.851      13.377
20160604  -10000.000      16.953      13.357      12.849
20160605  -10000.000      16.363      13.857      13.189
20160606  -10000.000      16.142      14.014      13.564
20160607  -10000.000      15.465      13.469      13.354
20160608  -10000.000      14.378      12.514      12.410
20160609  -10000.000      10.846      11.111      11.290
20160610  -10000.000       8.539       8.399       8.557
20160611  -10000.000       6.659       6.635       6.919
20160612  -10000.000       6.976       5.827       6.105
20160613  -10000.000       8.351       6.287       6.330
20160614  -10000.000       9.360       7.188       7.225
20160615  -10000.000      11.281       7.961       8.136
20160616  -10000.000       9.372       9.341       9.528
20160617  -10000.000       9.908       8.656       8.488
20160618  -10000.000      10.225       9.338       8.933
20160619  -10000.000       9.988       8.438       8.152
20160620  -10000.000       6.641       7.315       7.756
20160621  -10000.000      11.296       8.586       8.774
20160622  -10000.000       7.436       9.038       8.198
20160623  -10000.000       8.560       7.067       7.076
20160624  -10000.000      10.062       8.050       8.138
20160625  -10000.000      13.674      12.630      12.702
20160626  -10000.000      11.507      12.097      11.086
20160627  -10000.000      11.250      10.582      10.245
20160628  -10000.000       8.082       9.167       8.602
20160629  -10000.000       5.466       6.682       6.508
20160630  -10000.000       8.067       7.137       7.171
20160701  -10000.000       7.322       7.054       6.697
20160702  -10000.000       8.762       7.608       7.705
20160703  -10000.000       7.641       7.376       7.220
20160704  -10000.000       4.766       6.266       5.772
20160705  -10000.000       4.415       4.389       4.577
20160706  -10000.000       5.027       4.066       4.187
20160707  -10000.000       4.084       3.685       4.029
20160708  -10000.000       4.691       4.135       4.455
20160709  -10000.000       6.498       4.561       4.564
20160710  -10000.000       4.949       5.138       5.300
20160711  -10000.000       9.952       5.719       5.684
20160712  -10000.000       8.603       8.232       7.295
20160713  -10000.000       7.409       7.218       6.866
20160714  -10000.000       7.187       6.917       6.763
20160715  -10000.000       7.198       6.406       6.388
20160716  -10000.000       6.385       6.564       6.693
20160717  -10000.000       5.316       7.039       7.069
20160718  -10000.000       4.405       4.768       4.700
20160719  -10000.000       3.860       4.050       4.059
20160720  -10000.000       5.820       4.108       4.133
20160721  -10000.000       7.184       5.914       5.592
20160722  -10000.000       6.571       6.671       6.538
20160723  -10000.000       6.702       6.228       6.146
20160724  -10000.000       5.627       5.889       5.742
20160725  -10000.000       6.223       6.019       5.989
20160726  -10000.000       7.012       6.104       6.106
20160727  -10000.000       4.923       6.622       6.285
20160728  -10000.000       7.717       6.706       6.588
20160729  -10000.000       5.351       7.219       6.402
20160730  -10000.000       6.380       5.766       5.505
20160731  -10000.000       4.957       5.258       4.691
