date          Qobs       Qsimobs        Qsim       Qusi
20150801       1.850       1.034       1.257       1.804
20150802       1.687       0.801       1.032       1.531
20150803       8.082       0.760       1.044       1.785
20150804       1.555       0.638       0.784       6.748
20150805       1.454       0.573       0.633       1.375
20150806       1.391       0.512       0.576       1.273
20150807       1.343       0.480       0.582       1.388
20150808       1.306       0.625       0.631       1.572
20150809       1.296       0.541       0.547       1.184
20150810       1.258       0.402       0.541       1.085
20150811       1.204       0.386       0.440       1.088
20150812       1.593       0.602       0.563       1.440
20150813       2.011       1.562       1.152       3.030
20150814       2.757       1.253       1.284       2.125
20150815       2.509       0.804       1.094       2.107
20150816       1.779       0.612       0.791       2.001
20150817       1.484       0.506       0.614       1.385
20150818       1.285       0.435       0.507       1.231
20150819       1.166       0.389       0.436       1.135
20150820       1.069       0.355       0.389       1.070
20150821       0.980       0.325       0.355       1.007
20150822       0.915       0.296       0.325       0.928
20150823       0.857       0.276       0.296       0.840
20150824       0.808       0.258       0.276       0.808
20150825       0.940       0.241       0.258       0.770
20150826       0.808       0.225       0.241       1.103
20150827       0.801       0.210       0.225       0.796
20150828       0.894       0.196       0.210       0.694
20150829       0.953       0.279       0.199       0.786
20150830       1.700       0.765       0.825       2.529
20150831       2.461       1.585       1.413       3.471
20150901       2.379       1.022       1.360       2.495
20150902       1.707       1.195       0.951       1.754
20150903       1.277       0.920       0.635       1.270
20150904       1.034       0.735       0.482       0.994
20150905       0.982       0.642       0.832       0.955
20150906       1.098       0.919       0.887       1.108
20150907       1.052       0.592       0.902       1.044
20150908       1.010       0.489       0.661       0.803
20150909       0.934       0.443       0.519       0.850
20150910       0.888       0.385       0.451       0.778
20150911       0.820       0.340       0.358       0.798
20150912       0.762       0.306       0.340       0.752
20150913       0.708       0.288       0.306       0.692
20150914       0.677       0.269       0.286       0.684
20150915       0.650       0.251       0.268       0.642
20150916       0.621       0.235       0.251       0.615
20150917       0.590       0.222       0.235       0.606
20150918       0.587       0.212       0.228       0.540
20150919       0.860       0.534       0.402       1.018
20150920       1.258       1.448       1.023       1.787
20150921       1.088       0.636       1.062       1.211
20150922       0.924       0.462       0.640       0.804
20150923       0.811       0.377       0.476       0.688
20150924       0.802       0.510       0.471       0.819
20150925       0.764       0.337       0.415       0.684
20150926       2.036       1.197       0.975       1.812
20150927       3.023       1.497       1.104       2.409
20150928       2.098       0.976       1.263       2.734
20150929       2.080       1.040       1.014       1.902
20150930       4.349       3.473       1.818       3.093
20151001       9.098       5.900       3.789       5.610
20151002       8.916       4.472       4.556       9.057
20151003       7.197       3.862       3.960       6.474
20151004       6.670       4.271       3.637       6.095
20151005       5.258       3.308       3.448       5.465
20151006       3.445       2.480       2.968       4.790
20151007       2.506       1.969       2.478       3.035
20151008       1.957       1.671       2.103       2.119
20151009       1.624       1.401       1.689       1.686
20151010       1.413       1.153       1.400       1.374
20151011       1.396       1.082       1.221       1.269
20151012       3.169       3.144       1.657       1.833
20151013       5.252       3.630       2.966       3.495
20151014       5.837       3.244       3.680       5.444
20151015       9.344       6.970       3.722       5.300
20151016      11.227      10.163       6.694       9.418
20151017      12.401       6.270       7.319      10.082
20151018      10.785       5.209       6.177       8.439
20151019       6.740       4.038       5.613       7.045
20151020       4.265       3.200       4.160       4.644
20151021       3.544       3.117       3.441       3.936
20151022       3.171       2.468       3.074       3.191
20151023       2.883       2.686       2.474       2.723
20151024       2.595       2.090       2.480       2.558
20151025       3.199       2.200       2.336       2.559
20151026       4.230       3.307       2.021       2.788
20151027       3.292       2.237       2.804       4.238
20151028       2.424       1.741       2.178       2.772
20151029       1.937       1.541       1.763       2.053
20151030       1.624       1.268       1.533       1.776
20151031       1.588       1.158       1.433       1.579
20151101       4.803       2.485       2.019       2.216
20151102       6.970       3.191   -9999.000   -9999.000
20151103       8.972       4.977       4.947       7.649
20151104      10.196       8.791       4.796       8.258
20151105       7.186       6.639       5.305       8.715
20151106       4.685       4.117       4.396       5.354
20151107       3.297       3.342       3.987       4.331
20151108       2.790       3.046       3.470       3.253
20151109       2.486       3.035       2.970       2.622
20151110       2.130       2.290       2.835       2.409
20151111       1.831       2.014       2.413       2.099
20151112       1.617       1.744       2.039       1.654
20151113       1.436       1.534       1.691       1.442
20151114       1.349       1.667       1.520       1.339
20151115       1.254       1.299       1.507       1.268
20151116       1.106       1.065       1.215       1.047
20151117       0.991       0.878       1.012       0.910
20151118       0.911       0.915       0.875       0.850
20151119       0.850       0.756       0.891       0.837
20151120       0.823       0.655       0.758       0.750
20151121       0.761       0.558       0.696       0.740
20151122       0.688       0.500       0.549       0.645
20151123       0.662       0.466       0.526       0.672
20151124       0.660       0.455       0.528       0.621
20151125       0.654       0.724       0.453       0.645
20151126       0.742       1.310       0.773       1.000
20151127       1.187       2.846       1.489       1.397
20151128       1.436       2.181       1.748       1.203
20151129       1.243       1.605       1.803       1.256
20151130       1.061       1.359       1.504       1.065
20151201       0.913       1.043       1.304       0.983
20151202       0.843       0.965       1.058       0.770
20151203       0.883       1.338       1.008       0.871
20151204       0.951       5.584       1.137       1.028
20151205       0.886       2.861       2.268       1.228
20151206       1.050       3.570       2.940       0.927
20151207       1.077       3.146       2.993       1.081
20151208       1.037       3.019       3.251       1.128
20151209       1.110       2.532       2.719       1.088
20151210       1.391       3.620       2.546       0.976
20151211       1.253       2.420       2.711       1.361
20151212       1.098       1.963       2.546       1.108
20151213       0.954       1.664       2.004       0.935
20151214       0.922       1.497       1.740       0.925
20151215       0.934       1.463       1.469       0.869
20151216       0.894       1.229       1.316       0.827
20151217       0.821       0.857       1.126       0.750
20151218       0.842       0.831       1.097       0.981
20151219       1.108       0.899       0.903       0.829
20151220       2.441       1.964       1.507       1.574
20151221       8.658       6.938   -9999.000   -9999.000
20151222       6.987       3.906   -9999.000   -9999.000
20151223       4.218       2.960       3.674       5.840
20151224       3.082       2.962       3.441       4.301
20151225       3.013       3.238       2.899       2.931
20151226       2.936       2.705       3.088       2.972
20151227       2.412       2.176       2.623       2.547
20151228       1.984       1.892       2.247       2.093
20151229       1.630       1.430       1.807       1.672
20151230       1.413       1.347       1.430       1.341
20151231       1.261       1.599       1.280       1.308
20160101       1.133       1.771       1.419       1.324
20160102       1.034       1.576       1.678       1.183
20160103       0.925       1.273       1.529       0.948
20160104       0.825       1.063       1.274       0.836
20160105       0.754       0.883       1.063       0.738
20160106       0.714       0.741       0.883       0.635
20160107  -10000.000       0.609       0.741       0.626
20160108  -10000.000       0.524       0.628       0.638
20160109       0.596       0.469       0.535       0.535
20160110       0.564       0.440       0.469       0.469
20160111       0.543       0.413       0.441       0.440
20160112       0.520       0.446       0.423       0.520
20160113       0.509       0.382       0.418       0.460
20160114       0.456       0.354       0.376       0.464
20160115       0.437       0.331       0.378       0.373
20160116       0.426       0.308       0.335       0.420
20160117       0.427       0.293       0.343       0.440
20160118       0.422       0.334       0.337       0.452
20160119       0.410       0.272       0.304       0.368
20160120       0.394       0.266       0.353       0.449
20160121       0.409       0.235       0.281       0.385
20160122       0.426       0.458       0.340       0.527
20160123       0.425       0.311       0.420       0.424
20160124       0.418       0.236       0.286       0.372
20160125       0.415       0.326       0.316       0.440
20160126       0.456       0.429       0.356       0.434
20160127       0.513       0.610       0.468       0.492
20160128       0.538       0.468       0.521       0.474
20160129       0.537       0.448       0.418       0.448
20160130       0.531       0.376       0.398       0.437
20160131       0.568       0.568       0.570       0.684
20160201       0.545       0.311       0.551       0.496
20160202       0.518       0.234       0.309       0.404
20160203       0.496       0.272       0.223       0.376
20160204       0.486       0.329       0.278       0.476
20160205       0.466       0.197       0.287       0.394
20160206       0.449       0.153       0.196       0.355
20160207       0.437       0.217       0.208       0.478
20160208       0.439       0.263       0.215       0.352
20160209       0.437       0.256       0.278       0.472
20160210       0.437       0.386       0.241       0.408
20160211       0.437       0.277       0.258       0.401
20160212       0.942       0.201       0.281       0.358
20160213       0.420       0.135       0.201       0.928
20160214       0.405       0.111       0.136       0.326
20160215       0.402       0.095       0.115       0.336
20160216       0.391       0.254       0.160       0.161
20160217       0.388       0.136       0.209       0.180
20160218       0.377       0.608       0.135       0.160
20160219       0.371       0.307       0.333       0.350
20160220       0.356       0.310       0.317       0.317
20160221       0.356       0.316       0.278       0.278
20160222       0.432       0.374       0.303       0.290
20160223       0.601       0.267       0.280       0.279
20160224       0.358       0.374       0.387       0.387
20160225       0.348       0.236       0.325       0.298
20160226       0.380       0.179       0.228       0.226
20160227       0.441       0.217       0.219       0.218
20160228       0.416       0.189       0.200       0.193
20160229       0.380       0.215       0.222       0.218
20160301       0.349       0.140       0.231       0.218
20160302       0.335       0.139       0.138       0.137
20160303       0.321       0.116       0.122       0.122
20160304       0.312       0.112       0.112       0.112
20160305       0.305       0.130       0.115       0.118
20160306       0.299       0.132       0.114       0.113
20160307       0.294       0.176       0.119       0.119
20160308       0.294       0.155       0.134       0.133
20160309       0.335       0.133       0.148       0.149
20160310       0.301       0.124       0.117       0.117
20160311       0.327       0.366       0.269       0.526
20160312       0.348       0.640       0.331       0.380
20160313       0.369       0.614       0.470       0.550
20160314       0.409       1.178       0.619       0.804
20160315       0.659       1.471       1.207       0.740
20160316       1.421       2.295       1.660       0.956
20160317       2.787       2.605       1.951       1.257
20160318       2.212       1.665       2.246       2.417
20160319       1.581       1.350       1.673       1.909
20160320       1.245       1.126       1.372       1.415
20160321       1.030       0.884       1.108       1.024
20160322       0.916       0.878       0.880       0.876
20160323   -9999.000   -9999.000       0.699       0.730
20160324       0.747       0.624   -9999.000   -9999.000
20160325       0.701       0.423   -9999.000   -9999.000
20160326       0.692       0.589   -9999.000   -9999.000
20160327       0.731       1.322       0.666       0.884
20160328       0.978       2.162       1.252       1.230
20160329       1.161       2.556       1.816       1.245
20160330       1.427       2.643       2.284       1.224
20160331       1.415       2.217       2.412       1.367
20160401       1.209       1.835       2.152       1.294
20160402       1.034       1.501       1.816       1.144
20160403       0.950       1.448       1.503       1.019
20160404       1.078       1.519       1.508       0.974
20160405       1.096       1.288       1.399       1.059
20160406       1.068       1.186       1.283       0.970
20160407       1.008       1.328       1.141       0.994
20160408       0.995       1.125       1.172       0.996
20160409       0.991       0.950       1.088       0.896
20160410       0.969       1.038       0.965       0.915
20160411       0.960       0.993       0.938       0.946
20160412       0.965       0.879       0.936       0.887
20160413       0.925       0.787       0.880       0.867
20160414       0.848       0.608       0.738       0.762
20160415       0.794       0.521       0.627       0.762
20160416       0.761       0.593       0.532       0.709
20160417       0.747       0.528       0.587       0.730
20160418       0.760       0.480       0.501       0.639
20160419       0.769       0.456       0.465       0.660
20160420       0.763       0.416       0.451       0.695
20160421       0.766       0.446       0.413       0.678
20160422       0.772       0.395       0.428       0.731
20160423       0.796       0.418       0.433       0.768
20160424       0.782       0.360       0.385       0.716
20160425       0.750       0.327       0.372       0.726
20160426       0.721       0.320       0.329       0.664
20160427       0.769       0.739       0.334       0.664
20160428       1.084       1.058       0.670       0.939
20160429       1.869       1.142       0.876       1.160
20160430       3.050       1.395       1.069       1.529
20160501       3.001       1.632       1.228       2.926
20160502       2.996       2.004       1.429       3.061
20160503       3.147       2.258       1.547       2.875
20160504       3.861       2.350       2.175       3.157
20160505       4.324       1.993       2.083       3.131
20160506       4.437       2.372       2.015       3.793
20160507       5.278       2.342       2.169       4.218
20160508       5.598       2.198       2.256       4.733
20160509       5.254       1.862       1.831       4.179
20160510       4.281       1.557       1.583       3.282
20160511       3.376       1.363       1.545       3.602
20160512       2.818       1.167       1.297       2.764
20160513       2.601       1.267       1.293       2.656
20160514       2.325       1.137       1.163       2.320
20160515       2.372       1.280       1.157       1.953
20160516       2.493       1.228       1.221       2.026
20160517       2.468       1.357       1.314       2.537
20160518       2.318       1.540       1.291       2.196
20160519       2.061       1.561       1.354       2.119
20160520       1.823       1.208       1.212       1.780
20160521       1.873       1.342       1.238       1.673
20160522       2.621       1.376       1.645       2.026
20160523       4.214       2.200       1.324       2.052
20160524       4.430       1.670       1.812       4.018
20160525       4.391       1.858       1.730       3.691
20160526       3.702       1.477       1.424       3.272
20160527       3.598       1.213       1.354       2.987
20160528       3.980       1.673       1.341       3.059
20160529       4.281       1.799       1.643       3.981
20160530       4.428       1.872       1.789       4.107
20160531       4.335       1.772       1.973       3.891
20160601       3.966       1.529       1.720       3.609
20160602       3.289       1.121       1.421       3.063
20160603       2.656       1.222       1.167       2.374
20160604       2.142       0.901       1.112       2.303
20160605       1.681       0.784       0.854       1.421
20160606       1.379       0.656       0.756       1.445
20160607       2.378       1.078       0.857       1.454
20160608       3.935       3.535       1.797       3.746
20160609       2.891       1.684       2.482       4.607
20160610       2.107       1.375       1.717       2.162
20160611       1.755       1.124       1.379       1.666
20160612       1.608       0.957       1.311       1.539
20160613       1.402       0.790       0.969       1.373
20160614       1.387       1.152       0.975       1.282
20160615       1.362       0.932       1.013       1.212
20160616       1.303       0.755       0.874       1.058
20160617       1.492       0.776       0.830       1.180
20160618       1.863       0.757       0.753       1.335
20160619       2.196       1.643       1.062       2.341
20160620       2.545       1.514       1.631       2.648
20160621       2.441       1.312       1.487       2.272
20160622       2.674       1.646       1.840       3.061
20160623       2.617       1.106       1.588       2.481
20160624       2.600       1.359       1.263       2.285
20160625       2.260       0.973       1.211       2.211
20160626       1.918       0.805       0.951       1.812
20160627       1.919       0.715       0.808       1.602
20160628       2.121       0.664       0.717       1.496
20160629       1.975       0.949       1.044       2.745
20160630       1.804       0.622       0.803       1.598
20160701       1.771       0.550       0.623       1.381
20160702       1.692       0.955       0.583       1.582
20160703       1.793       0.812       0.748       1.633
20160704       1.548       0.583       0.895       1.746
20160705       1.277       0.496       0.579       1.218
20160706       1.374       0.637       0.844       1.888
20160707       1.725       1.100       1.209       2.287
20160708       1.498       0.600       0.882       1.611
20160709       1.314       0.529       0.612       1.157
20160710       1.182       0.458       0.520       1.111
20160711       1.110       0.407       0.457       0.984
20160712       1.062       0.377       0.407       0.980
20160713       1.011       0.339       0.374       0.966
20160714       0.963       0.316       0.341       0.871
20160715       0.915       0.288       0.315       0.889
20160716       0.968       0.347       0.290       0.799
20160717       1.544       1.211       0.595       1.518
20160718       2.217       1.165       1.443       2.556
20160719       2.058       0.807       1.140       2.041
20160720       1.685       0.567       0.819       1.664
20160721       1.349       0.444       0.557       1.312
20160722       1.189       0.384       0.444       1.115
20160723       1.080       0.340       0.384       1.056
20160724       0.987       0.387       0.340       0.992
20160725       0.924       0.383       0.352       0.862
20160726       0.900       0.299       0.479       0.770
20160727       0.994       0.620       0.553       1.425
20160728       0.999       0.490       0.939       1.630
20160729       0.991       0.428       0.482       0.856
20160730       0.950       0.354       0.382       0.769
20160731       0.862       0.348       0.420       0.998
