date          Qobs       Qsimobs        Qsim       Qusi
20150801       0.960       2.566       2.961       0.966
20150802       0.964       6.584       3.391       1.290
20150803       0.933       3.264       5.119       1.358
20150804       0.919       2.832       4.106       1.010
20150805       1.131       7.405       4.591       1.304
20150806       1.281       5.569       5.768       1.565
20150807       1.459       4.505       5.298       1.456
20150808       1.637       3.898       4.497       1.408
20150809       1.774       3.375       3.897       1.536
20150810       1.844       2.416       3.376       1.728
20150811       1.924       2.647       3.050       1.808
20150812       1.850       2.475       2.980       1.873
20150813       1.675       2.004       2.374       1.731
20150814       1.525       1.732       2.004       1.497
20150815       2.257       5.774       3.087       2.471
20150816       4.661      22.056       5.067       2.924
20150817       6.637      12.015      11.923       7.617
20150818       8.321       8.598      10.188       5.771
20150819       7.465       7.436       8.229       7.139
20150820       6.098       6.442       7.449       6.726
20150821       4.948       5.581       6.453       5.603
20150822       4.075       4.834       5.580       4.527
20150823       3.370       4.185       4.833       3.705
20150824       2.841       2.223       4.186       3.028
20150825       2.494       2.184       4.061       2.864
20150826       2.961       5.262       3.613       2.565
20150827       6.672      17.572       6.927       5.407
20150828       9.746      10.969      10.743       9.023
20150829      12.237       8.820       9.732       8.537
20150830      11.628       7.541       8.519       9.634
20150831       9.658       6.242       7.489       9.814
20150901       7.770       5.408       6.524       8.142
20150902       9.413      16.288       7.691       8.613
20150903      21.733      40.420      16.718      13.716
20150904      30.177      41.738      30.274      26.103
20150905      22.494      16.417      32.112      26.955
20150906      15.521      10.584      16.398      14.380
20150907      11.188       8.927      10.583      10.601
20150908       8.285       7.751       9.190       9.728
20150909       6.326       6.724       7.982       7.421
20150910       5.050       5.840       6.734       5.815
20150911       4.170       5.073       5.847       4.553
20150912       3.503       4.419       5.073       3.928
20150913       3.452       4.886       4.667       3.529
20150914       4.774      24.069       6.253       4.264
20150915      20.126      53.081      27.195      17.695
20150916      30.840      33.812      38.638      28.216
20150917      27.107      28.449      39.500      34.669
20150918      21.397      21.325      26.738      23.991
20150919      15.944      10.977      18.449      16.532
20150920      11.680       9.548      10.976      10.180
20150921       8.731       7.616       9.548      10.454
20150922       8.929       8.674       8.736       8.454
20150923       9.949      14.832       9.409       8.431
20150924      10.019       9.996      10.813      10.529
20150925      12.722      18.238      13.173      12.198
20150926      14.306      13.911      14.561      12.514
20150927      12.514       9.581      11.556      11.315
20150928       9.802       8.570       9.580      10.710
20150929       7.628       7.450       8.324       8.863
20150930       6.083       4.906       7.234       6.807
20151001       4.986       4.267       6.479       5.573
20151002       4.186       3.711       5.636       4.607
20151003       3.562       3.228       3.711       3.665
20151004       3.087       3.737       3.228       3.127
20151005       2.696       3.254       2.808       2.772
20151006       2.376       2.838       2.443       2.410
20151007       2.184       2.717       2.867       2.226
20151008       2.098       3.820       3.044       2.196
20151009       2.066       4.079       3.820       2.661
20151010       2.004       3.625       3.639       2.160
20151011       1.857       3.030       3.395       1.984
20151012       1.761       1.623       3.033       1.708
20151013       1.693       1.705       2.723       1.620
20151014       1.608       1.412       2.504       1.630
20151015       1.535       1.225       1.411       1.414
20151016       1.473       1.063       1.225       1.344
20151017       1.410       0.922       1.062       1.285
20151018       1.349       0.799       0.922       1.204
20151019       1.291       0.619       0.799       1.180
20151020       1.238       0.683       0.690       1.108
20151021       1.236       0.635       0.596       1.055
20151022       1.416       3.619       0.719       1.285
20151023       1.547       3.376       2.887       2.073
20151024       1.517       2.479       2.865       1.682
20151025       2.447       6.518       3.165       1.840
20151026       2.702       3.629       4.830       2.938
20151027       2.775       3.114       3.997       2.526
20151028       2.985       2.688       3.739       2.421
20151029       3.022       2.325       2.693       2.590
20151030       2.925       2.050       2.332       2.647
20151031       2.819       2.349       2.038       2.445
20151101       2.656       1.875       2.099       2.705
20151102       2.480       1.620   -9999.000   -9999.000
20151103       2.340       1.424       1.621       2.138
20151104       2.211       1.171       1.416       2.025
20151105       2.089       1.010       1.235       1.950
20151106       2.201       1.882       1.209       1.938
20151107       4.411       3.151       2.540       3.257
20151108       8.954      12.704       3.641       4.944
20151109      21.262      23.479       7.353      12.582
20151110      26.840      26.550      18.351      20.012
20151111      21.611      11.653      20.529      21.455
20151112      16.021      10.425      14.189      15.721
20151113      16.693      19.793      11.136      13.762
20151114      21.446      20.404      20.467      19.868
20151115      21.872      17.180      18.000      18.072
20151116      19.548      14.206      15.825      16.649
20151117      18.927      24.906      14.629      16.123
20151118      17.206      18.352      19.360      17.544
20151119      22.287      38.757      18.131      16.151
20151120      23.076      15.940      27.022      22.238
20151121      16.766      10.545      15.059      14.617
20151122      11.925       9.174      10.544      11.364
20151123       8.864       7.895       9.175      10.309
20151124       7.965       7.834       8.640       8.407
20151125       7.123       9.912       7.958       7.667
20151126       6.177       8.093       8.780       7.654
20151127       7.410      13.182       8.457       6.174
20151128      10.065      19.062      12.001       8.782
20151129      14.448      30.380      16.467      14.703
20151130      17.023      20.387      24.941      18.490
20151201      15.435      15.737      19.905      15.817
20151202      12.914      11.774      15.550      13.171
20151203      13.999      15.862      12.296      10.457
20151204      30.365      37.780      22.762      21.620
20151205      74.816      50.183      28.592      29.019
20151206     126.604      80.943      65.947      63.707
20151207      72.335      40.626      73.166      69.030
20151208      36.590      23.052      40.331      42.681
20151209      27.345      26.302      27.098      26.577
20151210      23.539      27.638      26.168      25.841
20151211      21.968      19.503      23.530      21.314
20151212      17.966      11.902      16.725      15.970
20151213      13.527      10.166      11.639      12.293
20151214      10.270       8.905      10.169      11.734
20151215       8.080       8.234       9.089       9.354
20151216       6.627       7.883       8.280       7.912
20151217       5.890       8.329       8.003       6.587
20151218       5.970      10.015       8.229       6.483
20151219       7.029       8.996       9.087       6.424
20151220      15.818      24.936      11.847       9.878
20151221      17.841      11.498   -9999.000   -9999.000
20151222      19.157      15.006   -9999.000   -9999.000
20151223      23.026      25.738      18.652      18.860
20151224      23.078      16.627      24.074      23.870
20151225      28.504      30.347      18.585      21.029
20151226      26.548      16.517      24.607      25.260
20151227      19.058      11.346      14.281      16.587
20151228      13.613       9.720      11.101      13.342
20151229      10.358       8.930      10.300      12.091
20151230       9.919      12.910      11.017      11.606
20151231      10.183       9.927      12.092      11.516
20160101      12.308      21.665      10.742      10.823
20160102      13.431      12.172      15.697      13.255
20160103      12.461       9.931      11.345       9.755
20160104      10.221       8.675       9.916      10.691
20160105       8.099       7.559       8.672       9.174
20160106       6.495       6.606       7.565       7.369
20160107       5.337       5.753       6.608       5.904
20160108       4.519       5.043       5.783       4.891
20160109       3.880       4.425       5.072       4.159
20160110       3.398       3.955       4.438       3.454
20160111       3.190       3.647       3.986       3.113
20160112       2.893       3.485       3.616       2.926
20160113       2.663       3.042       3.284       2.624
20160114       2.466       2.705       3.022       2.410
20160115       2.245       2.368       2.692       2.237
20160116       2.066       2.132       2.373       1.998
20160117       1.807       1.883       2.127       1.833
20160118       1.683       1.678       1.884       1.602
20160119       1.691       1.611       1.709       1.498
20160120       1.540       1.400       1.598       1.514
20160121       1.428       1.257       1.400       1.401
20160122       1.437       1.134       1.260       1.310
20160123       1.451       1.087       1.264       1.471
20160124       1.417       1.123       1.584       2.143
20160125       1.570       2.166       2.090       2.442
20160126       3.127       6.634       3.608       3.446
20160127      16.968      40.252       8.507       6.053
20160128      30.741      34.139      30.690      35.059
20160129      33.615      27.114      31.204      29.346
20160130      31.921      27.925      24.412      26.166
20160131      23.154      19.685      23.465      25.321
20160201      16.473      10.953      18.764      17.785
20160202      21.056      25.975      13.915      13.468
20160203      32.928      27.875      19.210      18.510
20160204      24.716      11.758      21.486      23.516
20160205      15.888       9.851      11.705      14.129
20160206      13.896      14.417      10.977      13.413
20160207      26.799      34.482      19.443      19.703
20160208      37.331      33.878      33.511      33.664
20160209      40.286      31.862      31.199      31.098
20160210      29.282      20.392      27.135      28.834
20160211      19.193      11.122      17.783      18.878
20160212      13.239       9.697      11.116      12.430
20160213       9.642       8.465       9.697      11.403
20160214       7.339       7.396       8.465       8.731
20160215       5.813       6.469       7.396       6.705
20160216       4.788       5.664       6.469       5.332
20160217       4.102       5.204       5.667       4.389
20160218       3.539       4.595       4.978       3.819
20160219       3.141       4.136       4.422       3.261
20160220       4.572       6.414       4.553       3.167
20160221       5.589       9.496       6.762       5.591
20160222       5.756       9.265       7.956       7.452
20160223       5.565       9.183       8.773       6.458
20160224       4.966       8.540       8.559       5.468
20160225       4.412       7.275       8.311       4.851
20160226       3.897       6.342       7.265       4.033
20160227       3.447       5.541       6.342       3.641
20160228       3.081       4.846       5.542       3.141
20160229       2.763       4.119       4.847       2.847
20160301       2.554       3.612       4.250       2.554
20160302       2.548       3.443       3.834       2.407
20160303       2.424       3.202       3.433       2.458
20160304       2.335       3.744       3.231       2.340
20160305       2.243       3.149       3.342       2.420
20160306       2.118       3.161       3.173       2.247
20160307       1.993       3.015       3.061       2.072
20160308       1.873       2.584       2.912       1.928
20160309       1.824       2.690       2.786       1.989
20160310       1.821       3.522       2.745       2.026
20160311       1.750       2.823       3.218       2.040
20160312       1.662       2.673       2.903       1.748
20160313       1.604       3.526       2.991       1.917
20160314       1.772       4.898       3.908       2.040
20160315       2.328       5.630       5.223       2.158
20160316       2.502       5.698       5.611       2.478
20160317       2.736       5.361       5.687       2.390
20160318       3.402       5.467       5.435       2.758
20160319       4.188       4.563       5.264       3.327
20160320       4.689       4.014       4.537       3.595
20160321       4.803       3.579       4.027       4.057
20160322       4.753       3.599       3.582       4.271
20160323   -9999.000   -9999.000       3.195       4.153
20160324       4.423       2.421   -9999.000   -9999.000
20160325       4.676       4.055   -9999.000   -9999.000
20160326       4.662       3.115   -9999.000   -9999.000
20160327       5.734       7.459       5.754       7.681
20160328      10.360       6.814       6.858       6.653
20160329      26.172      33.346      10.065      12.543
20160330      30.795      12.789      21.325      24.343
20160331      21.117       9.674      11.917      17.242
20160401      14.091       8.384       9.528      15.811
20160402      11.939      10.177       8.495      12.174
20160403      12.357      19.084      10.172      11.089
20160404      11.086      11.381      15.084      14.552
20160405      10.308      11.746      10.809       9.279
20160406       9.142       8.605      10.517       9.532
20160407       8.697       9.703       9.773       8.723
20160408       7.822       7.991       9.656       8.335
20160409       6.808       6.924       7.801       7.032
20160410       5.883       6.021       6.923       6.172
20160411       5.090       4.850       6.021       5.317
20160412       4.433       4.225       5.239       4.601
20160413       3.886       3.331       4.569       4.063
20160414       3.433       2.905       3.737       3.546
20160415       3.109       2.572       3.268       3.227
20160416       2.819       2.596       2.562       2.808
20160417       2.600       3.977       2.502       2.562
20160418       2.465       3.510       3.466       2.960
20160419       2.529       5.845       4.120       3.123
20160420       2.412       4.133       4.868       2.915
20160421       2.327       3.616       4.132       2.242
20160422       2.278       3.142       3.610       2.218
20160423       2.224       2.739       3.142       2.078
20160424       2.150       2.410       2.785       2.107
20160425       2.055       2.112       2.408       1.917
20160426       1.993       1.986       2.347       1.980
20160427       1.893       1.676       1.963       1.934
20160428       1.811       1.715       2.100       1.885
20160429       1.831       2.993       2.106       2.252
20160430       2.091       5.631       3.666       2.900
20160501       2.443       6.383       5.583       3.169
20160502       2.895       5.533       5.896       3.005
20160503       8.768      25.157       8.281       4.311
20160504       9.676       9.564      14.804      11.467
20160505       9.515       8.253       9.521       7.402
20160506       7.907       7.161       8.252       8.412
20160507       6.426       6.217       7.161       6.960
20160508       5.272       5.398       6.217       5.715
20160509       4.407       4.689       5.398       4.684
20160510       3.730       3.727       4.689       3.984
20160511       3.197       3.239       4.074       3.385
20160512       2.773       2.814       3.540       2.896
20160513       2.424       2.446       2.814       2.489
20160514       2.126       2.137       2.549       2.290
20160515       1.871       1.855       2.134       1.906
20160516       1.673       1.613       1.856       1.668
20160517       1.505       1.402       1.612       1.489
20160518       1.373       1.218       1.402       1.344
20160519       1.286       1.090       1.220       1.216
20160520       1.298       0.975       1.091       1.159
20160521       1.418       1.360       1.054       1.194
20160522       2.903       5.051       1.681       1.804
20160523       4.455       7.008       4.173       3.638
20160524       4.277       4.464       5.486       5.354
20160525       4.600       3.875       4.462       3.686
20160526       4.294       3.366       3.875       4.013
20160527       3.770       2.924       3.366       3.852
20160528       3.288       2.540       3.011       3.335
20160529       2.878       2.206       2.568       2.913
20160530       2.618       2.012       2.206       2.531
20160531       2.634       3.934       2.934       3.376
20160601       2.350       2.512       3.136       2.783
20160602       2.118       2.181       2.537       2.154
20160603       1.910       1.893       2.181       1.861
20160604       1.723       1.642       1.893       1.660
20160605       1.562       1.422       1.642       1.501
20160606       1.424       1.230       1.422       1.389
20160607       1.312       1.062       1.230       1.230
20160608       1.215       0.914       1.062       1.128
20160609       1.121       0.789       0.914       1.062
20160610       1.028       0.679       0.789       0.982
20160611       1.022       0.584       0.681       0.892
20160612       1.037       0.587       0.586       0.813
20160613       0.923       0.487       0.591       0.968
20160614       0.836       0.416       0.483       0.810
20160615       0.776       0.376       0.417       0.738
20160616       0.911       1.488       0.548       0.994
20160617       1.159       2.131       1.054       1.123
20160618       1.025       1.285       1.788       1.387
20160619       0.909       1.182       1.281       0.944
20160620       1.483       0.998       1.135       0.800
20160621       2.952       7.761       2.358       2.009
20160622       2.201       3.511       4.764       4.100
20160623       2.198       3.049       3.510       2.038
20160624       2.303       2.665       3.048       1.918
20160625       2.325       2.829       2.753       2.144
20160626       2.495       3.661       3.543       2.952
20160627       2.993       4.765       3.468       2.664
20160628       3.271       3.959       4.084       2.982
20160629       3.501       3.244       3.941       3.067
20160630       5.446       8.353       4.208       3.974
20160701       7.415       7.192       5.669       5.684
20160702       9.394       8.415       8.881       9.183
20160703      10.092       8.298       8.387       9.723
20160704       9.457       6.453       7.299       8.567
20160705       8.005       5.586       6.445       7.836
20160706       6.424       4.868       5.692       7.146
20160707       5.243       4.214       4.862       5.580
20160708       4.581       4.734       4.282       4.488
20160709       3.850       3.713       4.416       4.287
20160710       3.399       3.401       3.714       3.509
20160711       3.335       6.473       3.584       3.303
20160712       3.341       6.051       5.494       3.942
20160713       2.930       4.649       5.561       3.451
20160714       2.738       4.050       4.650       2.880
20160715       2.920       4.244       5.024       3.050
20160716       2.575       3.500       4.060       2.925
20160717       2.341       3.033       3.511       2.439
20160718       2.203       2.754       3.039       2.183
20160719       2.034       2.337       2.730       2.012
20160720       1.876       2.025       2.338       1.855
20160721       1.712       1.751       2.024       1.641
20160722       1.574       1.522       1.757       1.549
20160723       1.444       1.311       1.519       1.389
20160724       1.317       1.128       1.311       1.268
20160725       1.225       1.089       1.128       1.153
20160726       1.234       1.224       1.179       1.171
20160727       1.275       1.178       1.113       1.110
20160728       1.890       6.208       1.764       1.720
20160729       2.685       3.512       4.180       2.511
20160730       4.529       9.587       3.428       1.994
20160731       4.233       6.617       7.095       5.514
