date          Qobs       Qsimobs        Qsim       Qusi
20150801       4.501       3.525       4.543       2.466
20150802       4.936      12.363       7.392       7.639
20150803       5.440       5.104       8.737       4.355
20150804       6.557       4.841       6.135       4.851
20150805       7.375      16.767       8.779       9.709
20150806       8.730       7.835      10.029       6.666
20150807       9.372       5.792       7.388       6.790
20150808       8.117       4.714       5.647       7.188
20150809       6.370       4.094       4.714       6.835
20150810       5.022       3.577       4.095       5.484
20150811       4.271       3.095       3.596       4.587
20150812       3.994       3.027       3.644       3.753
20150813       3.515       2.430       3.162       3.444
20150814       3.036       2.100       2.424       3.168
20150815       2.882       4.368       2.937       3.695
20150816       9.122      41.978       6.193       5.125
20150817      26.020      23.480      26.488       9.998
20150818      24.929      10.498      18.526      16.580
20150819      15.714       7.443      10.496      16.509
20150820       9.915       5.973       7.444      11.759
20150821       6.886       5.193       5.973       8.151
20150822       5.151       4.511       5.193       6.232
20150823       4.042       3.916       4.511       4.636
20150824       3.362       3.455       3.920       3.782
20150825       3.741       9.582       6.195       5.706
20150826      10.129      29.699      14.636       8.564
20150827      33.267      42.167      28.665      18.061
20150828      40.484      28.303      35.296      31.200
20150829      30.196      16.132      23.909      25.785
20150830      18.106      12.005      15.319      19.011
20150831      11.628       7.366      10.383      11.820
20150901       8.781       6.082       7.646       8.440
20150902      14.640      32.223      22.530      22.713
20150903      36.670      43.575      34.378      20.611
20150904      41.927      32.351      34.336      30.431
20150905      28.398      16.114      26.769      27.683
20150906      17.188       9.830      15.802      18.849
20150907      10.944       7.123       9.823      11.529
20150908       7.634       6.025       7.008       7.913
20150909       5.714       5.237       5.970       6.728
20150910       4.528       4.554       5.244       5.073
20150911       3.692       3.956       4.558       4.136
20150912       3.207       4.184       3.956       3.577
20150913       3.617       6.858       5.185       4.008
20150914      19.072      38.376      15.049       8.434
20150915      55.812      71.097      43.000      32.146
20150916      56.061      52.061      59.023      55.277
20150917      45.821      44.678      61.294      58.355
20150918      42.416      42.729      44.436      39.172
20150919      29.228      20.354      35.309      32.055
20150920      17.000      12.731      20.353      19.928
20150921      10.655       8.030      12.731      11.325
20150922       8.803      12.718      10.085       9.521
20150923      11.660      24.992      16.292      12.059
20150924      13.320      10.168      18.182      11.095
20150925      14.655      19.985      15.342      13.634
20150926      16.355      12.913      16.180      12.366
20150927      13.662       7.219      11.088      11.306
20150928      10.014       6.114       7.217       9.672
20150929       7.461       5.324       6.113       8.738
20150930       5.801       3.765       5.323       6.612
20151001       4.702       3.270       4.632       5.469
20151002       3.931       2.837       4.029       4.275
20151003       3.346       2.463       2.837       3.553
20151004       2.888       2.640       2.462       2.885
20151005       2.521       2.292       2.133       2.553
20151006       2.205       2.177       1.859       2.237
20151007       2.008       2.147       2.276       1.893
20151008       1.911       3.142       2.937       2.922
20151009       2.352       8.083       5.581       4.342
20151010       4.199       7.514       6.288       2.479
20151011       5.278       4.977       5.772       3.470
20151012       5.438       4.740       4.941       4.672
20151013       4.926       4.521       4.512       5.030
20151014       4.256       3.829       4.176       4.608
20151015       3.699       3.338       3.819       3.960
20151016       3.249       2.902       3.332       3.272
20151017       2.861       2.521       2.902       2.976
20151018       2.541       2.196       2.521       2.573
20151019       2.274       1.905       2.189       2.220
20151020       2.053       1.651       1.907       1.961
20151021       1.878       1.716       1.651       1.769
20151022       1.800       3.306       1.799       2.151
20151023       1.783       2.419       2.475       1.872
20151024       1.779       2.149       2.170       1.886
20151025       1.997       7.534       3.123       2.526
20151026       2.414       3.946       5.130       2.136
20151027       2.791       3.433       3.876       2.149
20151028       3.023       2.985       3.424       2.457
20151029       2.980       2.595       2.987       2.521
20151030       2.770       2.506       2.634       2.696
20151031       2.609       4.346       2.342       2.435
20151101       2.514       2.937       3.372       2.637
20151102       2.500       2.548   -9999.000   -9999.000
20151103       2.509       2.232       2.535       2.249
20151104       2.538       1.957       2.214       2.049
20151105       2.518       1.768       1.943       2.037
20151106       2.521       5.774       3.697       4.633
20151107       4.210       6.872       3.972       4.121
20151108      13.383      26.793       7.280       4.294
20151109      28.723      34.124      21.768      18.224
20151110      31.361      28.088      32.044      27.355
20151111      22.099      14.071      23.656      23.397
20151112      14.416      11.464      15.176      16.853
20151113      13.708      28.894      17.435      17.510
20151114      17.382      20.164      20.810      13.623
20151115      17.150      15.127      19.919      14.793
20151116      15.010      14.379      22.972      17.040
20151117      16.878      24.462      16.085      15.998
20151118      17.999      17.783      21.671      16.224
20151119      20.461      23.972      15.946      14.329
20151120      19.359      11.124      18.080      14.942
20151121      14.295       7.387      10.691      12.899
20151122      10.037       6.134       7.387       9.641
20151123       7.336       5.298       6.134       8.433
20151124       5.828       5.212       6.113       7.017
20151125       4.998       5.469       4.785       4.741
20151126       4.532       4.290       5.240       5.082
20151127       4.226       4.944       5.357       5.075
20151128       5.087      13.934       6.241       5.514
20151129      11.010      12.148      12.164       7.608
20151130      14.763       8.382      10.395       6.761
20151201      12.053       9.061       7.818      10.846
20151202       9.214       6.937      12.935      16.530
20151203       9.580      12.277       6.740       7.678
20151204      26.628      20.025      27.335      24.152
20151205      50.371      56.761      29.705      25.541
20151206      63.450     105.334      65.017      74.722
20151207      50.728      62.401      82.756      66.659
20151208      32.471      37.363      56.749      43.937
20151209      24.503      46.754      43.584      31.490
20151210      27.892      46.928      41.592      25.884
20151211      30.996      33.659      39.313      23.051
20151212      21.757      18.000      29.198      23.255
20151213      13.733      11.299      17.954      15.431
20151214       9.361       7.485      11.298       9.685
20151215       7.029       6.661       7.793       7.124
20151216       5.620       5.666       6.466       6.397
20151217       4.988       5.916       7.029       5.885
20151218       5.839       7.518       7.582       5.987
20151219       8.132       7.301       7.378       5.848
20151220      16.906      30.048      16.855      17.483
20151221      21.829      25.456   -9999.000   -9999.000
20151222      23.274      24.698   -9999.000   -9999.000
20151223      26.569      28.043      25.843      23.149
20151224      24.652      26.975      27.509      24.922
20151225      33.668      53.973      25.057      23.325
20151226      35.488      27.194      40.111      28.185
20151227      23.679      16.950      26.585      26.233
20151228      14.352      10.080      16.125      16.240
20151229       9.800       7.377      10.468      10.471
20151230       8.746      11.673      13.107      12.397
20151231      12.640      19.656      10.204       8.844
20160101      16.995      17.909      16.408      14.252
20160102      19.046      13.152      14.564      11.979
20160103      16.216       8.082      11.093      13.224
20160104      11.764       6.405       7.791      10.749
20160105       8.564       5.454       6.224       9.717
20160106       6.449       4.686       5.419       7.723
20160107       5.196       4.119       4.669       5.798
20160108       4.417       3.701       4.158       4.816
20160109       3.915       3.150       3.731       4.040
20160110       3.718       4.225       3.927       4.372
20160111       3.549       4.528       4.316       3.721
20160112       3.244       2.179       2.848       2.111
20160113       2.958       1.894       2.254       2.710
20160114       2.758       2.266       2.286       2.867
20160115       2.536       1.409       1.735       1.939
20160116       2.337       1.383       1.554       2.277
20160117       2.140       1.060       1.273       1.789
20160118       1.970       0.915       1.056       1.675
20160119       1.919       1.737       1.519       2.536
20160120       1.792       0.730       0.890       0.955
20160121       1.623       0.627       0.728       1.370
20160122       1.588       0.640       0.683       1.449
20160123       1.559       1.113       0.876       1.808
20160124       1.489       0.614       1.068       1.843
20160125       1.493       0.782       1.740       2.571
20160126       2.496       4.692       2.125       2.511
20160127      16.405      39.588       6.766       4.295
20160128      34.288      39.951      30.320      20.206
20160129      32.356      33.672      34.038      33.685
20160130      41.731      60.190      29.606      25.876
20160131      32.974      28.166      45.615      38.783
20160201      20.096      17.561      28.443      25.072
20160202      21.494      24.301      20.252      17.588
20160203      28.997      33.035      18.470      14.026
20160204      22.294      15.035      24.396      24.691
20160205      14.114       9.829      15.661      17.584
20160206      11.767       9.671      16.553      17.713
20160207      31.074      44.618      15.872      13.376
20160208      49.361      58.449      36.889      30.375
20160209      47.897      46.576      45.850      41.980
20160210      33.456      27.676      38.830      37.090
20160211      20.312      16.188      25.700      25.216
20160212      12.821      10.311      16.160      14.852
20160213       8.808       7.033      10.309       8.957
20160214       6.574       5.981       7.032       6.781
20160215       5.197       5.202       5.979       5.812
20160216       4.283       4.532       5.201       4.707
20160217       3.630       4.041       4.593       4.165
20160218       3.133       3.456       4.114       3.502
20160219       2.802       3.367       3.809       3.162
20160220       2.946       6.174       4.742       3.665
20160221       3.122       4.580       4.466       2.300
20160222       2.952       3.420       4.037       3.181
20160223       2.711       2.918       2.953       2.820
20160224       2.497       2.929       2.664       2.753
20160225       2.304       2.335       2.704       2.577
20160226       2.104       2.016       2.329       1.983
20160227       1.920       1.752       2.019       1.914
20160228       1.752       1.524       1.751       1.683
20160229       1.610       1.368       1.523       1.582
20160301       1.491       1.195       1.404       1.446
20160302       1.548       2.358       2.924       3.175
20160303       1.643       3.442       2.954       1.922
20160304       1.671       1.972       1.704       0.814
20160305       1.633       0.852       1.115       0.917
20160306       1.611       1.397       1.344       2.006
20160307       1.593       1.028       1.337       1.366
20160308       1.538       0.541       0.698       0.881
20160309       1.468       0.564       0.716       1.560
20160310       1.394       0.489       0.753       1.628
20160311       1.316       0.356       0.416       1.050
20160312       1.262       0.304       0.354       1.075
20160313       1.198       0.356       0.423       1.438
20160314       1.241       3.442       1.742       6.086
20160315       1.908       9.623       5.175       4.370
20160316       3.812      13.632      10.083       3.665
20160317       7.235      17.535      15.998       5.461
20160318      10.875      23.477      18.124       7.774
20160319      11.858      16.187      20.301      11.755
20160320      10.724      13.170      16.091      10.339
20160321       9.348      11.786      13.315      10.073
20160322       8.608      12.928      11.396       9.419
20160323   -9999.000   -9999.000      12.080       8.780
20160324       7.350       7.992   -9999.000   -9999.000
20160325       6.900       6.917   -9999.000   -9999.000
20160326       7.028       7.605   -9999.000   -9999.000
20160327      16.048      34.500      17.611      18.470
20160328      38.443      31.724      29.314      15.299
20160329      57.000      67.588      40.681      44.342
20160330      49.993      31.780      49.023      48.978
20160331      32.230      18.890      29.931      34.648
20160401      18.405      11.842      18.778      22.527
20160402      12.327      11.552      12.743      13.966
20160403      11.178      13.985      12.222      11.341
20160404      12.821      14.243      14.416      12.591
20160405      18.874      25.537      15.930      14.380
20160406      24.615      17.349      20.818      17.268
20160407      22.377      15.157      17.129      19.054
20160408      18.274      10.578      13.750      17.797
20160409      14.314       7.686      10.158      14.507
20160410      11.124       6.534       8.131      12.312
20160411       8.975       6.967       6.728       9.720
20160412       7.628       6.486       6.968       9.022
20160413       6.918       7.343       6.664       7.415
20160414       6.546       6.791       7.159       7.512
20160415       6.352       7.958       7.611       7.236
20160416       6.341       7.331       7.016       6.412
20160417       6.821      10.464       8.104       6.974
20160418       6.897       8.923       8.502       6.298
20160419       7.733      14.341      10.193       8.747
20160420       7.963       9.222      10.599       7.113
20160421       7.546       8.338       9.103       7.148
20160422       6.600       7.435       7.953       6.707
20160423       5.590       5.822       7.019       6.122
20160424       4.851       4.752       5.664       4.867
20160425       4.169       3.808       4.542       4.019
20160426       3.683       4.126       4.311       3.836
20160427       3.217       3.480       3.637       3.308
20160428       2.912       3.115       4.577       4.146
20160429       2.872       4.576       3.882       3.378
20160430       4.333       6.984       4.977       3.209
20160501      10.725      15.974       6.682       4.056
20160502      13.212      11.443      10.527       9.966
20160503      15.492      35.385      20.869      23.663
20160504      19.098      15.959      26.260      14.965
20160505      16.662      11.454      15.757      13.309
20160506      11.609       9.425      11.463      13.046
20160507       8.284       9.298       9.662      10.777
20160508       6.380       9.510       9.473       8.529
20160509       5.194       8.834       9.485       6.948
20160510       4.463       7.980       8.818       5.392
20160511       3.876       7.165       7.963       4.444
20160512       3.449       5.966       7.080       3.841
20160513       3.176       4.871       6.004       3.579
20160514       2.892       4.699       6.023       3.931
20160515       2.537       3.261       4.225       2.422
20160516       2.202       2.611       3.267       2.190
20160517       1.891       2.163       2.614       1.848
20160518       1.627       1.887       2.159       1.676
20160519       1.428       1.670       1.891       1.579
20160520       1.306       1.771       1.833       1.509
20160521       1.244       2.574       1.963       1.434
20160522       1.532       7.712       3.613       2.148
20160523       3.000      11.718       8.009       2.618
20160524       8.025       5.123       8.469       3.006
20160525      11.472       4.080       5.089       4.545
20160526       9.053       3.475       4.079       8.758
20160527       6.625       3.016       3.475       7.456
20160528       5.003       2.615       3.238       5.638
20160529       3.969       2.302       2.619       4.267
20160530       3.377       2.624       2.292       3.434
20160531       3.627       8.834       7.211       8.109
20160601       4.744       3.506       5.041       2.851
20160602       5.124       3.039       3.509       3.775
20160603       4.619       2.632       3.039       4.191
20160604       3.802       2.275       2.632       3.898
20160605       3.112       1.963       2.275       3.249
20160606       2.603       1.692       1.963       2.757
20160607       2.213       1.455       1.692       2.224
20160608       1.860       1.248       1.455       1.884
20160609       1.562       1.075       1.251       1.711
20160610       1.266       0.914       1.073       1.344
20160611       1.063       1.827       1.775       2.261
20160612       0.961       1.107       1.106       0.769
20160613       0.839       0.847       0.973       0.779
20160614       0.700       0.704       0.836       0.790
20160615       0.666       0.707       0.714       0.652
20160616       0.710       4.823       3.506       2.884
20160617       0.775       4.991       4.976       1.332
20160618       0.989       2.551       6.881       1.783
20160619       1.673       2.109       2.925       1.143
20160620       2.322       1.812       2.103       1.272
20160621       2.869      10.802       4.833       4.991
20160622       3.290       3.620       5.739       2.297
20160623       3.540       3.141       3.621       2.450
20160624       3.461       2.751       3.144       3.132
20160625       3.127       3.794       2.959       3.273
20160626       3.083       3.346       4.967       4.462
20160627       4.098       6.671       3.403       2.946
20160628       5.181       3.321       4.498       3.357
20160629       5.693       2.862       3.389       3.909
20160630       7.229      14.607       5.373       8.296
20160701      10.021       5.906       9.359       5.900
20160702      13.091      14.381       8.298       9.973
20160703      15.687       9.936      12.752      13.087
20160704      15.113       6.015       8.321       9.804
20160705      10.758       4.941       6.168      10.271
20160706       7.457       4.349       4.947       8.672
20160707       5.355       3.756       4.335       6.771
20160708       4.155       3.353       3.773       4.853
20160709       3.294       2.861       3.329       3.691
20160710       2.690       2.485       2.862       3.100
20160711       2.317       6.307       3.964       3.962
20160712       2.171       5.026       4.812       2.492
20160713       2.238       3.313       4.044       1.977
20160714       3.056       2.950       3.360       2.167
20160715       5.166       3.348       5.341       4.357
20160716       4.964       2.484       2.936       3.905
20160717       4.173       2.172       2.476       3.768
20160718       3.378       1.873       2.180       3.675
20160719       2.717       1.610       1.871       2.978
20160720       2.218       1.383       1.610       2.337
20160721       1.820       1.186       1.383       1.941
20160722       1.502       1.026       1.309       1.801
20160723       1.258       0.882       1.024       1.201
20160724       1.024       0.744       0.879       1.085
20160725       1.029       2.401       0.823       0.913
20160726       1.093       2.719       1.808       0.865
20160727       1.141       2.038       1.696       0.764
20160728       1.772      12.703       3.814       2.332
20160729       3.444       4.490       6.999       1.777
20160730       7.511      15.128       5.402       3.131
20160731      10.943       8.013       9.257       5.278
