date          Qobs       Qsimobs        Qsim       Qusi
20150801       5.221       3.106      51.772      16.246
20150802       4.590       2.834       3.093       4.966
20150803       4.105       3.438       2.877       4.178
20150804       3.730       2.827       3.137       4.048
20150805       3.883       5.564       3.007       3.607
20150806       4.524       4.257       4.284       4.127
20150807       4.378       3.705       3.939       4.069
20150808       4.528       5.875       3.895       4.327
20150809       4.654       4.126       4.999       5.044
20150810       4.280       3.669       4.109       4.079
20150811       2.066       3.351       3.754       4.027
20150812       3.513       3.107       3.458       3.418
20150813       3.197       2.908       3.299       2.085
20150814       1.127       2.672       2.891       0.000
20150815       1.270       2.480       2.672       0.794
20150816       1.280       2.302       2.479       0.885
20150817       0.405       2.216       2.302       1.089
20150818       0.000       2.065       2.149       0.574
20150819       2.034       1.872       2.006       0.407
20150820       1.885       1.749       1.927       0.000
20150821       0.653       1.635       1.800       0.000
20150822       1.636       1.528       1.635       0.285
20150823       1.529       1.432       1.528       1.550
20150824       0.039       1.357       1.432       1.454
20150825       0.751       1.320       1.358       0.080
20150826       1.381       1.732       1.377       0.518
20150827  -10000.000       1.436       1.527       1.375
20150828       1.833       2.716       1.769       1.610
20150829       2.139       2.195       2.466   -9999.000
20150830       2.161       1.819       2.145       2.041
20150831       2.052       1.675       1.830       1.922
20150901  -10000.000       1.542       1.711       1.913
20150902       1.822       1.439       1.543       1.680
20150903       2.220       2.892       1.678   -9999.000
20150904       2.609       2.063       2.271       2.322
20150905       3.397       3.990       2.713       3.056
20150906       4.175       3.278       3.403       3.852
20150907       4.161       6.302       3.119       3.825
20150908       3.808       5.771       2.853       3.854
20150909       3.427       2.324       2.558       3.502
20150910       3.086       2.141       5.332       3.433
20150911       2.805       1.989       4.933       3.103
20150912       2.580       1.856       1.989       2.620
20150913       2.452       1.938       1.881       2.442
20150914       2.428       1.848       1.919       2.404
20150915       2.401       1.757       1.802       2.292
20150916       2.687       2.389       2.046       2.656
20150917       3.003       2.143       2.243       2.792
20150918       5.585       4.864       2.878       3.946
20150919       6.482       3.351       3.801       4.934
20150920       5.835       3.046       3.416       3.413
20150921       5.262       3.224       3.147       5.532
20150922       4.810       3.140       3.187       5.069
20150923       4.855       4.168       3.252       5.630
20150924       4.982       3.305       3.659       3.633
20150925       4.739       3.616       3.551       4.761
20150926       4.712       3.276       3.445       4.493
20150927       4.468       2.949       3.218       4.342
20150928       4.096       2.711       2.949       4.032
20150929       3.747       2.521       2.712       3.783
20150930       3.425       1.512       2.512       3.485
20151001       3.182       1.447       2.345       3.162
20151002       3.006       1.362       2.209       2.995
20151003       2.889       1.534       1.385       2.828
20151004       2.749       1.976       1.424       2.782
20151005       2.637       1.903       1.320       2.572
20151006       2.538       1.804       1.295       2.497
20151007       2.421       1.652       1.784       2.414
20151008       2.301       1.552       1.682       2.277
20151009       2.222       1.701       1.595       2.160
20151010       2.207       1.996       1.727       2.292
20151011       2.211       1.655       1.772       2.210
20151012       2.186       4.868       1.649       2.010
20151013       2.119       1.421       1.530       2.034
20151014       2.050       1.365       1.442       2.132
20151015       1.967       1.295       4.174       2.129
20151016       1.887       1.246       1.270       1.886
20151017       1.813       1.225       1.246       1.828
20151018       1.756       1.205       1.225       1.785
20151019       1.720       1.180       1.205       1.755
20151020       1.682       1.162       1.185       1.692
20151021       1.651       1.140       1.168       1.632
20151022       1.641       1.490       1.168       1.586
20151023       1.663       1.400       1.368       1.876
20151024       1.713       1.317       1.408       1.417
20151025       1.710       1.913       1.285       1.644
20151026       1.712       1.422       1.628       1.794
20151027       1.677       1.311       1.442       1.520
20151028       1.661       1.223       1.334       1.550
20151029  -10000.000       1.159       1.220       1.539
20151030  -10000.000       1.140       1.160       1.463
20151031       1.488       1.134       1.152       1.147
20151101       1.442       1.207       1.156       1.160
20151102       1.404       1.204   -9999.000   -9999.000
20151103       1.375       1.169       1.204       1.413
20151104       1.335       1.140       1.169       1.341
20151105       1.301       1.108       1.136       1.308
20151106       1.271       1.078       1.107       1.274
20151107       1.290       1.369       1.159       1.305
20151108       1.413       2.007       1.317       1.380
20151109       1.562       1.955       1.441       1.416
20151110       1.562       1.675       1.844       1.566
20151111       1.517       1.466       1.654       1.442
20151112       1.447       1.325       1.497       1.430
20151113       1.368       1.263       1.330       1.330
20151114       1.279       1.195       1.238       1.296
20151115       1.215       1.194       1.177       1.247
20151116       1.188       1.098       1.123       1.185
20151117       1.159       1.209       1.168       1.188
20151118       1.116       1.087       1.139       1.141
20151119       1.091       1.042       1.089       1.090
20151120       1.060       1.013       1.045       1.051
20151121       1.024       0.997       1.014       1.042
20151122       0.990       0.973       0.996       1.008
20151123       0.973       0.992       0.992       1.007
20151124       0.964       0.976       1.004       0.975
20151125       0.964       0.937       0.959       0.940
20151126  -10000.000       0.915       0.943       0.933
20151127  -10000.000       0.924       1.026       1.059
20151128  -10000.000       2.049       0.992       0.990
20151129       1.050       1.790       1.753       1.769
20151130       1.073       1.507       1.716       1.671
20151201       1.080       1.366       1.492       1.483
20151202       1.078       1.217       1.336       0.956
20151203       1.059       1.079       1.211       0.959
20151204       1.057       1.153       1.079       0.966
20151205       1.057       1.172       1.134       1.258
20151206       1.045       1.274       1.133       1.025
20151207       1.041       1.093       1.117       1.060
20151208       1.019       1.033       1.140       0.998
20151209       1.014       1.313       1.012       0.987
20151210       1.040       1.057       1.148       1.042
20151211       1.036       0.992       1.057       0.948
20151212       1.020       0.943       0.994       0.985
20151213       0.992       0.920       0.946       0.990
20151214       0.959       0.894       0.921       0.966
20151215       0.919       0.877       0.898       0.951
20151216       0.891       0.851       0.879       0.904
20151217       0.870       0.863       0.869       0.883
20151218       0.882       1.012       0.880       0.858
20151219       0.905       1.014       1.022       0.871
20151220       1.064       0.842       1.323       1.204
20151221       1.528       1.997   -9999.000   -9999.000
20151222       1.921       1.713   -9999.000   -9999.000
20151223       2.037       1.575       1.621       1.824
20151224       1.962       1.324       1.537       1.845
20151225       1.873       1.916       1.377       1.836
20151226       1.793       1.599       1.694       2.046
20151227       1.636       1.399       1.579       1.686
20151228       1.490       1.253       1.396       1.527
20151229       1.360       1.154       1.253       1.390
20151230       1.272       1.047       1.139       1.300
20151231       1.202       1.006       1.054       1.163
20160101       1.149       0.920       0.985       1.137
20160102       1.106       0.897       0.930       1.079
20160103       1.059       0.870       0.899       1.082
20160104       1.011       0.854       0.869       1.312
20160105       0.961       0.840       0.854       0.988
20160106       0.911       0.818       0.834       0.963
20160107       0.868       0.805       0.818       0.898
20160108       0.848       0.789       0.804       0.876
20160109       0.806       0.780       0.789       0.821
20160110       0.784       0.805       0.782       0.788
20160111       0.778       1.105       0.851       0.845
20160112       0.768       0.978       1.015       0.772
20160113       0.758       0.877       0.947       0.728
20160114       0.755       0.793       0.840       0.697
20160115       0.760       0.751       0.792       0.706
20160116       0.758       0.724       0.751       0.717
20160117       0.755       0.730       0.725       0.731
20160118       0.749       0.712       0.742       0.752
20160119       0.743       0.689       0.716       0.731
20160120       0.739       0.669       0.685       0.730
20160121       0.730       0.684       0.709       0.759
20160122       0.724       0.644       0.674       0.704
20160123       0.718       0.648       0.644       0.706
20160124       0.712       0.622       0.636       0.700
20160125       0.673       0.610       0.622       0.690
20160126       0.608       0.628       0.611       0.687
20160127       0.606       0.696       0.667       0.663
20160128       0.613       0.755       0.734       0.646
20160129       0.614       0.630       0.709       0.568
20160130       0.606       0.653       0.673       0.608
20160131       0.601       0.585       0.628       0.578
20160201       0.594       0.564       0.585       0.573
20160202       0.587       0.619       0.591       0.595
20160203       0.580       0.559       0.628       0.583
20160204       0.569       0.538       0.587       0.585
20160205       0.558       0.560       0.585       0.596
20160206       0.556       0.628       0.553       0.560
20160207       0.558       0.688       0.636       0.596
20160208       0.566       0.709       0.649       0.547
20160209       0.559       0.664       0.684       0.593
20160210       0.556       0.541       0.605       0.514
20160211       0.551       0.520       0.545       0.514
20160212       0.541       0.497       0.538       0.521
20160213       0.535       0.490       0.512       0.535
20160214       0.525       0.476       0.498       0.529
20160215       0.517       0.458       0.472       0.449
20160216       0.508       0.445       0.461       0.461
20160217       0.490       0.435       0.445       0.507
20160218       0.487       0.429       0.437       0.486
20160219       0.484       0.420       0.428       0.474
20160220       0.479       0.432       0.430       0.480
20160221       0.477       0.561       0.481       0.546
20160222       0.471       0.444       0.486       0.460
20160223       0.468       0.419       0.442       0.442
20160224       0.465       0.436       0.457       0.490
20160225       0.460       0.406       0.441       0.454
20160226  -10000.000       0.659       0.492       0.506
20160227       0.469       0.533       0.617       0.647
20160228       0.468       0.473       0.531       0.515
20160229       0.462       0.420       0.473       0.469
20160301       0.455       0.389       0.417       0.429
20160302       0.447       0.391       0.409       0.453
20160303       0.443       0.408       0.410       0.454
20160304       0.447       0.440       0.425       0.460
20160305       0.466       0.579       0.493       0.489
20160306       0.462       0.420       0.500       0.428
20160307       0.460       0.443       0.432       0.425
20160308       0.460       0.423       0.451       0.455
20160309       0.452       0.356       0.401       0.407
20160310       0.445       0.332       0.361       0.419
20160311       0.437       0.316       0.333       0.420
20160312       0.429       0.304       0.316       0.422
20160313       0.423       0.295       0.304       0.412
20160314       0.418       0.300       0.362       0.478
20160315       0.427       0.629       0.404       0.526
20160316  -10000.000       0.671       0.436       0.551
20160317       0.567       0.518       0.636       0.300
20160318       0.603       0.596       0.509       0.509
20160319       0.611       0.550       0.568       0.573
20160320       0.609       0.546       0.573       0.610
20160321       0.598       0.494       0.539       0.583
20160322       0.592       0.495       0.499       0.562
20160323   -9999.000   -9999.000       0.466       0.546
20160324       0.552       0.393   -9999.000   -9999.000
20160325       0.536       0.368   -9999.000   -9999.000
20160326       0.522       0.371   -9999.000   -9999.000
20160327       0.513       0.528       0.371       0.516
20160328       0.518       0.741       0.457       0.595
20160329       0.533       1.172       0.749       0.748
20160330       0.571       1.063       1.043       0.718
20160331       0.573       0.825       0.970       0.514
20160401       0.565       0.715       0.819       0.514
20160402       0.550       0.640       0.729       0.519
20160403       0.541       0.615       0.646       0.507
20160404       0.534       0.814       0.660       0.562
20160405       0.552       1.241       0.918       0.715
20160406       0.603       1.501       1.233       0.717
20160407       0.657       1.563       1.311       0.688
20160408       0.714       1.288       1.431       0.656
20160409       0.744       1.147       1.289       0.643
20160410       0.749       1.022       1.147       0.681
20160411       0.749       0.986       1.023       0.687
20160412       0.760       0.865       0.974       0.720
20160413       0.776       0.780       0.881       0.706
20160414       0.777       0.716       0.800       0.726
20160415       0.777       0.745       0.737       0.774
20160416       0.777       0.791       0.839       0.892
20160417       0.777       0.673       0.744       0.756
20160418       0.800       0.784       0.685       0.744
20160419       0.852       0.949       0.746       1.068
20160420       0.892       0.865       0.842       0.864
20160421       0.912       0.928       0.830       0.874
20160422       0.958       0.923       0.892       0.921
20160423       0.954       0.814       0.875       0.924
20160424       0.924       0.746       0.819       0.878
20160425       0.889       0.691       0.751       0.877
20160426       0.860       0.657       0.709       0.857
20160427       0.828       0.612       0.656       0.812
20160428       0.792       0.642       0.621       0.802
20160429       0.794       0.811       0.687       0.914
20160430       0.841       1.019       0.974       1.189
20160501       1.023       2.707       1.607       1.265
20160502       1.217       1.976       2.279       1.320
20160503       1.401       2.689       2.029       1.164
20160504       1.824       3.083       2.578       1.569
20160505       2.400       3.771       2.972       1.831
20160506       3.030       6.327       3.781       2.609
20160507       3.931       8.877       5.745       4.276
20160508       5.753      13.493       9.267       5.656
20160509       9.872      16.343      13.135       7.083
20160510      14.330      16.459      16.238      10.050
20160511      14.644       9.164      14.396      11.748
20160512      13.408       9.540      10.383      10.940
20160513      12.387       8.367       9.271      11.702
20160514      10.412       5.194       7.341       9.967
20160515       8.337       4.632       5.257       8.041
20160516       6.863       4.265       4.531       7.258
20160517       5.978       4.087       4.320       6.751
20160518       5.412       3.956       4.176       5.825
20160519       5.182       5.926       4.280       5.916
20160520       5.300       5.263       5.570       6.468
20160521       9.040       9.696       6.344       6.322
20160522      14.761       7.809       8.264       7.641
20160523      21.285      15.678      10.176      15.697
20160524      23.399      14.354      12.592      18.748
20160525      18.506       9.080      11.925      20.733
20160526  -10000.000       6.929       8.690      12.880
20160527  -10000.000       6.511       7.105      12.492
20160528  -10000.000       7.331       6.834       6.800
20160529  -10000.000       7.703       7.323       7.370
20160530  -10000.000       8.973       7.468       7.453
20160531  -10000.000       7.535       8.013       7.995
20160601  -10000.000       7.718       7.622       7.576
20160602  -10000.000       7.273       7.566       7.549
20160603  -10000.000       6.707       7.929       7.929
20160604  -10000.000       5.105       6.286       6.299
20160605  -10000.000       4.046       4.994       5.000
20160606       5.582       3.494       4.073       4.075
20160607       4.841       3.386       3.569       3.564
20160608       4.568       4.585       3.376       3.373
20160609       4.288       3.076       3.860       4.564
20160610       3.912       2.666       3.095       3.532
20160611       3.575       2.410       2.648       3.466
20160612       3.293       2.246       2.420       3.354
20160613       3.092       2.175       2.273       3.122
20160614       2.947       1.983       2.141       2.946
20160615       2.859       1.901       2.315       3.190
20160616       2.795       2.045       1.967       2.760
20160617       2.788       1.753       1.929       2.691
20160618       2.769       1.632       1.798       2.580
20160619       2.686       1.512       1.643       2.539
20160620       2.601       1.432       1.513       2.474
20160621       2.541       2.005       1.470       2.463
20160622       2.623       1.921       2.025       2.922
20160623       2.623       1.563       1.774       2.408
20160624       2.560       1.511       1.576       2.314
20160625       2.714       2.755       1.690       2.718
20160626       2.888       1.906       2.145       2.806
20160627       2.868       2.175       2.025       2.665
20160628       2.790       1.866       2.027       2.672
20160629       2.681       1.778       1.961       2.680
20160630       2.522       1.577       1.738       2.465
20160701       2.416       1.513       1.667       2.444
20160702       2.358       1.710       1.905       2.738
20160703       2.391       2.056       1.808       2.534
20160704       2.403       1.637       1.837       2.353
20160705       2.428       1.514       1.731       2.289
20160706       2.517       1.610       1.821       2.642
20160707       2.524       1.390       1.526       2.340
20160708       2.393       1.307       1.390       2.159
20160709       2.209       1.239       1.307       2.273
20160710       2.069       1.351       1.824       3.695
20160711       2.004       1.848       1.360       2.131
20160712       2.073       2.011       2.345       3.030
20160713       2.258       2.348       1.910       2.164
20160714       2.379       1.968       2.090       2.198
20160715       2.328       1.697       1.909       2.114
20160716       2.196       1.659       1.698       2.094
20160717       2.043       1.570       1.763       2.199
20160718       1.882       1.466       1.568       1.941
20160719       1.752       1.370       1.453       1.741
20160720       1.632       1.270       1.362       1.640
20160721       1.530       1.201       1.273       1.542
20160722       1.426       1.151       1.201       1.470
20160723       1.359       1.126       1.162       1.364
20160724       1.350       1.306       1.561       1.814
20160725       1.487       1.975       1.506       1.648
20160726       1.586       1.369       1.618       1.538
20160727       1.741       1.922       1.664       1.674
20160728       1.765       1.599       1.658       1.684
20160729       1.744       1.747       1.580       1.636
20160730       1.735       1.904       1.670       1.721
20160731       2.086       2.298       2.520       2.404
