date          Qobs       Qsimobs        Qsim       Qusi
20150801       7.655      11.538      13.760       7.199
20150802       6.657      12.983      11.571       6.715
20150803       5.842      10.702      14.122       7.807
20150804       5.195      11.229      12.960       6.836
20150805       4.798      13.770      18.322       9.148
20150806       4.728      11.020      13.618       5.702
20150807       8.475      32.933      14.440       6.010
20150808      12.373      18.910      23.434       8.285
20150809      12.078      18.394      18.862       9.410
20150810      11.454      15.364      17.392      10.681
20150811      13.845      19.728      15.362      10.266
20150812      20.817      24.374      17.394      12.477
20150813      18.232      13.438      21.669      18.997
20150814      13.288      11.000      15.146      15.103
20150815       9.651      10.766      11.856      11.291
20150816       8.505      24.025      13.468      11.700
20150817       9.420      12.623      18.192       9.195
20150818       8.512       9.559      12.227       7.000
20150819       6.917       8.460       9.995       6.917
20150820       5.507       7.966       8.762       6.017
20150821       4.436       6.515       7.806       4.740
20150822       3.612       7.001       6.852       4.332
20150823       2.978       5.739       6.672       3.740
20150824       2.491       5.401       5.895       2.551
20150825       2.081       5.537       5.200       2.426
20150826       1.939       5.674       6.549       2.737
20150827       2.205       7.689       7.682       2.652
20150828       3.933      21.438      13.949       3.833
20150829      13.617      45.778      18.137       4.575
20150830      24.240      46.032      37.792      18.962
20150831      32.696      59.585      32.229      18.676
20150901      23.767      13.605      37.557      23.636
20150902      15.524      10.635      18.790      11.289
20150903      10.600       8.281      12.574      12.306
20150904       7.773       6.507       8.187       8.807
20150905       8.809      18.604       8.976       8.387
20150906       9.990       8.605      13.902       9.617
20150907       8.283       6.396       8.479       7.389
20150908       6.577       5.017       6.547       6.688
20150909       5.298       4.037       5.260       5.264
20150910       4.342       3.311       4.148       4.390
20150911       3.565       2.843       3.209       3.476
20150912       2.940       2.341       2.718       3.115
20150913       2.475       2.344       2.370       2.615
20150914       2.146       7.009       4.249       4.308
20150915       1.888       3.402       5.504       2.757
20150916       2.119      12.371       5.127       2.670
20150917       2.360       5.149       8.541       2.514
20150918       2.401       3.940       5.164       2.186
20150919       2.317       3.747       5.136       2.874
20150920       2.329       4.287       3.758       2.026
20150921       2.365       3.114       3.828       2.061
20150922       2.257       2.126       3.203       1.960
20150923       2.044       1.540       2.532       2.152
20150924       1.947       2.218       2.068       1.965
20150925       4.263      12.703       7.200       6.212
20150926      19.858      68.325      15.341       7.232
20150927      22.860      15.374      39.913      27.105
20150928      16.351      10.137      14.272      10.238
20150929      11.413       7.487      10.201      12.544
20150930       9.370       7.187       7.651       8.787
20151001      11.635      13.008       7.485       8.053
20151002      16.008      10.692      11.330      10.893
20151003      24.086      30.450       9.923      11.452
20151004      22.585      21.859      20.120      22.418
20151005      18.116      11.314      15.181      14.645
20151006      12.875       8.297      10.841      13.748
20151007       9.118       6.037       8.290       9.844
20151008       6.763       4.654       6.180       6.595
20151009       5.636       8.436       5.357       5.966
20151010       4.996       4.942       6.859       5.800
20151011       4.391       3.599       4.788       3.936
20151012       3.803       2.703       3.570       3.176
20151013       3.302       2.099       2.768       2.832
20151014       2.888       1.463       2.068       2.431
20151015       2.578       1.131       1.555       2.228
20151016       2.240       0.837       1.187       1.954
20151017       1.960       0.679       0.814       1.702
20151018       1.717       0.597       0.662       1.636
20151019       1.516       0.573       0.514       1.431
20151020       1.406       0.507       0.561       1.422
20151021       2.389       8.802       2.577       5.649
20151022      29.692      60.755      11.844       5.230
20151023      86.041     137.349      90.426      70.720
20151024      45.358      21.216      77.885      57.207
20151025      65.550     109.676      29.903      24.819
20151026      75.519      75.342      83.882      70.183
20151027      56.780      54.826      56.934      46.222
20151028      28.786      15.081      20.344      22.444
20151029      17.735      11.428      15.074      17.299
20151030      12.249       8.531      11.397      13.047
20151031      11.355      11.744      11.661      13.123
20151101      25.112      52.781      15.763      12.932
20151102      25.460      17.978   -9999.000   -9999.000
20151103      21.607      11.795      16.000      13.265
20151104      18.747      17.861      11.855      16.386
20151105      18.166      11.997      15.417      16.015
20151106      14.246       9.432      12.202      14.854
20151107      17.909      24.650      13.815      16.331
20151108      20.520      15.395      17.794      15.338
20151109      35.563      74.590      17.045      21.079
20151110      76.457     132.383      78.074      62.653
20151111      67.771      78.387     101.998      82.880
20151112      75.793      97.141      81.624      67.935
20151113      59.248      79.728      69.528      58.134
20151114      55.300      60.149      56.569      44.719
20151115      66.714      66.093      79.002      67.865
20151116      52.657      25.457      70.684      53.585
20151117      67.983     107.966      57.207      60.851
20151118      90.950     150.358      89.831      71.909
20151119      44.524      17.218      86.472      57.337
20151120      24.238      12.936      17.031      13.431
20151121      15.462       9.901      12.943      17.758
20151122      10.677       7.602       9.885      12.076
20151123       7.981       5.912       7.882       8.817
20151124      10.536      22.987       8.354       8.729
20151125      16.450      35.398      19.266      11.155
20151126      19.727      14.042      29.518      21.019
20151127     170.078     286.946      82.583      69.542
20151128     154.555     205.366     159.430     120.164
20151129      54.372      30.004     116.306      80.347
20151130      33.342      28.861      27.187      16.279
20151201      23.197      30.171      23.079      25.000
20151202      32.052      19.067      38.326      32.267
20151203      63.902     147.099      25.783      23.489
20151204      38.385      32.982      99.089      78.063
20151205     100.257     170.978      50.324      36.997
20151206     107.910     105.181     110.387      84.540
20151207      59.306      47.133      81.185      63.543
20151208      36.051      17.769      52.028      36.546
20151209      59.877      80.459      39.727      44.024
20151210     100.561     137.400      67.423      63.684
20151211      62.557      60.936      87.570      69.125
20151212      36.991      30.547      39.363      25.868
20151213      23.835      15.657      22.874      18.613
20151214      16.285      11.644      15.389      17.218
20151215      11.812       9.109      11.698      12.921
20151216       8.979       6.993      10.715      10.849
20151217      15.241      13.916      19.796      20.097
20151218      70.779     110.381      28.974      28.076
20151219     125.110      97.008     108.680     111.843
20151220     173.720     195.033      77.032      81.772
20151221     181.122     235.829   -9999.000   -9999.000
20151222      98.382      91.070   -9999.000   -9999.000
20151223      63.517      73.120      71.951      53.578
20151224      70.012      90.969      63.246      50.616
20151225      94.969     147.181      55.326      39.462
20151226      46.161      24.269      81.957      61.103
20151227      24.743      14.799      20.145      14.920
20151228      15.735      11.393      16.213      21.919
20151229      10.981      11.600      13.499      15.322
20151230       8.567      14.869      13.520      12.526
20151231      22.716      97.346      18.485      14.216
20160101      35.109      69.584      48.637      26.212
20160102      25.122      17.620      42.072      20.712
20160103      15.955      12.691      16.899      13.768
20160104      10.196       9.601      12.691      13.047
20160105       7.103       7.295       9.601       8.155
20160106       5.373       5.566       7.295       5.729
20160107       4.233       4.264       5.567       4.508
20160108       3.455       3.286       4.268       3.359
20160109       2.828       2.543       3.289       2.828
20160110       2.370       1.980       2.544       2.296
20160111       1.987       1.559       2.001       1.992
20160112       1.690       1.198       1.550       1.615
20160113       1.506       0.941       1.226       1.356
20160114       1.390       0.824       1.008       1.216
20160115       1.410       1.285       0.798       1.185
20160116       1.405       1.723       1.350       1.668
20160117       1.298       1.126       1.520       1.287
20160118       1.321       2.016       1.205       1.196
20160119       1.274       1.416       1.509       1.300
20160120       1.197       1.205       1.452       1.137
20160121       1.134       1.058       1.200       1.086
20160122       1.091       0.945       1.949       1.763
20160123       1.168       8.699       3.870       3.924
20160124       3.898      82.037      19.887       6.590
20160125      14.140      39.586      69.240      21.243
20160126      58.515     107.476      44.761      17.519
20160127      85.056     139.156      71.121      50.588
20160128      46.605      18.940      89.507      54.535
20160129      52.169      60.766      26.553      18.973
20160130      60.872     138.564      40.543      30.377
20160131      32.142      22.468      80.821      51.243
20160201      20.640      14.253      21.598      11.767
20160202      23.414      67.138      14.102      17.825
20160203      22.250      22.565      44.193      22.372
20160204      16.043      12.583      16.388      10.340
20160205      11.880      10.030      14.450      13.616
20160206      18.495      72.722      15.761      18.024
20160207      29.627      56.527      60.840      34.618
20160208      35.010      75.160      40.286      22.852
20160209      27.121      30.219      44.704      28.440
20160210      18.641      16.625      20.475      13.361
20160211      13.120      12.625      15.881      14.020
20160212       9.310       9.418      12.332      10.763
20160213       6.887       7.223       9.419       7.874
20160214       5.349       5.573       7.223       5.848
20160215       4.329       4.327       5.572       4.500
20160216       3.703       3.380       4.327       3.683
20160217       3.715       6.597       3.862       3.617
20160218       4.061       6.726       5.936       4.348
20160219       3.911       4.331       6.289       4.061
20160220       4.529      12.459       5.062       3.867
20160221       5.909      12.005       9.500       5.756
20160222       6.879      13.421      15.147       7.174
20160223       7.116      15.877      16.431       5.824
20160224       6.702      10.053      10.859       7.562
20160225       5.869       8.142       8.234       5.430
20160226       5.037       7.267       8.351       5.610
20160227       4.490       6.348       6.731       4.925
20160228       3.991       5.453       6.194       4.256
20160229       3.498       4.155       5.174       3.848
20160301       3.126       5.318       4.201       3.365
20160302       2.837       4.510       5.102       4.024
20160303       2.490       3.232       4.282       2.829
20160304       2.248       2.625       3.412       2.278
20160305       2.082       3.644       2.978       2.426
20160306       1.914       2.656       3.039       2.381
20160307       1.735       2.094       2.424       1.683
20160308       1.556       1.577       2.051       1.526
20160309       1.441       1.338       1.596       1.331
20160310       1.386       3.102       1.675       1.878
20160311       1.372       3.878       2.806       1.855
20160312       1.377       5.233       3.285       1.532
20160313       2.302       9.734       6.395       2.583
20160314       5.586      13.922      13.858       4.026
20160315       8.944      11.912      17.661       7.218
20160316      10.842      13.366      18.289      13.245
20160317      11.512      14.670      17.200      15.133
20160318      11.654      14.526      12.292      10.866
20160319      12.172       7.670       9.987       8.672
20160320      14.071       7.544       8.268       9.986
20160321      14.674       7.046       7.732      11.758
20160322      14.348       7.290       7.606      13.489
20160323   -9999.000   -9999.000       6.502      11.210
20160324      10.982       5.527   -9999.000   -9999.000
20160325      12.047      10.323   -9999.000   -9999.000
20160326      14.654      22.456   -9999.000   -9999.000
20160327      43.192     116.163      29.072      29.280
20160328      58.156      38.024      74.843      49.201
20160329      44.624      33.882      34.562      28.979
20160330      36.322      14.552      20.571      24.998
20160331      23.821      13.004      14.592      22.168
20160401      16.595       9.131      12.324      18.439
20160402      16.194      12.553      10.479      15.258
20160403      20.012      18.782      13.430      15.404
20160404      18.320      21.669      19.781      24.804
20160405      20.401      29.611      24.277      24.431
20160406      25.975      27.684      31.196      26.802
20160407      28.298      19.112      20.183      18.282
20160408      23.706      14.625      16.078      18.779
20160409      17.855       9.212      12.120      17.928
20160410      13.734       7.255       9.409      14.255
20160411      11.081       7.639       7.934      12.589
20160412       9.617       7.568       7.464      10.050
20160413       9.088       8.162       7.363       9.534
20160414       8.904      10.240       8.756      10.465
20160415       8.914       7.386       9.094      10.584
20160416       8.686       5.539       6.741       6.982
20160417       7.855       4.948       5.766       7.348
20160418      10.588      24.528       8.086      11.354
20160419      17.915      28.611      20.553      17.178
20160420      19.033      17.981      26.326      16.964
20160421      22.590      47.665      25.489      27.459
20160422      25.217      15.052      33.625      20.072
20160423      19.072      11.704      14.005      13.273
20160424      14.097       8.288      11.193      14.752
20160425      10.646       6.290       8.301      10.492
20160426       8.292       5.109       6.242       7.977
20160427       6.758       4.608       5.208       6.839
20160428       5.788       4.703       4.753       6.191
20160429       5.347       6.414       5.342       6.753
20160430       5.208       7.793       5.740       5.634
20160501       5.449      15.140       7.701       6.227
20160502       8.044      19.061      13.178       8.573
20160503      34.185      69.045      30.356      16.771
20160504      43.629      39.280      49.051      34.749
20160505      36.479      25.960      32.771      28.220
20160506      32.954      26.901      25.186      28.918
20160507      28.219      24.531      27.221      31.633
20160508      28.294      27.313      28.641      30.816
20160509      30.839      25.569      29.374      29.300
20160510      28.271      24.746      26.070      28.006
20160511      24.013      19.614      24.196      26.109
20160512      21.690      15.212      19.337      20.911
20160513      17.626       7.766      11.779      13.168
20160514      13.469       4.889       6.355       9.032
20160515      10.298       4.902       5.106      10.870
20160516       8.461       4.579       4.832      10.194
20160517       7.588       6.781       4.784       8.317
20160518       7.238       4.439       5.701       7.145
20160519       6.840       5.764       4.666       6.104
20160520       7.159      15.771       8.572      10.271
20160521      10.800      22.190      16.362      11.502
20160522      17.543      23.768      22.002      12.389
20160523      24.251      26.524      23.757      16.715
20160524      19.786      11.158      22.510      17.691
20160525      15.450      12.142      12.347      14.423
20160526      12.635      13.245      13.571      16.502
20160527      10.542      11.894      14.134      13.913
20160528       9.162      11.689      13.371      10.639
20160529       8.275      10.374      12.381       9.669
20160530       7.815      10.726      11.350       7.764
20160531       8.417      17.778      15.052      11.394
20160601       9.803      13.379      18.227      10.646
20160602      10.321      15.087      13.819       9.481
20160603       9.709      12.145      15.218      10.677
20160604       8.644      11.498      12.478       8.854
20160605       7.448      10.109      11.855       8.662
20160606       6.341       9.135      10.700       7.046
20160607       5.412       8.967       9.545       6.255
20160608       4.659       5.656       7.700       4.664
20160609       3.988       5.197       5.490       3.358
20160610       3.412       3.199       4.693       3.490
20160611       2.866       3.122       3.713       2.686
20160612       2.376       3.197       3.428       2.856
20160613       1.981       3.721       3.474       2.508
20160614       1.644       3.555       3.710       2.192
20160615       1.404       3.992       3.886       1.630
20160616       1.311       4.196       4.163       1.440
20160617       1.238       4.238       4.394       1.407
20160618       1.205       5.311       4.125       1.280
20160619       1.155       2.236       4.266       1.091
20160620       1.162       2.577       2.208       0.736
20160621       1.273      17.814       7.731       4.622
20160622       1.319       8.967      12.974       2.369
20160623       1.371       6.818       8.627       1.510
20160624       1.475       9.077       7.072       1.618
20160625       1.723      11.139       9.441       2.267
20160626       2.113       5.773       9.140       2.006
20160627       2.779      10.646       8.243       2.675
20160628       6.476      22.757      11.171       4.265
20160629      12.021      23.962      17.233       6.893
20160630      11.824      15.585      17.177      10.321
20160701      11.938      17.839      16.242      10.644
20160702      14.286      22.130      16.955      12.074
20160703      25.088      52.175      29.943      23.797
20160704      30.526      18.578      41.940      30.861
20160705      23.093      14.316      16.894      15.663
20160706      16.502      10.288      14.255      18.834
20160707      11.977       7.597      10.254      12.608
20160708       9.057       8.142       7.994       9.774
20160709       7.529       7.992       8.141       7.585
20160710       7.441       7.086       7.984       7.137
20160711       8.679      13.004      10.602       9.968
20160712      10.026      11.024      11.178       8.879
20160713      10.831      10.486       9.912       8.268
20160714       9.798       6.810       9.552       8.875
20160715       8.458       4.935       6.698       7.392
20160716       9.830       9.838       5.929       7.405
20160717      41.581     101.286      16.879      15.337
20160718      45.852      36.698      69.503      53.969
20160719      27.737      14.238      22.610      17.125
20160720      24.261      23.439      14.751      18.220
20160721      18.078      11.342      17.608      19.230
20160722      13.287       8.972      11.521      13.872
20160723      10.612      13.074       9.333       9.996
20160724       7.990       7.548      11.430       9.527
20160725       6.544       5.800       7.589       6.191
20160726      10.612      24.397      10.576       8.783
20160727      18.879      37.124      16.782      12.125
20160728      35.514      52.295      39.333      30.736
20160729      50.882      63.613      45.068      36.520
20160730      33.646      17.225      38.053      28.397
20160731      26.612      23.363      17.281      17.453
