date          Qobs       Qsimobs        Qsim       Qusi
20150801      74.315      54.098      59.564      87.330
20150802      59.342      47.744      54.153      67.465
20150803      63.055      53.086      48.148      54.173
20150804      56.127      40.087      53.155      62.471
20150805      72.438      57.497      44.138      51.177
20150806      76.052      56.518      54.836      71.992
20150807      59.951      47.448      53.508      70.214
20150808      59.097      52.168      50.136      54.111
20150809      55.519      43.792      44.996      50.796
20150810      49.903      44.391      44.906      51.282
20150811      52.886      42.660      43.012      45.333
20150812      71.471      45.168      50.136      56.235
20150813      63.083      36.810      39.241      59.406
20150814      54.612      32.242      37.295      56.840
20150815      46.431      33.179      33.959      54.052
20150816      58.735      40.509      33.302      45.079
20150817      54.287      36.838      37.769      59.524
20150818      46.982      37.647      36.720      51.215
20150819      39.721      38.145      37.694      46.173
20150820      36.829      32.123      37.328      39.436
20150821      34.989      28.108      31.891      30.823
20150822      33.351      26.703      27.877      29.551
20150823      30.209      25.164      26.607      30.966
20150824      28.707      23.871      24.802      28.066
20150825      30.627      25.688      23.814      26.972
20150826      36.748      27.043      24.262      29.266
20150827      42.480      27.623      28.784      37.221
20150828      67.745      53.693      30.310      44.928
20150829     107.166      52.781      44.427      65.019
20150830      89.671      65.044      45.695      75.980
20150831      61.952      48.771      48.858      71.665
20150901      43.763      38.164      44.186      50.602
20150902      31.221      32.532      36.069      36.750
20150903      23.994      29.506      32.534      29.630
20150904      19.709      26.598      29.367      22.843
20150905      17.503      26.033      26.829      20.350
20150906      17.159      23.680      25.125      18.157
20150907      16.560      23.321      23.316      17.587
20150908      17.121      20.684      21.840      16.051
20150909      14.822      19.296      20.285      16.718
20150910      13.610      17.284      19.535      13.866
20150911      12.819      15.928      17.189      13.012
20150912      12.873      15.157      15.974      12.031
20150913      16.145      13.506      15.046      12.230
20150914      19.905      13.206      14.748      15.181
20150915      22.405      12.737      14.261      18.155
20150916      22.687      12.405      12.715      19.654
20150917      22.429      18.287      12.514      19.103
20150918      33.696      23.713      20.216      27.272
20150919      46.087      48.845      21.594      33.222
20150920      49.365      34.259      38.715      53.879
20150921      34.881      29.596      32.713      44.334
20150922      27.443      27.588      29.504      33.301
20150923      24.998      27.927      27.074      25.257
20150924      22.990      26.807      26.308      24.572
20150925      24.947      24.440      25.163      21.620
20150926      36.701      33.026      25.997      23.123
20150927      38.270      28.311      29.206      36.770
20150928      27.716      24.474      26.876      33.710
20150929      25.053      22.298      24.602      26.185
20150930      38.020      23.114      27.894      25.534
20151001      54.810      27.124      31.553      44.254
20151002     224.285     211.566      49.273      67.960
20151003     150.945      99.675     100.072     242.079
20151004     149.562      96.668      79.748     107.576
20151005     149.551      67.503      73.373     114.598
20151006      73.291      59.993      65.586     131.018
20151007      27.269      41.308      59.965      82.532
20151008      22.458      37.121      53.786      25.221
20151009      18.421      33.173      48.326      25.050
20151010      17.221      29.734      33.220      19.214
20151011      17.693      28.931      29.766      17.215
20151012      17.332      25.366      27.860      17.793
20151013      16.808      22.677      25.238      15.888
20151014      18.171      26.807      23.353      16.492
20151015      24.177      22.448      23.507      17.932
20151016      33.181      27.345      29.713      25.025
20151017      35.372      30.487      25.204      32.512
20151018      28.701      25.498      26.575      34.148
20151019      22.145      22.116      24.999      26.950
20151020      18.179      20.108      22.656      21.095
20151021      17.524      18.642      21.356      17.353
20151022      30.083      27.391      25.116      21.163
20151023      43.402      31.294      26.479      28.848
20151024      32.702      24.435      26.051      40.674
20151025      30.198      27.321      25.093      30.340
20151026      37.975      28.150      25.189      29.404
20151027      46.536      30.329      28.283      26.814
20151028      28.472      18.199      24.619      34.294
20151029      21.640      16.160      21.387      25.444
20151030      16.830      14.358      19.149      21.291
20151031      26.387      13.656      18.907      20.631
20151101      95.816      42.123      24.664      35.730
20151102     161.956      72.513   -9999.000   -9999.000
20151103     115.690      70.120      62.779     122.252
20151104      96.940      72.186      66.555     101.918
20151105      53.320      59.736      63.237      96.394
20151106      36.862      52.108      58.086      57.106
20151107      30.192      46.965      52.106      36.256
20151108      28.516      48.726      49.136      35.246
20151109      23.855      45.467      45.031      29.270
20151110      20.596      41.955      44.080      23.733
20151111      18.604      35.185      41.038      18.647
20151112      17.144      31.210      37.633      19.616
20151113      15.393      28.266      34.656      16.803
20151114      13.122      26.359      28.490      15.096
20151115      13.139      22.179      24.834      12.346
20151116      12.925      19.832      22.133      12.948
20151117      11.897      18.301      20.654      12.837
20151118      10.911      16.222      18.181      11.906
20151119      10.450      14.025      15.929      10.390
20151120      11.607      13.017      14.084       9.893
20151121      14.069      12.496      12.953      10.809
20151122      15.814      11.854      12.391      13.128
20151123      19.177      11.608      12.077      15.445
20151124      21.307      11.115      11.733      15.938
20151125      18.258      10.613      11.006      19.350
20151126      16.655      12.100      11.467      18.113
20151127      17.121      17.560      18.219      21.440
20151128      18.009      24.245      15.605      14.601
20151129      13.674      15.675      16.798      17.213
20151130      11.919      15.051      16.931      16.926
20151201      10.943      14.116      15.041      15.035
20151202      10.168      12.440      13.154      13.147
20151203       9.832      13.434      12.649      12.641
20151204       8.913      12.669      12.515      12.500
20151205       8.381       9.245      10.030      10.003
20151206       8.645      12.458      12.218      12.782
20151207       8.495      11.793      11.325      11.303
20151208       8.391       9.726      10.951      11.231
20151209       8.801      11.507       9.628       9.968
20151210       9.286      12.456       9.159       9.142
20151211       8.807      12.024       9.784       9.455
20151212       7.926      11.908      10.883      10.639
20151213       6.860       8.553       9.393       9.189
20151214       6.757       8.295       8.749       8.749
20151215       7.817       8.454       8.622       8.620
20151216       8.851      10.241       8.641       8.637
20151217       8.079       7.026       7.631       7.732
20151218       8.104       7.571       8.099       8.485
20151219       9.827       8.654       8.658       8.744
20151220      16.126      19.342      11.310      10.843
20151221      25.102      18.969   -9999.000   -9999.000
20151222      25.474      31.484   -9999.000   -9999.000
20151223      20.409      22.233      21.887      22.374
20151224      16.931      24.469      22.479      22.438
20151225      15.226      31.082      22.980      22.653
20151226      19.414      24.600      27.663      26.425
20151227      23.131      22.611      23.466      23.456
20151228      18.792      18.094      20.155      20.141
20151229      17.453      15.957      17.827      17.826
20151230      17.027      14.282      15.949      15.951
20151231      17.798      12.822      14.278      14.276
20160101      15.583      11.663      12.788      12.789
20160102      13.955      10.585      11.580      11.582
20160103      12.150       9.514      10.480      10.476
20160104      14.373       8.471       9.444       9.443
20160105      16.326       7.795       8.518       8.517
20160106      17.393       6.956       7.663       7.662
20160107      18.513       6.430       6.956       6.956
20160108      18.359       5.994       6.380       6.381
20160109      17.168       5.600       5.967       5.966
20160110      16.096       5.267       5.605       5.606
20160111      15.388       5.980       5.828       5.828
20160112      14.867       5.646       5.591       5.585
20160113      14.190       4.896       4.972       4.967
20160114      13.428       4.409       4.613       4.613
20160115      12.485       4.216       4.409       4.409
20160116      11.852       4.240       4.591       4.592
20160117      11.314       3.883       4.376       4.374
20160118      11.122       5.317       4.517       4.517
20160119      10.643       4.020       3.796       3.787
20160120      10.097       3.562       3.571       3.567
20160121       9.509       3.360       3.396       3.393
20160122       9.255       4.095       3.530       3.530
20160123       8.969       3.132       3.172       3.168
20160124       8.529       3.518       3.254       3.252
20160125       8.260       3.198       2.926       2.923
20160126       8.073       4.463       3.220       3.217
20160127       8.256       3.439       3.488       3.479
20160128       7.941       3.098       2.887       2.882
20160129       8.186       2.859       3.120       3.117
20160130       8.082       5.054       5.366       5.364
20160131       7.533       3.214       3.115       3.101
20160201       6.085       2.620       3.136       3.130
20160202       6.040       3.272       2.671       2.669
20160203       6.724       2.013       2.044       2.038
20160204       9.320       3.568       2.654       2.653
20160205      12.238       3.618       3.354       3.345
20160206      11.530       1.681       1.935       1.924
20160207       9.156       3.260       2.683       2.682
20160208       8.772       2.039       2.209       2.202
20160209       8.394       1.919       1.939       1.938
20160210       8.123       1.733       1.722       1.731
20160211       7.839       1.567       1.689       1.685
20160212       7.381       1.321       1.964       1.963
20160213       7.773       1.441       1.404       1.403
20160214       6.493       1.472       1.576       1.573
20160215       6.070       1.160       1.203       1.203
20160216       6.303       1.515       1.510       1.512
20160217       6.148       2.351       1.328       1.325
20160218       6.177       1.839       1.392       1.385
20160219       5.993       1.018       1.072       1.067
20160220       5.662       0.958       0.992       0.992
20160221       5.507       1.401       1.981       1.981
20160222       5.587       1.066       1.153       1.150
20160223       5.323       0.812       0.862       0.863
20160224       5.045       1.556       1.338       1.337
20160225       4.888       1.042       1.393       1.389
20160226       4.421       0.785       0.929       0.926
20160227       4.457       1.367       1.049       1.048
20160228       4.505       1.198       1.379       1.377
20160229       4.466       1.036       0.807       0.803
20160301       4.412       0.993       1.081       1.079
20160302       4.213       0.634       0.716       0.715
20160303       4.129       0.740       0.742       0.740
20160304       4.070       0.700       0.872       0.873
20160305       4.017       0.697       0.868       0.866
20160306       3.983       0.534       0.749       0.751
20160307       3.902       0.812       0.735       0.735
20160308       3.853       1.038       0.879       0.879
20160309       3.769       0.503       0.500       0.499
20160310       3.711       0.436       0.446       0.446
20160311       3.690       2.922       1.135       1.135
20160312       3.557       0.396       0.443       0.431
20160313       3.431       0.523       0.458       0.458
20160314       4.212       1.459       1.163       1.175
20160315      12.177       2.740       1.207       3.306
20160316      18.567       3.287       1.592       9.502
20160317      20.190       7.388       2.719      20.958
20160318      17.370       4.472       5.015      16.931
20160319      13.713       3.371       3.843      11.597
20160320      10.667       2.807       3.162      10.524
20160321       8.417       2.641       2.944       9.328
20160322       7.421       2.598       2.645       7.170
20160323   -9999.000   -9999.000       2.355       5.822
20160324       6.209       2.024   -9999.000   -9999.000
20160325       5.836       2.465   -9999.000   -9999.000
20160326       5.600       2.189   -9999.000   -9999.000
20160327       5.459       2.320       1.894       4.705
20160328       5.649       7.907       2.813       8.741
20160329       5.191      12.752       6.747      10.272
20160330       4.847      13.056      10.439       8.414
20160331       4.147       9.952      11.340       5.317
20160401       3.835       8.689       9.848       3.941
20160402       3.574       7.785       9.061       3.813
20160403       3.541       9.232       8.135       3.776
20160404       3.791       9.411       9.068       3.895
20160405       3.853       9.321       8.743       4.540
20160406       3.890      11.978      10.592       5.268
20160407       3.709      12.885      12.597       5.544
20160408       3.783      10.254      11.499       3.713
20160409       4.040       9.662      10.055       4.030
20160410       4.120      11.287       9.110       3.963
20160411       4.308       8.988       9.686       4.202
20160412       4.091       8.736       8.914       4.370
20160413       3.731       7.826       8.669       4.313
20160414       3.138       6.761       7.575       3.506
20160415       3.628       6.773       7.523       2.625
20160416       3.192       7.288       6.798       3.648
20160417       3.178       6.248       6.315       3.061
20160418       3.263       6.678       6.144       3.367
20160419       3.340       8.016       6.845       4.028
20160420       3.302       7.643       7.028       3.594
20160421       3.587       9.353       7.990       4.114
20160422       3.714       9.918       8.722       4.018
20160423       3.443       6.992       8.615       3.752
20160424       3.065       6.089       6.966       3.300
20160425       3.034       5.813       6.083       2.999
20160426       2.925       5.501       6.205       3.273
20160427       2.853       4.812       5.510       2.962
20160428       2.822       6.623       5.721       3.298
20160429       4.373      13.685       8.092       4.074
20160430       7.490      17.194      10.672       5.704
20160501       8.142      24.213      14.973       9.357
20160502       9.342      28.153      21.624      11.276
20160503      12.979      36.049      26.614      12.052
20160504      20.888      54.514      34.611      15.834
20160505      23.115      50.758      42.107      24.660
20160506      23.205      65.631      52.018      27.911
20160507      27.604      72.566      63.578      32.861
20160508      35.410      88.295      74.302      37.508
20160509      39.296      74.659      72.915      32.812
20160510      40.810      83.500      83.088      50.973
20160511      36.858      50.722      61.251      36.191
20160512      33.327      61.932      53.718      30.571
20160513      28.998      47.247      51.467      33.360
20160514      26.111      44.756      47.475      28.066
20160515      26.136      43.082      43.524      24.590
20160516      26.234      40.838      41.605      25.050
20160517      25.969      44.020      40.118      26.669
20160518      22.831      37.626      40.945      25.597
20160519      21.530      33.884      37.479      22.843
20160520      19.881      30.572      33.712      20.726
20160521      31.992      53.751      35.984      23.743
20160522      45.228      49.977      44.982      35.514
20160523      81.802     126.659      56.363      50.231
20160524      90.449      95.181      85.644      96.608
20160525      90.195      78.277      93.942      84.644
20160526      84.908      69.193      68.679      68.207
20160527      85.356     100.715      72.662      79.469
20160528      96.910     131.874      93.981      91.543
20160529     120.442     138.304     119.593      96.044
20160530     134.629     149.500     132.645     115.040
20160531     141.233     142.726     131.615     120.906
20160601     150.798     135.438     135.322     128.281
20160602     158.207     123.998     126.719     126.613
20160603     138.499      98.013     111.887     120.919
20160604      93.969      61.232      84.322     101.130
20160605      67.621      48.361      58.747      65.559
20160606      54.701      45.833      48.453      56.773
20160607      69.905      50.618      46.365      52.097
20160608      78.529      63.143      50.797      61.416
20160609      54.755      44.307      50.642      73.053
20160610      40.598      40.712      44.754      50.471
20160611      36.725      40.871      40.683      38.776
20160612      38.285      41.788      39.371      36.357
20160613      43.976      37.834      38.681      34.546
20160614      43.645      33.940      37.313      40.589
20160615      42.157      31.799      33.654      38.523
20160616      59.600      39.498      34.262      40.375
20160617      77.448      46.380      36.993      54.836
20160618     100.189      65.257      51.273      83.047
20160619      90.143      46.262      53.839      94.735
20160620      76.393      41.122      41.590      63.888
20160621      69.039      43.388      37.622      62.525
20160622      71.905      40.978      38.840      59.431
20160623      65.714      41.977      38.460      65.796
20160624      66.849      52.087      42.479      59.626
20160625      64.961      55.116      48.325      66.300
20160626      65.063      45.681      48.902      58.266
20160627      96.898      58.319      47.710      60.062
20160628      91.991      54.879      54.172      79.781
20160629      65.399      39.583      47.985      74.543
20160630      59.041      43.063      40.797      53.373
20160701      68.406      44.297      45.075      56.170
20160702      63.649      45.345      42.217      61.223
20160703      69.012      47.589      45.981      61.699
20160704      55.732      41.210      43.278      60.760
20160705      40.500      33.719      38.703      48.315
20160706      35.032      28.885      31.300      34.137
20160707      33.649      25.904      27.430      29.796
20160708      30.265      22.637      24.650      28.887
20160709      26.386      20.616      22.452      26.391
20160710      25.466      19.349      20.656      24.255
20160711      25.090      18.451      19.403      23.548
20160712      28.912      23.974      20.158      24.965
20160713      28.578      34.888      25.468      36.473
20160714      27.112      26.972      28.888      30.518
20160715      24.710      21.050      24.335      23.462
20160716      21.024      17.919      20.428      20.916
20160717      22.194      19.170      18.068      19.512
20160718      26.473      22.472      19.453      21.532
20160719      21.887      17.519      18.090      23.008
20160720      18.521      16.582      17.451      20.117
20160721      20.072      16.194      16.765      17.363
20160722      22.749      17.289      16.345      18.396
20160723      22.660      17.629      16.363      22.128
20160724      28.885      19.904      17.566      21.877
20160725      30.590      20.666      20.912      29.404
20160726      25.981      16.455      17.512      27.351
20160727      41.076      35.090      20.974      27.843
20160728      29.405      20.203      22.458      38.858
20160729      30.391      30.737      22.447      24.748
20160730      24.652      24.248      24.212      31.166
20160731      35.571      30.628      30.524      29.331
