date          Qobs       Qsimobs        Qsim       Qusi
20150801       2.529       2.926       3.623       2.959
20150802       2.169       3.115       3.617       2.915
20150803       2.058       2.968       3.650       2.352
20150804       3.272       3.781       3.865       2.625
20150805       5.338       5.808       4.450       3.783
20150806       3.798       4.330       5.602       5.527
20150807       4.480       5.786       4.443       3.858
20150808       3.611       4.623       4.940       3.806
20150809       2.755       3.902       4.821       3.482
20150810       2.824       3.558       4.216       2.838
20150811       4.060       4.169       3.594       2.792
20150812       4.411       4.857       3.693       3.224
20150813       2.656       2.789       4.763       4.234
20150814       2.139       3.262       3.815       2.864
20150815       2.923       4.336       3.892       2.621
20150816       5.352       6.004       4.651       3.970
20150817       4.104       4.473       5.387       4.824
20150818       3.048       4.076       4.320       3.407
20150819       2.510       4.290       4.244       3.213
20150820       2.090       4.411       4.275       2.784
20150821       1.799       4.114       4.360       2.320
20150822       1.697       4.357       4.008       2.026
20150823       1.526       3.511       4.313       1.938
20150824       1.500       3.511       3.696       1.542
20150825       1.694       3.408       3.352       1.659
20150826       2.034       3.677       3.638       1.828
20150827       1.857       3.103       3.548       1.976
20150828       1.734       2.823       3.407       1.955
20150829       3.228       2.998       2.919       1.571
20150830       3.821       5.111       3.368       2.672
20150831       2.870       4.878       4.319       3.797
20150901       1.762       1.812       3.892       2.066
20150902       1.303       1.455       1.572       1.150
20150903       1.071       1.616       1.442       1.012
20150904       0.988       1.736       1.301       0.975
20150905       1.465       2.397       1.710       1.240
20150906       1.160       1.336       2.395       1.110
20150907       0.915       1.222       1.301       1.022
20150908       0.779       1.393       1.519       1.054
20150909       0.689       1.243       1.613       1.124
20150910       0.634       1.440       1.615       0.974
20150911       0.602       1.268       1.499       0.776
20150912       0.586       1.641       1.262       0.556
20150913       0.627       1.676       1.490       0.735
20150914       1.139       4.255       1.678       0.769
20150915       1.141       1.846       3.445       1.352
20150916       2.095       5.269       2.748       1.492
20150917       1.469       1.211       4.189       1.676
20150918       1.056       0.805       1.282       0.892
20150919       1.081       0.815       1.121       0.923
20150920       1.580       1.195       0.838       0.968
20150921       1.192       1.190       1.002       1.117
20150922       0.914       0.620       1.032       0.894
20150923       0.786       0.748       0.909       0.977
20150924       0.754       0.716       0.762       0.732
20150925       1.152       1.607       1.405       1.087
20150926       3.237       4.280       3.347       1.788
20150927       2.414       1.498       3.662       2.373
20150928       1.550       0.665       1.406       1.365
20150929       1.108       0.584       0.698       0.831
20150930       1.151       0.648       0.595       0.776
20151001       1.811       0.859       0.723       0.863
20151002       2.595       0.711       0.738       1.067
20151003       2.921       1.654       1.230       2.779
20151004       1.844       0.872       1.332       1.632
20151005       1.374       0.572       0.726       1.099
20151006       1.026       0.662       0.574       1.036
20151007       0.796       0.694       0.575       0.913
20151008       0.650       0.616       0.615       0.782
20151009       0.712       0.579       0.557       0.573
20151010       0.675       0.437       0.490       0.518
20151011       0.624       0.366       0.398       0.530
20151012       0.579       0.360       0.335       0.499
20151013       0.530       0.330       0.309       0.470
20151014       0.491       0.264       0.270       0.426
20151015       0.457       0.241       0.261       0.376
20151016       0.426       0.219       0.240       0.402
20151017       0.399       0.200       0.219       0.386
20151018       0.375       0.182       0.205       0.356
20151019       0.357       0.158       0.182       0.328
20151020       0.352       0.144       0.167       0.276
20151021       0.438       0.376       0.349       0.559
20151022       2.707       1.932       1.618       1.574
20151023       7.744       9.863       3.645       2.838
20151024       3.243       1.149       6.451       5.694
20151025       5.570       7.457       1.322       1.373
20151026       4.312       3.314       6.209       5.059
20151027       3.263       2.851       2.936       2.023
20151028       2.216       0.951       2.633       2.099
20151029       1.644       0.615       1.019       1.135
20151030       1.376       0.521       0.753       1.250
20151031       2.264       1.261       0.785       1.164
20151101       2.746       3.183       1.299       1.662
20151102       3.144       1.612   -9999.000   -9999.000
20151103       2.236       0.643       1.188       1.519
20151104       1.693       0.657       0.607       0.968
20151105       1.450       0.554       0.871       1.093
20151106       1.147       0.502       0.559       1.179
20151107       1.901       1.608       1.158       2.067
20151108       2.056       1.627       1.397       0.962
20151109       3.773       7.703       0.906       1.312
20151110       9.110       8.931       5.508       3.092
20151111       8.049       8.210       7.989       6.270
20151112       5.103       6.341       8.224       6.170
20151113       3.666       6.641       4.339       2.831
20151114       3.544       3.228       4.836       2.204
20151115       6.877       5.012       3.522       2.821
20151116       3.766       2.633       4.689       6.104
20151117       3.311       5.452       2.171       2.779
20151118       2.701       5.566       3.366       2.954
20151119       1.627       1.600       4.328       1.966
20151120       1.158       0.530       1.326       0.696
20151121       0.904       0.449       0.530       0.452
20151122       0.727       0.411       0.449       0.644
20151123       0.707       0.376       0.414       0.602
20151124       0.732       0.354       0.426       0.621
20151125       0.748       0.777       0.351       0.584
20151126       0.868       0.581       1.046       1.369
20151127      16.406       8.744       2.841       4.336
20151128       8.647       9.134       4.717      14.823
20151129       3.182       1.880       9.163       6.310
20151130       2.110       1.470       1.601       1.073
20151201       1.608       2.234       0.922       1.160
20151202       1.543       2.085       2.728       3.574
20151203       2.458       4.892       1.259       1.351
20151204       1.816       4.037       3.583       2.918
20151205       4.744       8.558       2.560       1.760
20151206       5.590      10.142       6.964       4.441
20151207       3.016       8.974       8.429       5.248
20151208       2.275       1.988       6.493       2.907
20151209       5.677       8.698       2.180       1.347
20151210       5.672      10.299       5.811       4.303
20151211       3.426       7.837       7.855       4.710
20151212       2.272       3.402       6.087       2.066
20151213       1.586       1.145       2.398       1.183
20151214       1.247       0.507       0.913       0.642
20151215       1.002       0.416       0.485       0.612
20151216       0.894       0.378       0.489       0.996
20151217       1.607       0.367       3.956       6.437
20151218       8.891       3.725       2.995       5.521
20151219      11.046       4.873       4.985      11.649
20151220      17.092      10.907       5.565       9.069
20151221      12.375      18.210   -9999.000   -9999.000
20151222       5.444      10.992   -9999.000   -9999.000
20151223       3.683       8.592       8.870       4.070
20151224       3.331       9.666       7.219       2.710
20151225       4.096      13.284       7.140       2.503
20151226       2.067       3.651       8.463       3.268
20151227       1.295       1.054       3.010       0.962
20151228       1.002       0.486       1.059       0.855
20151229       0.900       0.453       0.486       0.682
20151230       0.920       3.567       0.682       1.405
20151231       1.917       8.249       2.033       2.297
20160101       1.543       6.080       4.538       1.912
20160102       1.168       1.698       5.079       1.361
20160103       1.730       0.718       1.441       0.532
20160104       1.145       0.469       0.701       0.712
20160105       3.412       0.430       0.469       0.741
20160106       6.947       0.394       0.430       2.189
20160107      10.301       0.360       0.394       3.619
20160108      12.848       0.330       0.361       5.999
20160109      12.023       0.303       0.330       7.159
20160110       8.834       0.277       0.303       7.123
20160111       5.295       0.256       0.277       4.894
20160112       4.444       0.233       0.254       0.254
20160113       2.668       0.214       0.235       0.235
20160114       0.382       0.199       0.216       0.216
20160115       0.373       0.185       0.196       0.200
20160116       0.507       0.169       0.182       0.186
20160117       0.847       0.155       0.169       0.169
20160118       0.381       0.142       0.155       0.155
20160119       0.376       0.130       0.142       0.142
20160120       0.391       0.119       0.130       0.130
20160121       0.478       0.109       0.119       0.119
20160122       0.394       0.100       0.109       0.112
20160123       0.325       0.129       0.213       0.451
20160124       0.379       2.471       1.342       2.091
20160125       1.015       2.577       2.578       2.545
20160126       6.347       7.233       1.783       2.058
20160127       3.297       6.053       4.397       3.553
20160128       1.923       2.614       4.345       3.545
20160129       2.250       3.617       1.970       2.287
20160130       1.882      11.197       2.348       2.307
20160131       1.302       2.417       8.809       5.755
20160201       1.187       1.428       1.915       2.391
20160202       1.084       3.456       1.063       1.115
20160203       0.877       1.774       2.335       2.226
20160204       0.800       0.721       1.360       1.376
20160205       0.518       0.461       0.687       0.991
20160206       0.859       0.876       0.455       0.866
20160207       1.063       3.046       0.821       1.115
20160208       1.133       3.353       1.328       1.527
20160209       0.860       2.984       1.994       2.146
20160210       0.791       1.328       1.748       1.767
20160211       1.998       0.472       0.962       0.985
20160212       4.047       0.273       0.449       0.449
20160213       5.051       0.250       0.273       0.273
20160214       5.253       0.229       0.250       0.250
20160215       4.421       0.210       0.229       0.229
20160216       3.349       0.193       0.210       0.210
20160217       2.527       0.220       0.193       0.204
20160218       1.934       0.784       0.179       0.231
20160219       1.143       0.252       0.197       0.266
20160220       0.557       0.679       0.224       0.286
20160221       0.619       1.041       0.299       0.560
20160222       0.664       1.150       0.514       1.075
20160223       0.645       1.088       0.825       0.963
20160224       0.619       0.926       0.552       0.643
20160225       0.581       0.467       0.425       0.569
20160226       0.545       0.424       0.390       0.458
20160227       0.506       0.460       0.303       0.430
20160228       0.479       0.536       0.337       0.444
20160229       0.449       0.248       0.392       0.411
20160301       0.430       0.173       0.253       0.261
20160302       0.396       0.168       0.175       0.179
20160303       0.370       0.152       0.160       0.163
20160304       0.363       0.140       0.152       0.157
20160305       0.393       0.136       0.139       0.180
20160306       0.418       0.122       0.133       0.135
20160307       0.455       0.115       0.122       0.123
20160308       0.520       0.105       0.112       0.112
20160309       0.398       0.093       0.102       0.102
20160310       0.369       0.086       0.097       0.106
20160311       0.395       0.078       0.089       0.089
20160312       0.365       0.072       0.078       0.078
20160313       0.407       0.133       0.129       0.387
20160314       0.807       0.492       0.750       0.758
20160315       1.324       0.401       0.903       2.101
20160316       1.504       0.242       1.488       3.630
20160317       1.449       0.169       0.839       2.477
20160318       1.457       0.528       0.201       1.034
20160319       1.359       0.118       0.314       1.332
20160320       1.333       0.199       0.155       0.630
20160321       1.316       0.192       0.184       1.399
20160322       1.176       0.307       0.292       1.809
20160323   -9999.000   -9999.000       0.285       1.140
20160324       0.865       0.148   -9999.000   -9999.000
20160325       0.811       0.170   -9999.000   -9999.000
20160326       0.892       0.638   -9999.000   -9999.000
20160327       3.309       4.168       0.824       2.176
20160328       2.540       2.977       3.119       2.629
20160329       2.628       3.806       2.385       2.436
20160330       1.802       0.822       2.247       2.276
20160331       1.275       0.506       0.620       0.633
20160401       1.013       0.247       0.423       0.600
20160402       0.954       0.326       0.284       0.933
20160403       1.038       0.390       0.364       1.000
20160404       1.519       1.012       0.553       1.388
20160405       2.750       2.980       1.202       2.437
20160406       2.827       1.350       2.139       3.552
20160407       2.542       0.655       0.982       1.486
20160408       1.989       0.530       0.548       1.188
20160409       1.582       0.280       0.459       1.119
20160410       1.486       0.257       0.280       0.821
20160411       1.465       0.331       0.257       1.328
20160412       1.334       0.452       0.253       1.057
20160413       1.274       0.711       0.316       1.066
20160414       1.293       1.008       0.490       1.420
20160415       1.182       0.510       0.672       1.212
20160416       1.023       0.281       0.414       0.688
20160417       0.931       0.257       0.279       0.589
20160418       1.215       0.539       0.329       1.157
20160419       1.349       0.870       0.488       2.173
20160420       1.288       0.819       0.722       1.557
20160421       2.061       1.927       1.080       2.214
20160422       1.400       0.673       1.368       1.981
20160423       0.983       0.351       0.561       0.611
20160424       0.793       0.250       0.345       0.616
20160425       0.686       0.230       0.250       0.544
20160426       0.610       0.210       0.229       0.576
20160427       0.589       0.200       0.210       0.539
20160428       0.611       0.307       0.197       0.560
20160429       0.628       0.789       0.234       0.768
20160430       0.644       1.030       0.485       0.717
20160501       0.684       2.391       0.630       0.829
20160502       0.957       1.772       1.383       1.157
20160503       2.420       3.891       2.104       1.103
20160504       2.116       2.071       2.938       1.872
20160505       2.031       3.437       2.464       1.772
20160506       2.231       4.918       3.247       2.716
20160507       3.013       5.146       4.425       2.918
20160508       7.276       6.711       5.421       3.360
20160509       9.452       8.192       6.955       7.764
20160510       8.544       8.368       7.196       8.334
20160511       8.503       7.638       7.813       8.091
20160512       7.410       7.366       6.573       6.330
20160513       4.247       3.514       5.114       5.738
20160514       2.722       1.159       2.503       2.394
20160515       2.078       1.247       0.982       1.111
20160516       2.330       1.982       0.949       1.676
20160517       2.652       2.393       1.304       2.098
20160518       2.491       1.365       1.373       1.919
20160519       2.604       1.462       1.255       2.021
20160520       4.278       4.297       1.809       2.858
20160521       6.436       4.331       3.792       4.605
20160522       8.742       4.911       4.355       5.132
20160523       7.980       6.617       4.755       7.698
20160524       6.384       3.853       5.646       6.242
20160525       5.212       4.958       3.821       5.183
20160526       5.107       6.045       4.562       5.420
20160527       5.169       6.262       5.547       5.377
20160528       6.122       7.109       6.045       5.076
20160529       7.456       5.904       6.678       5.268
20160530      12.954       5.826       5.967       5.393
20160531      16.464       8.093       6.249      10.183
20160601      11.900       7.014       8.187      13.360
20160602      11.899       6.118       6.769       9.566
20160603       9.663       7.083       6.396       7.996
20160604       6.771       7.855       6.939       8.844
20160605       5.147       7.619       7.329       6.530
20160606       4.764       6.925       7.085       5.065
20160607       4.780       6.532       6.384       3.990
20160608       4.208       5.074       5.728       3.882
20160609       2.716       4.202       4.388       3.473
20160610       2.103       3.048       3.422       2.243
20160611       1.767       3.396       2.981       1.876
20160612       1.743       3.677       3.261       1.966
20160613       2.056       4.078       3.569       1.801
20160614       2.247       3.908       3.899       2.154
20160615       2.510       4.082       3.909       2.285
20160616       3.486       3.802       3.587       2.171
20160617       3.089       3.409       3.449       2.984
20160618       2.265       3.207       3.275       2.891
20160619       1.841       2.769       2.816       2.180
20160620       1.492       2.245       2.254       1.551
20160621       2.121       3.243       3.005       1.992
20160622       1.985       2.426       2.918       1.939
20160623       1.817       2.555       2.474       1.880
20160624       1.938       2.529       2.629       2.096
20160625       3.277       5.221       3.150       2.282
20160626       3.118       2.324       4.506       2.994
20160627       3.869       4.331       2.786       2.306
20160628       3.164       3.338       3.986       3.367
20160629       1.876       1.544       3.373       2.143
20160630       1.742       1.763       1.892       1.457
20160701       1.699       1.714       1.756       1.732
20160702       1.921       2.173       2.030       1.706
20160703       2.252       2.158       4.199       3.380
20160704       1.673       2.036       3.043       2.362
20160705       1.245       1.519       1.835       1.290
20160706       1.047       1.274       1.427       1.114
20160707       0.868       1.096       1.120       0.970
20160708       0.863       1.334       1.232       0.936
20160709       1.065       1.661       1.465       1.127
20160710       1.286       1.287       1.552       1.058
20160711       1.692       2.008       1.990       1.581
20160712       2.227       1.966       2.085       1.796
20160713       3.269       2.933       1.982       1.807
20160714       1.832       2.026       2.642       2.399
20160715       1.218       1.372       1.803       1.416
20160716       1.848       2.470       1.875       1.620
20160717       5.753       3.291       3.059       2.164
20160718       4.035       3.446       3.726       3.468
20160719       2.599       1.290       2.755       2.530
20160720       2.969       3.527       1.548       1.706
20160721       1.815       1.333       2.904       2.266
20160722       1.387       1.239       2.162       2.013
20160723       1.111       1.267       1.479       1.573
20160724       0.860       1.056       1.183       1.030
20160725       0.776       1.093       1.095       0.956
20160726       1.784       3.758       2.260       1.758
20160727       1.796       1.627       3.158       1.567
20160728       3.082       2.676       3.247       2.614
20160729       3.724       4.394       3.307       2.726
20160730       2.952       2.434       4.384       3.541
20160731       2.183       2.013       2.257       1.736
