date          Qobs       Qsimobs        Qsim       Qusi
20150801     111.054     112.211     213.819     144.921
20150802     107.213     107.934     112.970     108.413
20150803     105.561     111.511     110.900     105.023
20150804     100.971     103.952     108.609     104.896
20150805     118.549     147.204     107.353     101.257
20150806     132.618     123.865     128.374     119.419
20150807     119.810     115.633     121.752     129.086
20150808     114.417     124.559     123.406     122.832
20150809     114.063     118.740     123.580     117.275
20150810     109.059     109.293     116.822     110.965
20150811     104.755     104.652     111.440     104.340
20150812     101.573     101.736     107.188     102.292
20150813      91.870      98.725     102.661      99.213
20150814      93.767      95.467      98.547      96.226
20150815      89.926      92.436      95.466      91.814
20150816      86.264      89.411      92.385      87.619
20150817      83.006      87.969      89.417      84.279
20150818      80.054      85.073      86.517      80.961
20150819      77.122      80.875      83.688      77.417
20150820      74.362      78.174      82.261      74.576
20150821      71.878      75.530      79.518      71.845
20150822      69.231      72.976      75.533      69.401
20150823      66.860      70.465      72.963      67.353
20150824      65.304      68.100      70.468      64.954
20150825      64.152      66.283      68.022      63.068
20150826      66.497      73.349      68.293      63.617
20150827      71.170      71.327      70.711      67.442
20150828      89.614      89.169      73.089      70.125
20150829      86.531      80.140      84.215      96.674
20150830      78.191      76.861      79.891      86.051
20150831      72.241      75.508      76.905      76.019
20150901      69.014      72.859      75.124      70.635
20150902      68.584      71.361      71.888      67.110
20150903      78.238      88.136      75.006      69.694
20150904      86.862      82.396      81.252      78.281
20150905      88.634     101.605      86.678      90.796
20150906      92.483      92.819      95.961      92.440
20150907      86.311     311.315      92.114      90.579
20150908      81.580     282.045      89.162      85.086
20150909      78.238      85.549      86.117      78.700
20150910      74.899      82.754     255.859      81.227
20150911      72.224      80.028     231.752      77.327
20150912      70.169      77.367      80.027      69.819
20150913      68.935      76.135      77.661      68.831
20150914      68.320      74.381      76.458      67.256
20150915      68.333      72.523      73.995      66.511
20150916      81.185      82.616      76.157      69.911
20150917     107.080      82.744      80.211      80.877
20150918     208.139     132.718      91.408     107.206
20150919     180.609     106.006     108.185     211.762
20150920     133.091     100.042     104.167     177.589
20150921     115.851      99.941     101.018     128.593
20150922     110.017      99.920     102.026     114.773
20150923     120.665     128.106     105.649     113.572
20150924     130.078     109.872     115.575     123.021
20150925     132.891     121.519     116.031     128.476
20150926     129.209     109.584     114.007     127.248
20150927     118.070     103.171     109.206     121.541
20150928     110.402      99.191     102.678     110.343
20150929     104.131      95.297      98.140     104.773
20150930      99.130      73.391      94.495     100.460
20151001      95.055      71.186      92.334      95.441
20151002      91.200      69.380      89.621      91.774
20151003      87.475      68.874      69.434      87.648
20151004      84.312      85.131      67.920      86.710
20151005      81.768      82.597      66.034      82.002
20151006      79.191      80.136      63.898      78.049
20151007      76.201      77.075      79.974      77.414
20151008      73.571      74.617      77.517      74.189
20151009      71.216      73.832      75.186      72.415
20151010      70.481      77.565      74.042      71.200
20151011      69.666      73.235      75.215      70.847
20151012      68.466     122.812      73.179      67.047
20151013      66.844      68.445      70.861      66.747
20151014      65.096      67.350      68.701      65.198
20151015      63.473      65.182     111.958      65.737
20151016      61.932      63.069      64.122      61.845
20151017      60.514      61.022      63.080      60.236
20151018      59.279      59.152      61.046      58.506
20151019      58.263      56.241      59.109      57.373
20151020      57.287      54.606      57.400      56.850
20151021      56.530      52.712      55.641      55.709
20151022      56.738      56.149      53.438      55.421
20151023      56.526      56.231      54.462      57.546
20151024      55.420      54.278      55.321      56.291
20151025      55.139      60.034      54.690      54.906
20151026      54.775      56.613      57.239      56.636
20151027      53.419      54.899      55.816      53.336
20151028      52.357      71.715      54.084      52.166
20151029      51.510      69.499      53.099      51.218
20151030      50.465      67.338      51.480      50.238
20151031      49.410      65.995      67.454      49.709
20151101      48.558      65.698      65.682      48.704
20151102      47.766      64.786   -9999.000   -9999.000
20151103      46.996      62.796      64.597      47.026
20151104      46.374      43.007      62.759      45.460
20151105      45.608      41.587      60.815      44.737
20151106      44.987      40.206      58.951      45.106
20151107      46.863      46.292      41.589      45.469
20151108      51.619      52.474      44.795      47.323
20151109      54.059      58.520      48.612      54.314
20151110      57.123      54.941      55.862      55.968
20151111      53.442      53.662      54.145      56.804
20151112      50.051      52.035      53.076      52.591
20151113      48.407      50.746      51.279      48.958
20151114      48.567      49.627      50.744      47.374
20151115      47.258      51.356      49.425      47.481
20151116      46.141      48.205      47.765      45.794
20151117      45.070      47.335      48.888      45.298
20151118      45.292      45.192      48.223      44.166
20151119      41.650      43.641      46.319      43.620
20151120      40.104      42.226      43.644      41.176
20151121      39.030      40.895      42.231      38.901
20151122      38.719      39.554      40.893      38.127
20151123      40.932      38.128      39.668      37.380
20151124      41.467      37.097      38.800      39.337
20151125      45.625      36.163      37.463      39.716
20151126      43.469      34.936      36.078      43.859
20151127      41.829      34.280      37.135      43.722
20151128      52.164      53.220      34.745      40.187
20151129      57.446      48.755      47.157      58.810
20151130      52.298      47.874      49.044      55.794
20151201      43.243      46.182      47.374      51.866
20151202      41.954      44.837      45.812      42.324
20151203      44.692      43.774      44.921      40.332
20151204      41.010      43.745      43.896      44.085
20151205      43.798      44.116      47.689      41.548
20151206      54.151      53.062      44.137      41.775
20151207      53.774      51.998      47.567      55.496
20151208      48.376      49.324      50.514      56.646
20151209      55.011      58.088      50.136      47.914
20151210      62.553      56.031      54.125      56.483
20151211      63.501      54.606      54.714      61.089
20151212      54.827      52.834      54.350      62.563
20151213      48.487      51.357      52.844      53.483
20151214      41.912      49.846      51.363      47.782
20151215      37.367      48.388      49.869      41.981
20151216      36.815      47.126      48.417      37.177
20151217      40.854      46.116      47.075      36.097
20151218      46.373      46.192      46.200      39.660
20151219      47.803      46.637      46.931      45.206
20151220      50.670      46.196      50.425      52.174
20151221      67.134      62.595   -9999.000   -9999.000
20151222      69.658      59.179   -9999.000   -9999.000
20151223      60.746      57.833      58.487      70.030
20151224      55.824      55.647      58.201      59.809
20151225      66.067      66.998      56.164      55.011
20151226      64.432      62.191      62.075      68.124
20151227      50.820      60.344      62.043      64.669
20151228      46.328      58.666      60.337      50.067
20151229      47.268      57.069      58.660      45.773
20151230      48.406      55.538      57.020      46.743
20151231      49.051      54.383      55.665      46.942
20160101      48.818      52.948      54.343      48.376
20160102      47.889      51.453      53.050      48.117
20160103      44.038      50.057      51.474      46.861
20160104      40.547      48.589      50.030      43.581
20160105      37.233      47.197      48.591      39.747
20160106      39.587      45.808      47.198      36.290
20160107      40.737      44.532      45.820      38.493
20160108      43.837      43.228      44.518      39.915
20160109      44.037      42.096      43.240      42.145
20160110      46.286      41.175      42.143      42.818
20160111      49.503      42.265      41.800      44.963
20160112      50.914      40.781      42.448      41.667
20160113      47.712      39.590      41.026      40.760
20160114      42.425      38.255      39.617      39.508
20160115      46.205      37.117      38.249      38.254
20160116      46.347      36.023      37.117      37.116
20160117      46.952      35.024      36.037      36.028
20160118      48.336      34.171      35.071      35.031
20160119      50.196      33.231      34.155      34.105
20160120      50.351      32.563      33.247      33.222
20160121      49.920      32.090      32.768      32.743
20160122      48.880      31.233      32.013      31.937
20160123      46.749      30.822      31.240      31.232
20160124      46.781      30.331      30.713      30.680
20160125      44.913      29.987      30.334      30.314
20160126      44.463      29.943      30.045      30.029
20160127      45.035      31.525      30.389      30.316
20160128      44.447      32.581      31.405      31.040
20160129      43.099      31.239      32.207      31.650
20160130      43.123      34.068      31.665      31.651
20160131      41.641      32.109      32.167      32.473
20160201      39.346      31.679      32.098      32.090
20160202      38.362      31.986      31.896      31.893
20160203      39.170      31.313      32.106      31.825
20160204      38.494      30.945      31.381      31.352
20160205      37.814      30.762      31.099      31.078
20160206      38.103      31.260      30.937      30.874
20160207      39.922      33.114      32.904      32.546
20160208      44.259      39.906      33.009      32.265
20160209      45.563      42.376      36.021      36.703
20160210      45.245      39.108      38.779      39.375
20160211      43.482      38.102      39.068      38.963
20160212      40.894      37.239      38.506      38.489
20160213      38.847      36.504      37.344      37.335
20160214      37.869      35.746      36.589      36.563
20160215      35.934      34.917      35.707      35.681
20160216      35.826      34.153      34.933      34.916
20160217      36.495      33.598      34.146      34.146
20160218      37.839      32.861      33.430      33.421
20160219      37.178      32.156      32.666      32.641
20160220      37.242      31.801      32.276      32.263
20160221      37.660      32.693      32.310      32.228
20160222      37.759      31.572      32.483      32.067
20160223      37.211      31.157      31.568      31.555
20160224      36.254      30.868      31.324      31.330
20160225      35.947      30.660      30.941      30.881
20160226      35.975      31.521      30.889      30.845
20160227      35.411      30.974      31.603      31.198
20160228      35.237      30.619      31.011      30.861
20160229      34.869      30.133      30.550      30.488
20160301      34.154      29.728      30.115      30.114
20160302      34.468      29.520      29.881      29.874
20160303      35.053      29.626      29.823      29.760
20160304      35.279      29.686      29.868      29.684
20160305      35.859      30.569      30.241      30.030
20160306      35.997      29.583      30.493      29.986
20160307      35.960      30.041      29.791      29.784
20160308      36.121      30.214      30.226      29.984
20160309      36.185      29.449      30.132      29.878
20160310      35.709      29.110      29.531      29.534
20160311      34.994      28.793      29.145      29.144
20160312      35.082      28.476      28.788      28.792
20160313      34.703      28.176      28.482      28.476
20160314      34.559      28.309      28.500      28.516
20160315      36.058      35.393      29.954      29.594
20160316      38.265      38.643      32.841      32.715
20160317      38.435      35.476      36.482      36.854
20160318      37.487      39.985      35.029      34.980
20160319      36.185      37.366      37.885      38.109
20160320      35.723      37.194      37.783      37.574
20160321      34.984      36.313      36.991      37.132
20160322      34.463      36.311      36.314      36.324
20160323   -9999.000   -9999.000      35.647      35.655
20160324      32.925      33.733   -9999.000   -9999.000
20160325      32.841      32.915   -9999.000   -9999.000
20160326      32.443      32.374   -9999.000   -9999.000
20160327      33.453      39.768      32.793      33.633
20160328      35.066      44.086      35.545      37.739
20160329      36.494      51.234      40.504      41.172
20160330      39.999      57.443      50.810      53.561
20160331      39.251      52.081      54.147      54.988
20160401      36.857      50.477      53.426      53.418
20160402      35.971      49.303      50.581      50.569
20160403      35.504      48.975      49.589      50.370
20160404      36.667      54.197      50.762      50.013
20160405      40.430      60.538      53.719      54.336
20160406      46.207      64.137      59.237      59.830
20160407      51.024      64.962      62.907      63.870
20160408      53.807      61.968      63.547      64.018
20160409      51.747      60.133      61.788      61.989
20160410      48.886      58.382      60.131      60.127
20160411      48.358      57.659      58.385      58.382
20160412      49.843      55.665      57.394      57.441
20160413      50.951      53.905      55.710      55.723
20160414      49.816      52.563      54.501      54.903
20160415      48.229      54.261      53.366      54.025
20160416      54.870      61.267      57.653      56.257
20160417      55.437      56.677      58.107      58.906
20160418      50.012      57.708      56.749      57.021
20160419      48.959      61.345      58.623      60.647
20160420      50.038      61.475      58.656      59.477
20160421      49.579      61.823      59.848      61.220
20160422      49.672      63.985      61.132      50.358
20160423      47.765      60.995      61.711      49.972
20160424      45.334      59.300      61.005      47.702
20160425      43.435      57.694      59.358      44.716
20160426      42.463      56.488      57.828      43.407
20160427      41.558      54.904      56.257      42.466
20160428      41.519      53.775      54.737      41.574
20160429      43.023      66.027      56.668      42.972
20160430      47.639      71.963      67.341      49.950
20160501      58.759      88.668      77.547      56.855
20160502      64.968      83.145      81.113      61.345
20160503      63.111      88.174      83.441      65.070
20160504      69.735      91.366      88.659      67.300
20160505      85.002      96.047      91.232      71.927
20160506      97.490     112.405      97.181      88.822
20160507     110.821     123.810     110.475     109.347
20160508     133.780     146.630     126.795     123.236
20160509     170.543     161.051     147.677     148.306
20160510     192.345     162.384     160.944     179.388
20160511     199.423     148.455     159.867     186.961
20160512     198.012     144.752     150.591     186.945
20160513     210.926     144.430     145.439     184.812
20160514     200.399     135.393     140.154     193.477
20160515     185.660     128.594     133.847     186.935
20160516     173.943     120.974     127.101     172.274
20160517     164.669     114.895     120.494     161.279
20160518     155.857     110.458     116.798     157.158
20160519     157.944     129.919     116.916     153.917
20160520     173.165     123.957     122.577     155.596
20160521     216.173     159.257     131.393     175.792
20160522     216.802     149.002     147.193     220.747
20160523     369.009     264.142     170.199     242.361
20160524     509.830     305.521     237.387     371.532
20160525     381.689     249.225     267.284     520.507
20160526     311.717     231.016     248.493     356.421
20160527     272.928     220.979     232.422     289.281
20160528     247.354     213.974     221.536     260.276
20160529     233.656     224.219     216.390     241.715
20160530     225.180     227.201     220.366     231.105
20160531     208.632     205.998     219.247     222.873
20160601     192.498     192.951     206.150     199.875
20160602     179.664     179.622     193.185     183.529
20160603     168.512     168.902     180.952     170.798
20160604     158.623     157.393     168.553     160.111
20160605     148.827     148.295     157.379     149.327
20160606     139.345     140.151     148.283     142.382
20160607     131.616     133.323     140.173     133.877
20160608     126.033     131.160     133.347     124.852
20160609     119.965     123.890     129.971     123.933
20160610     113.444     118.262     123.725     116.305
20160611     107.847     112.708     118.172     108.669
20160612     102.280     107.591     112.762     103.430
20160613      98.139     103.372     107.934     100.105
20160614      94.709      99.267     103.645      94.538
20160615      91.423      95.150     100.389      92.110
20160616      88.549      94.613      96.334      88.904
20160617      86.883      89.905      93.862      86.995
20160618      85.205      87.206      90.798      83.590
20160619      82.775      84.262      87.117      81.825
20160620      80.048      81.869      84.293      81.457
20160621      82.513      88.621      83.474      78.955
20160622      78.441      83.723      86.800      85.200
20160623      75.401      80.696      83.376      76.235
20160624      72.410      78.348      80.732      74.352
20160625      72.023      87.974      81.925      73.341
20160626      72.076      80.866      84.069      73.543
20160627      71.738      82.340      81.957      71.809
20160628      70.621      79.576      82.160      71.888
20160629      72.420      80.898      80.657      70.447
20160630      73.430      77.767      80.036      72.203
20160701      73.945      80.881      79.312      73.421
20160702      76.285      82.021      81.028      74.268
20160703      78.154      84.392      82.920      78.258
20160704      75.853      79.691      82.722      77.876
20160705      75.053      78.094      80.415      74.959
20160706      72.997      80.019      78.348      73.082
20160707      71.069      75.756      78.832      71.762
20160708      68.354      73.225      75.744      68.751
20160709      66.228      70.781      73.227      65.911
20160710      65.497      71.285      73.331      66.058
20160711      66.915      80.260      71.718      66.139
20160712      75.614      79.131      78.032      69.814
20160713      76.496      78.532      78.639      76.009
20160714      74.402      75.568      77.409      75.691
20160715      71.338      72.676      75.268      73.325
20160716      69.201      71.391      72.704      68.663
20160717      67.120      71.616      72.284      67.999
20160718      65.869      70.384      71.285      66.151
20160719      64.703      67.364      68.889      64.697
20160720      63.095      65.184      67.305      62.392
20160721      61.592      62.809      65.102      60.617
20160722      60.509      60.953      62.810      59.865
20160723      60.417      63.525      62.268      59.183
20160724      59.478      63.757      65.071      62.225
20160725      60.964      64.144      64.393      59.490
20160726      61.851      61.009      63.091      59.346
20160727      62.495      66.188      62.127      60.305
20160728      61.655      64.088      64.091      63.525
20160729      61.565      64.937      64.318      61.525
20160730      61.216      67.717      65.301      61.784
20160731      64.378      71.452      72.824      66.473
