date          Qobs       Qsimobs        Qsim       Qusi
20150801      40.938      37.296      40.497      40.259
20150802      39.702      43.128      38.996      39.350
20150803      37.936      35.735      41.709      39.740
20150804      36.582      33.315      36.955      35.845
20150805      37.558      48.838      38.998      38.902
20150806      38.791      37.915      44.939      37.196
20150807      40.291      37.811      38.930      35.891
20150808      40.788      34.929      37.225      37.495
20150809      40.823      32.507      34.729      37.739
20150810      39.758      29.535      32.368      37.525
20150811      38.434      27.552      29.937      36.462
20150812      37.089      31.382      28.258      36.270
20150813      35.834      26.521      30.048      34.685
20150814      33.789      24.613      26.513      32.426
20150815      30.882      23.096      24.668      31.636
20150816      28.895      28.030      23.629      29.864
20150817      28.361      30.553      26.938      28.294
20150818      28.992      25.180      29.240      27.516
20150819      29.727      23.297      25.392      26.481
20150820      30.090      21.549      23.339      27.084
20150821      29.975      19.895      21.540      27.191
20150822      28.906      18.366      19.904      26.734
20150823      27.366      16.924      18.358      26.197
20150824      25.794      15.600      16.927      24.820
20150825      27.591      19.670      17.373      26.872
20150826      30.556      30.259      24.202      33.642
20150827      36.234      29.721      32.743      35.901
20150828      40.462      27.376      30.475      33.916
20150829      40.243      26.831      27.307      38.214
20150830      38.099      24.845      27.383      39.477
20150831      35.203      24.040      25.270      35.834
20150901      32.737      21.913      23.663      33.987
20150902      45.577      42.261      25.554      36.799
20150903      62.772      39.191      41.713      40.150
20150904      59.880      35.870      37.839      58.166
20150905      53.622      37.394      35.676      58.719
20150906      48.138      32.808      36.762      52.300
20150907      42.878      31.681      32.753      45.362
20150908      38.352      29.301      30.360      40.526
20150909      34.253      26.863      28.097      35.968
20150910      30.511      24.860      27.142      32.617
20150911      27.258      22.997      25.120      29.179
20150912      24.841      22.150      23.042      26.626
20150913      24.101      30.029      22.746      24.683
20150914      23.376      30.007      27.604      24.461
20150915      28.596      34.380      28.969      24.627
20150916      43.635      56.505      38.612      27.703
20150917      48.409      43.514      53.208      43.552
20150918      54.188      47.743      44.640      44.188
20150919      52.520      42.730      46.004      51.751
20150920      49.221      41.088      42.557      50.124
20150921      45.107      37.631      40.706      47.154
20150922      41.768      35.210      37.780      43.660
20150923      40.614      39.695      37.343      42.391
20150924      38.527      34.385      38.506      40.078
20150925      37.624      38.391      35.907      38.134
20150926      35.385      43.288      37.910      37.593
20150927      33.604      37.676      41.553      35.590
20150928      31.328      35.306      37.411      32.142
20150929      28.931      32.820      34.410      29.897
20150930      26.639      24.539      31.994      27.855
20151001      25.469      23.610      30.548      26.038
20151002      23.881      21.863      29.229      24.233
20151003      22.882      22.140      21.853      23.636
20151004      23.083      24.609      21.753      21.151
20151005      25.169      22.865      19.904      20.887
20151006      23.984      21.645      18.527      22.695
20151007      21.449      21.013      21.596      23.451
20151008      22.329      19.368      21.524      21.390
20151009      23.452      20.149      21.477      21.930
20151010      23.722      19.163      20.808      21.585
20151011      23.655      17.575      19.141      22.551
20151012      23.554      16.195      17.498      22.128
20151013      23.383      15.326      16.880      22.374
20151014      22.865      14.144      15.926      21.291
20151015      22.180      13.123      14.123      21.120
20151016      21.576      12.278      13.170      20.183
20151017      21.052      11.507      12.323      19.640
20151018      20.565      10.802      11.576      19.340
20151019      20.130      10.262      10.815      18.651
20151020      19.742       9.613      10.187      18.721
20151021      19.668       9.595       9.774      18.761
20151022      19.501      11.820      10.127      18.836
20151023      19.894      23.746      13.927      24.135
20151024      19.773      16.741      21.054      21.409
20151025      19.902      21.844      17.102      19.121
20151026      19.805      21.712      21.101      20.069
20151027      19.475      19.413      21.335      18.306
20151028      19.286      17.723      18.519      18.460
20151029      18.922      16.459      17.720      18.262
20151030      18.665      15.362      17.423      18.394
20151031      18.553      18.971      17.174      19.233
20151101      18.816      18.813      18.766      19.045
20151102      18.587      17.625   -9999.000   -9999.000
20151103      18.544      16.482      17.565      17.694
20151104      18.450      13.868      16.452      17.453
20151105      18.407      13.036      15.455      17.602
20151106      18.344      12.842      14.389      16.941
20151107      19.186      14.710      13.766      18.611
20151108      20.151      25.129      15.196      18.777
20151109      21.105      25.043      21.407      25.718
20151110      21.290      26.344      27.456      21.346
20151111      20.909      31.375      28.041      21.240
20151112      20.352      32.564      26.854      20.518
20151113      21.640      35.083      30.686      20.556
20151114      22.621      29.972      33.989      19.556
20151115      22.813      34.785      30.942      21.660
20151116      23.134      29.791      33.244      21.722
20151117      23.285      29.252      30.476      21.596
20151118      23.279      26.452      29.623      21.895
20151119      23.039      24.419      27.282      21.438
20151120      21.318      22.500      24.427      22.032
20151121      20.306      20.912      22.498      20.491
20151122      19.789      19.355      20.925      19.193
20151123  -10000.000      18.047      19.357      18.532
20151124  -10000.000      17.192      18.161      18.058
20151125  -10000.000      15.920      17.270      17.012
20151126  -10000.000      14.847      16.046      15.890
20151127  -10000.000      15.180      15.892      15.252
20151128  -10000.000      22.003      15.516      14.892
20151129  -10000.000      18.074      16.081      14.977
20151130      19.176      17.374      18.763      17.820
20151201      18.425      17.180      18.850      17.693
20151202      18.524      16.742      18.472      18.491
20151203      19.421      18.739      16.992      16.922
20151204      20.248      19.473      19.920      19.059
20151205      21.617      21.022      22.053      20.586
20151206      24.284      35.449      23.654      20.463
20151207      21.303      26.619      30.127      22.431
20151208      21.914      22.876      26.659      20.971
20151209      24.353      23.993      23.344      20.044
20151210      24.817      23.027      23.519      22.252
20151211      21.903      25.284      23.629      23.621
20151212      21.750      20.898      25.672      20.656
20151213      22.187      19.402      20.954      19.730
20151214      22.083      18.744      19.431      20.295
20151215      22.065      17.119      18.760      19.866
20151216      22.441      15.679      17.120      20.887
20151217      23.497      16.197      16.666      19.820
20151218      23.493      18.514      17.238      22.766
20151219      21.622      19.488      20.683      26.142
20151220      24.391      49.690      23.372      24.540
20151221      27.703      57.962   -9999.000   -9999.000
20151222      28.054      45.497   -9999.000   -9999.000
20151223      27.842      46.340      46.040      27.297
20151224      26.256      42.109      47.223      26.404
20151225      23.650      40.530      42.945      26.673
20151226      20.633      38.427      41.212      24.309
20151227      21.126      35.451      38.838      19.529
20151228      23.061      33.521      35.728      19.283
20151229      26.294      30.630      33.539      20.165
20151230      26.084      28.723      30.712      24.319
20151231      24.003      27.199      28.968      25.125
20160101      21.088      26.021      27.477      23.548
20160102      19.691      24.416      26.282      20.672
20160103      18.261      22.738      24.484      18.825
20160104      17.860      21.030      22.796      17.319
20160105      18.557      19.520      21.078      16.627
20160106      19.145      18.280      19.533      17.308
20160107      20.093      17.207      18.285      17.660
20160108      21.169      16.106      17.224      18.567
20160109      21.162      14.863      16.121      18.761
20160110      20.327      14.694      15.105      19.773
20160111      19.301      14.580      15.021      19.435
20160112      18.854      13.097      14.136      18.335
20160113      18.543      12.494      13.188      17.790
20160114      18.024      12.085      12.918      17.651
20160115      17.431      11.124      12.051      16.822
20160116      16.678      11.173      11.659      16.715
20160117      15.691      10.012      11.201      15.445
20160118      15.529       9.631      10.043      14.287
20160119      14.639       9.563       9.767       9.560
20160120      14.016       8.833       9.613       9.272
20160121      13.564       8.355       8.841       8.775
20160122      13.237       7.945       8.302       8.295
20160123      13.088       9.490       8.028       8.023
20160124      12.515       8.444       9.593       8.499
20160125      12.340       8.214       8.554       8.271
20160126      12.371      10.398       8.377       8.194
20160127      12.227       9.417       9.336       8.895
20160128      11.912      10.496       9.869       9.085
20160129      11.197       9.735      10.780       9.489
20160130       9.031      14.650      11.664      11.095
20160131       6.481      12.895      15.542      12.106
20160201       6.303      11.587      13.570      12.183
20160202       8.092      14.922      13.484      13.112
20160203      10.149      13.545      15.152      12.639
20160204      10.825      12.648      13.800      12.716
20160205      10.607      11.411      12.738      12.178
20160206      10.948      12.257      11.737      11.686
20160207      11.573      13.319      12.998      12.065
20160208      11.521      11.482      13.400      12.152
20160209      11.198      12.592      11.940      11.579
20160210      11.954      10.819      12.914      11.668
20160211      13.691      10.139      10.823      10.727
20160212      14.918       9.592      10.142      10.089
20160213      15.411       8.965       9.619       9.545
20160214      15.169       8.685       8.970       8.959
20160215      14.598       8.070       8.668       8.548
20160216      13.818       7.784       8.069       8.070
20160217      12.515       7.610       7.878       7.775
20160218      11.866       7.166       7.583       7.445
20160219      11.378       6.997       7.124       7.095
20160220      10.536       8.005       7.329       7.212
20160221       9.033       7.696       8.552       7.705
20160222       8.891       8.033       8.453       7.957
20160223       9.185       8.234       7.608       7.209
20160224       9.152       7.359       8.344       7.516
20160225       9.072       7.480       7.562       7.459
20160226       9.033       6.809       7.461       7.129
20160227       8.989       6.452       6.829       6.802
20160228       9.193       6.172       6.481       6.449
20160229       9.488       6.135       6.177       6.129
20160301       9.640       5.859       6.169       5.982
20160302       9.339       8.393       6.124       6.067
20160303       9.089       7.604       8.926       7.254
20160304       9.040       7.335       7.852       7.146
20160305       8.807       7.388       7.670       7.188
20160306       8.593       6.888       7.580       7.067
20160307       8.321       7.461       7.107       6.964
20160308       8.032       6.570       7.436       6.755
20160309       7.927       6.320       6.573       6.467
20160310       7.977       5.988       6.199       6.163
20160311       8.178       6.084       5.980       5.912
20160312       8.432       5.536       6.093       5.805
20160313       8.528       5.299       5.559       5.538
20160314       8.482       5.272       5.284       5.260
20160315       8.374       5.487       5.220       5.226
20160316       8.095       5.918       5.438       5.251
20160317       7.849       6.831       5.844       5.471
20160318       7.604       6.857       6.155       6.104
20160319       7.324       5.937       6.386       6.377
20160320       6.929       5.636       5.973       5.978
20160321       6.654       5.358       5.700       5.651
20160322       6.532       5.487       5.439       5.386
20160323   -9999.000   -9999.000       5.360       5.167
20160324       6.228       4.863   -9999.000   -9999.000
20160325       6.127       4.894   -9999.000   -9999.000
20160326       5.946       4.879   -9999.000   -9999.000
20160327       5.792       5.825       5.227       4.937
20160328       5.395       5.353       6.035       5.304
20160329       4.817       6.482       6.313       5.788
20160330       4.401       5.718       6.705       5.648
20160331       4.334       5.282       5.737       5.419
20160401       4.355       5.087       5.343       5.244
20160402       4.423       5.598       5.483       5.389
20160403       4.450       5.229       5.700       5.190
20160404       4.475       5.874       5.520       5.323
20160405       4.625      14.066       7.210       6.812
20160406       4.871      15.161      12.430      10.206
20160407       5.160      11.796      13.633      12.601
20160408       5.414      11.402      12.243      12.004
20160409       5.557      10.703      11.577      11.160
20160410       5.558       9.654      10.715      10.355
20160411       5.815       8.985       9.660       9.583
20160412       5.918       8.336       8.900       8.826
20160413       6.050       7.339       8.290       8.200
20160414       6.217       8.089       8.402       8.388
20160415       6.265       8.282       8.751       7.982
20160416       6.194       7.669       8.493       7.691
20160417       6.066       6.752       7.684       7.244
20160418       5.939       6.646       6.798       6.763
20160419       5.748       7.747       7.150       6.933
20160420       5.572       7.543       7.849       6.851
20160421       5.424       6.747       7.644       6.919
20160422       5.192       6.928       7.124       5.497
20160423       5.131       6.282       6.995       4.969
20160424       5.101       6.177       6.538       5.078
20160425       5.160       5.932       6.295       4.854
20160426       5.265       6.027       6.252       5.126
20160427       5.264       5.364       6.111       5.030
20160428       5.155       5.452       5.395       4.992
20160429       5.219       4.978       6.126       5.506
20160430       5.211       6.171       5.263       5.153
20160501       5.162       5.651       6.351       4.880
20160502       5.048       5.857       5.701       4.952
20160503       5.069      10.166       6.579       5.431
20160504       5.111       8.486       8.974       5.280
20160505       5.165       9.033       8.659       4.825
20160506       5.273      10.658       9.401       5.465
20160507       5.627      14.201      11.264       6.070
20160508       6.644      21.621      15.521       6.752
20160509       8.204      25.263      21.560       7.549
20160510       9.979      29.465      26.064       8.241
20160511      12.534      37.876      30.509      10.102
20160512      15.848      42.006      36.129      14.131
20160513      19.247      46.724      42.194      17.029
20160514      19.396      39.663      43.560      19.671
20160515      18.989      36.686      39.606      19.218
20160516      19.762      34.587      36.915      18.160
20160517      21.230      35.264      35.402      19.257
20160518      22.583      35.792      36.199      21.767
20160519      26.886      45.282      38.909      24.521
20160520      36.762      52.665      45.887      28.712
20160521      49.265      58.668      53.328      38.275
20160522      66.048      76.701      61.829      53.264
20160523      92.297      93.748      80.256      68.709
20160524     111.964      96.789      95.533      99.618
20160525     125.235     101.275      95.685     112.377
20160526     127.121     103.230      99.464     126.944
20160527     128.530     110.130     105.373     133.731
20160528     141.134     123.977     113.992     136.801
20160529     144.040     135.893     124.145     146.875
20160530     158.717     137.859     135.297     148.619
20160531     196.084     183.714     147.102     161.659
20160601     221.361     182.002     179.917     198.115
20160602     235.562     192.098     184.447     222.716
20160603     245.150     194.338     194.435     242.923
20160604     265.411     197.862     196.239     242.655
20160605     265.728     195.012     196.058     256.234
20160606     255.171     193.989     194.874     257.522
20160607     247.563     188.516     192.947     246.008
20160608     238.917     181.987     187.791     235.818
20160609     221.972     164.708     177.987     220.401
20160610     198.538     152.687     163.740     206.099
20160611     171.863     137.897     151.162     180.361
20160612     148.747     130.391     140.867     161.887
20160613     129.522     122.451     131.230     142.573
20160614     114.630     115.308     122.340     123.166
20160615     105.752     110.356     115.034     112.010
20160616  -10000.000     106.070     111.826     103.412
20160617     104.915     101.937     107.776      93.243
20160618     111.655     105.999     105.751     100.846
20160619     114.158      94.532     103.249     103.023
20160620     114.542      84.639      93.185     104.190
20160621     111.915      93.623      88.241     106.745
20160622     108.767      81.079      90.714     104.267
20160623     102.855      75.800      80.860      99.769
20160624      97.827      70.654      75.928      95.844
20160625      98.041      82.754      81.804     102.678
20160626     101.030      72.569      79.909      93.085
20160627     105.245      77.788      75.087      95.936
20160628     104.996      67.575      75.706      98.178
20160629      99.330      60.740      67.767      94.698
20160630      89.688      59.089      61.936      92.743
20160701      81.605      57.205      59.011      83.797
20160702      76.793      53.602      57.865      76.026
20160703      72.676      51.602      54.146      71.522
20160704      67.890      46.676      51.878      68.561
20160705      62.260      44.080      47.475      64.254
20160706      57.724      46.511      44.614      57.962
20160707      52.248      41.755      45.196      55.489
20160708      46.985      39.092      41.801      49.371
20160709      42.005      37.634      39.811      45.556
20160710      38.321      34.719      37.463      40.127
20160711      35.577      38.841      37.043      37.886
20160712      33.399      34.418      38.130      35.432
20160713      32.402      33.513      34.463      31.878
20160714      33.972      40.204      37.199      33.671
20160715      36.525      36.513      41.547      36.002
20160716      36.111      32.398      36.609      34.537
20160717      34.006      30.950      34.030      35.527
20160718      32.006      28.443      31.388      31.784
20160719      30.178      25.968      28.340      29.505
20160720      28.333      27.790      26.111      28.343
20160721      26.837      25.320      27.160      27.374
20160722      25.044      23.667      25.931      25.893
20160723      24.052      26.417      23.944      24.242
20160724      23.377      22.902      25.791      23.614
20160725      23.577      23.069      23.885      23.160
20160726      25.896      33.946      25.575      24.794
20160727      25.546      25.988      31.273      26.326
20160728      25.406      28.088      27.393      25.215
20160729      24.128      25.628      27.355      24.803
20160730      24.552      29.029      27.119      23.692
20160731      23.694      26.820      28.508      24.460
