date          Qobs       Qsimobs        Qsim       Qusi
20150801       2.590       1.887       1.716       2.469
20150802       2.538       1.555       1.256       2.027
20150803       2.670       3.153       1.481       2.257
20150804       2.579       1.521       1.565       1.855
20150805       2.513       1.470       1.826       2.494
20150806       2.415       1.235       3.364       4.835
20150807       2.330       1.081       1.253       1.869
20150808       2.299       2.445       1.159       1.741
20150809       2.202       1.222       1.178       1.466
20150810       2.094       1.088       1.213       1.822
20150811       1.994       0.959       1.042       1.604
20150812       1.947       1.917       1.722       3.027
20150813       1.821       1.200       1.210       1.281
20150814       4.381       0.900       1.066       1.448
20150815       1.540       0.784       0.900       1.455
20150816       1.426       0.685       0.785       1.177
20150817       1.326       0.524       0.687       1.281
20150818       1.227       0.451       0.598       1.204
20150819       1.138       0.386       0.512       1.068
20150820       1.057       0.328       0.386       0.997
20150821       0.966       0.277       0.328       0.918
20150822       0.889       0.232       0.277       0.874
20150823       0.829       0.192       0.232       0.800
20150824       0.754       0.156       0.193       0.742
20150825       0.692       0.125       0.156       0.673
20150826       0.646       0.101       0.127       0.510
20150827       0.634       0.082       0.324       1.239
20150828       0.854       4.728       6.634      29.485
20150829       1.076       4.281       2.322       0.570
20150830       1.153       2.022       1.951       1.016
20150831       1.154       1.497       4.349       1.694
20150901       1.120       1.295       1.585       1.139
20150902       1.066       1.121       1.304       0.988
20150903       1.012       0.984       1.138       0.950
20150904       0.977       0.858       0.996       0.955
20150905       1.108       4.521       2.256       2.125
20150906       1.354       2.983       2.533       0.840
20150907       1.535       3.792       2.808       1.511
20150908       1.707       2.172       3.617       1.813
20150909       1.786       2.141       2.382       1.359
20150910       1.802       1.878       2.143       1.578
20150911       1.753       1.652       1.681       1.566
20150912       1.676       1.452       1.652       1.563
20150913       1.576       1.281       1.452       1.506
20150914       1.494       1.126       1.274       1.399
20150915       1.415       0.983       1.125       1.316
20150916       1.322       1.082       1.345       1.683
20150917       1.227       0.817       1.041       1.007
20150918       1.213       1.768       1.032       1.346
20150919       1.612       8.649       2.909       2.332
20150920       2.673       7.857       6.917       2.002
20150921       3.282       4.794       5.303       2.206
20150922       3.613       3.529       4.665       2.878
20150923       3.735       3.165       3.687       3.327
20150924       3.689       2.802       3.139       3.314
20150925       3.885       5.786       4.283       5.081
20150926       4.956       8.483       7.368       5.438
20150927       5.971       5.869       6.169       4.066
20150928       6.046       3.715       4.581       4.890
20150929       5.717       3.281       4.587       5.338
20150930       5.371       2.306       3.807       4.956
20151001       5.563       6.253       3.924       5.412
20151002       5.961       6.053       5.632       4.883
20151003       6.810       8.390       5.123       5.312
20151004       7.335       6.844       6.718       6.009
20151005       7.348       7.905       6.409       6.733
20151006       6.984       5.588       5.033       6.489
20151007       6.421       4.951       5.588       6.244
20151008       5.743       4.385       4.951       5.694
20151009       5.065       3.894       4.385       5.181
20151010       4.446       3.446       3.886       4.516
20151011       3.909       3.060       3.446       4.013
20151012       3.458       2.577       3.052       3.487
20151013       3.080       2.278       2.707       3.063
20151014       2.756       2.013       2.393       2.577
20151015       2.499       1.777       2.013       2.503
20151016       2.253       1.630       1.779       2.260
20151017       2.040       1.599       1.570       2.040
20151018       1.869       1.582       1.479       1.934
20151019       1.716       1.346       1.402       1.700
20151020       1.575       1.214       1.316       1.700
20151021       1.451       1.188       1.279       1.459
20151022       1.487       2.355       3.813       4.249
20151023       2.041      19.097       3.785       2.812
20151024       2.468       7.170      10.451       1.930
20151025       2.815       9.748       7.887       2.820
20151026       3.378      18.385      10.339       3.306
20151027       3.718      11.776      13.377       3.567
20151028       3.792       9.144      10.086       3.803
20151029       3.696       8.014       9.078       3.969
20151030       3.508       7.107       8.055       3.333
20151031       3.293       6.501       7.127       3.755
20151101       3.108       7.142       6.995       3.718
20151102       2.928       5.812   -9999.000   -9999.000
20151103       2.759       5.180       6.013       3.114
20151104       3.320       7.357       6.396       3.572
20151105       3.893       4.692       6.021       2.518
20151106       3.914       4.148       5.495       3.487
20151107       3.843       4.381       4.582       3.822
20151108       3.748       4.212       4.507       3.963
20151109       3.563       3.827       4.065       3.443
20151110       3.961       5.675       4.882       4.635
20151111       7.320      14.359       8.045       6.336
20151112       9.013      10.682      10.373       7.182
20151113       9.059       7.625       8.376       7.838
20151114       8.561       6.707       7.561       8.112
20151115       9.268      13.134       7.442       7.760
20151116       9.396       8.132       9.214       7.827
20151117       8.866       7.375       8.541       8.633
20151118       8.159       6.229       7.300       8.093
20151119       7.313       5.523       6.606       7.095
20151120       6.451       4.970       6.083       7.171
20151121       5.743       5.224       5.445       6.312
20151122       5.041       4.789       5.280       5.493
20151123       4.394       4.110       5.890       6.242
20151124       3.906       4.398       3.874       3.969
20151125       3.664       5.310       4.168       4.270
20151126       4.037       6.602       6.950       5.575
20151127      11.110      26.662      11.470       7.213
20151128      25.152      53.302      13.719      11.802
20151129      20.416      13.182      16.779      19.617
20151130      15.628      10.916      13.094      12.195
20151201      12.990      14.368      12.503      14.944
20151202      11.441      12.737      12.889      11.803
20151203      11.220      15.457      12.456      11.640
20151204      10.399      12.069      13.223      10.894
20151205      10.318      12.424      12.304      10.461
20151206      11.846      24.991      13.883      12.138
20151207      14.076      30.565      14.496      13.566
20151208      13.496      13.012      13.657      10.765
20151209      12.480      13.491      12.699      10.686
20151210      11.970      13.409      14.868      14.851
20151211      11.676      14.294      13.265      11.617
20151212      12.598      34.423      14.495      13.067
20151213      13.189      14.199      14.015      11.537
20151214      11.804      11.788      13.674      11.337
20151215      10.595      11.273      12.471      11.328
20151216       9.409       9.560      10.159       8.951
20151217       8.490       8.437      10.155       9.056
20151218       8.511       8.834       9.232       8.306
20151219      13.322      10.811      10.841      10.259
20151220      16.461      22.008      13.310      15.021
20151221      17.149      16.193   -9999.000   -9999.000
20151222      15.363      12.641   -9999.000   -9999.000
20151223      13.165      11.829      12.749      14.295
20151224      11.825      12.164      12.007      11.995
20151225      10.959      12.095      11.113      11.635
20151226      11.649      25.797      11.737      11.209
20151227      10.744      11.364      12.038      10.030
20151228       9.611       9.860      11.216       9.254
20151229       8.593       8.696       9.958       8.479
20151230       7.712       8.725       9.027       7.875
20151231       7.072       9.136       8.554       7.409
20160101       6.657       8.319       8.209       6.694
20160102       6.066       6.843       7.683       6.354
20160103       5.297       6.059       6.831       5.648
20160104       4.570       5.373       6.059       4.763
20160105       4.014       4.765       5.373       4.341
20160106       3.596       4.255       4.765       3.569
20160107       3.199       3.708       4.226       3.401
20160108       2.829       3.288       3.748       3.032
20160109       2.494       2.916       3.323       2.641
20160110       2.169       2.585       2.916       2.325
20160111       1.970       2.292       2.585       1.921
20160112       1.836       1.961       2.292       1.746
20160113       1.688       1.738       2.031       1.692
20160114       1.550       1.540       1.800       1.470
20160115       1.436       1.364       1.540       1.414
20160116       1.327       1.246       1.364       1.264
20160117       1.271       2.186       1.329       1.301
20160118       1.306       4.199       4.092       3.943
20160119       1.384       3.496       2.624       0.886
20160120       1.449       3.579       2.165       1.690
20160121       1.473       2.614       1.832       1.765
20160122       1.385       0.833       1.220       0.661
20160123       1.345       0.652       0.834       1.129
20160124       1.302       1.374       0.954       1.430
20160125       1.264       2.868       1.895       3.478
20160126       1.302       6.903       2.574       1.825
20160127       1.497       8.476       6.587       1.596
20160128       2.003       8.292       7.242       1.841
20160129       2.435       7.878       6.739       2.083
20160130       3.924      14.192       7.913       2.795
20160131       5.405      17.017      11.380       4.626
20160201       5.930      10.342       9.164       5.222
20160202       6.008      10.844      10.519       6.154
20160203       5.992       9.618       9.717       6.082
20160204       5.980      15.565      10.176       6.518
20160205       5.721      15.384      12.109       6.349
20160206       5.244       8.451      10.614       3.971
20160207       4.891       9.281       7.730       4.681
20160208       4.746       8.632       7.513       4.648
20160209       4.625       8.166       7.950       4.565
20160210       4.448       6.935       7.948       4.970
20160211       4.211       6.683       7.165       4.279
20160212       3.913       5.916       6.296       3.893
20160213       3.609       4.900       5.643       3.294
20160214       3.309       4.259       4.842       3.354
20160215       3.198       5.128       4.942       3.576
20160216       3.002       4.002       4.309       3.184
20160217       2.810       3.337       3.491       2.445
20160218       2.636       5.316       3.432       2.732
20160219       2.467       4.038       4.813       3.167
20160220       2.267       4.270       4.038       2.246
20160221       2.125       3.768       4.117       2.263
20160222       2.035       3.386       4.190       2.282
20160223       2.084       3.841       4.198       2.572
20160224       2.227       5.498       5.400       3.112
20160225       2.415       6.846       4.368       2.914
20160226       2.862       8.957       5.981       3.444
20160227       3.527      11.178       6.482       2.534
20160228       4.156       9.294       6.323       3.474
20160229       4.218       8.004       6.679       3.318
20160301       3.954       6.065       6.184       3.643
20160302       3.660       5.356       5.510       3.519
20160303       3.366       4.693       5.344       3.276
20160304       3.097       4.195       4.948       3.189
20160305       2.905       4.262       4.802       3.423
20160306       2.696       3.407       3.967       2.760
20160307       2.520       2.994       3.413       2.328
20160308       2.343       3.055       3.182       2.067
20160309       2.187       2.425       2.713       1.911
20160310       2.083       2.149       2.363       2.073
20160311       1.964       2.005       2.113       1.914
20160312       1.851       1.764       2.023       1.880
20160313       1.791       1.947       2.015       1.916
20160314       2.123       7.553       3.596       3.401
20160315       3.360       4.861       4.550       1.851
20160316       5.150       4.428       4.528       3.195
20160317       6.875       4.654       4.411       4.883
20160318       8.978       6.593       4.996       7.315
20160319      11.841       5.099       5.560       8.651
20160320      19.000       6.952       6.531      12.767
20160321      25.874       5.876       6.436      15.633
20160322      24.480       7.506       5.867      21.734
20160323   -9999.000   -9999.000       6.437      16.953
20160324      18.723       9.060   -9999.000   -9999.000
20160325      15.295       8.226   -9999.000   -9999.000
20160326      13.408       7.995   -9999.000   -9999.000
20160327      12.793      11.718       8.110      12.901
20160328      14.113      15.245       9.892      15.545
20160329      14.321      20.478      13.567      17.290
20160330      15.039      11.264      15.293      14.768
20160331      14.152       8.339       9.805       9.104
20160401      12.738       8.582       9.570      12.674
20160402      11.399       8.168       7.815      10.679
20160403      10.687       8.294       8.223      11.226
20160404      10.424       9.216       7.669      10.620
20160405      10.736      10.437       8.412      11.136
20160406      11.000       8.341       8.801      10.978
20160407      11.833       9.177       8.483       9.814
20160408      12.747       9.303       8.158      10.830
20160409      12.829       7.845       8.599      10.792
20160410      12.075       6.531       7.516      11.363
20160411      11.173       5.844       6.529      11.026
20160412      10.436       5.580       5.871       9.893
20160413       9.755       5.155       5.486       8.819
20160414       9.099       4.489       5.039       8.816
20160415       8.497       4.645       4.765       8.623
20160416       7.948       3.807       4.383       7.326
20160417       7.548       4.454       3.900       7.286
20160418       7.460       4.513       4.397       7.271
20160419       8.370       9.348       5.856       9.759
20160420      11.745      13.213       7.722       8.221
20160421      16.518      16.018      10.720      10.796
20160422      21.606      19.410      11.960      15.765
20160423      19.598      11.313      13.724      15.393
20160424      16.302       9.476      10.844      14.601
20160425      13.724       8.233       9.629      13.514
20160426      11.902       7.698       7.909      11.438
20160427      10.251       6.766       7.427      10.959
20160428       8.842       6.667       6.751       9.175
20160429       8.173       7.962       6.985       9.034
20160430       7.797       8.144       7.655       8.280
20160501       7.484       8.124       7.547       7.557
20160502       7.431       9.100       7.792       7.494
20160503       7.889      12.584       8.694       8.154
20160504       8.491       8.483      10.963       9.823
20160505       8.867      11.073       9.026       7.242
20160506       9.097      12.040      10.761       9.996
20160507       9.195      10.694      11.526       9.307
20160508       9.512       9.055      10.940       9.041
20160509       9.902       9.651      10.370       9.401
20160510      10.414      10.775      10.317      10.812
20160511      10.238       5.759       8.535       8.748
20160512       9.877       6.697       6.740       8.377
20160513       9.435       4.612       5.935       8.779
20160514       8.946       5.293       5.066       7.939
20160515       8.758       5.538       5.181       8.247
20160516       8.482       3.875       5.022       7.656
20160517       8.063       3.864       4.246       7.932
20160518       7.523       3.237       4.290       6.625
20160519       6.916       2.902       3.245       6.599
20160520       6.257       2.738       2.895       5.664
20160521       5.690       3.070       2.899       6.129
20160522       5.247       4.991       3.030       6.038
20160523       5.046       5.709       5.292       8.652
20160524       4.956       2.874       4.058       3.809
20160525       4.785       2.742       2.892       3.569
20160526       4.587       2.741       2.890       4.897
20160527       4.339       3.710       3.360       5.848
20160528       4.086       4.681       4.349       6.099
20160529       3.825       3.999       4.719       4.530
20160530       3.583       3.503       4.116       3.422
20160531       3.442       4.193       3.634       3.260
20160601       3.267       2.835       3.349       2.893
20160602       3.089       2.584       4.036       3.908
20160603       2.872       1.964       2.516       2.836
20160604       2.659       1.775       1.933       2.239
20160605       2.427       1.615       1.774       2.430
20160606       2.222       1.488       1.627       2.274
20160607       2.005       1.383       1.505       2.056
20160608       1.859       1.276       1.481       1.786
20160609       1.697       1.137       1.262       1.712
20160610       1.563       1.113       1.141       1.391
20160611       1.415       0.929       1.041       1.421
20160612       1.276       0.838       0.933       1.305
20160613       1.158       0.753       0.839       1.155
20160614       1.048       0.673       0.752       1.066
20160615       0.949       0.604       0.673       0.964
20160616       0.871       0.538       0.604       0.875
20160617       0.814       0.475       0.538       0.678
20160618       0.769       0.422       0.478       0.706
20160619       0.740       0.872       1.201       1.719
20160620       0.689       1.210       0.627       0.938
20160621       0.654       0.486       0.596       0.386
20160622       0.637       0.414       0.491       0.588
20160623       0.609       0.359       0.416       0.573
20160624       0.577       0.318       0.575       0.818
20160625       0.574       0.724       0.397       0.609
20160626       0.548       0.320       0.321       0.351
20160627       0.581       0.968       0.515       0.669
20160628       0.626       2.352       2.284       1.139
20160629       0.608       0.718       1.343       0.474
20160630       0.576       0.614       0.705       0.478
20160701       0.558       0.546       0.617       0.474
20160702       0.551       0.474       0.543       0.510
20160703       0.711       6.003       3.502       3.539
20160704       0.760       1.842       2.839       0.480
20160705       0.769       1.431       2.254       0.938
20160706       0.781       1.952       1.560       0.828
20160707       0.790       1.280       1.552       0.673
20160708       0.775       1.118       1.255       0.702
20160709       0.812       1.341       1.129       0.677
20160710       0.915       1.623       2.899       2.026
20160711       1.018       1.146       1.203       0.727
20160712       1.185       1.981       2.505       1.999
20160713       1.496       3.271       1.281       0.790
20160714       1.955       2.514       1.881       0.925
20160715       2.188       1.588       1.844       1.430
20160716       2.227       1.438       1.564       1.827
20160717       2.286       3.006       1.858       2.258
20160718       2.300       3.591       1.929       1.687
20160719       2.220       1.915       1.908       1.906
20160720       2.121       1.743       2.161       2.116
20160721       1.968       1.484       1.708       1.793
20160722       1.897       1.308       1.486       1.760
20160723       1.849       4.366       3.298       3.882
20160724       1.716       1.724       2.707       1.310
20160725       1.576       1.563       1.735       1.482
20160726       2.057       2.034       3.723       3.239
20160727       3.381       6.107       5.965       5.360
20160728       3.643       2.540       3.223       2.329
20160729       3.566       3.569       3.990       4.909
20160730       3.541       4.135       5.537       5.315
20160731       3.701       3.275       4.082       3.681
