date          Qobs       Qsimobs        Qsim       Qusi
20150801      68.288      38.368      28.346      59.195
20150802      60.468      31.580      33.067      66.816
20150803      56.780      33.361      29.299      47.690
20150804      57.981      27.066      32.093      53.198
20150805      48.201      23.216      28.142      54.829
20150806      52.191      29.885      25.524      45.547
20150807      52.845      42.160      28.409      52.314
20150808      48.357      30.045      32.993      47.218
20150809      47.226      28.901      30.827      40.983
20150810      39.924      22.974      27.167      41.903
20150811      34.186      21.678      24.582      36.898
20150812      46.092      32.174      24.241      35.015
20150813      59.287      33.249      28.348      44.724
20150814      47.732      25.373      28.521      52.377
20150815      37.498      22.734      24.924      42.005
20150816      32.566      21.243      22.701      35.519
20150817      29.607      19.398      21.297      30.618
20150818      25.740      18.299      19.945      28.134
20150819      24.030      17.169      18.719      24.465
20150820      22.972      16.226      17.173      22.655
20150821      21.541      15.325      16.274      21.794
20150822      20.371      14.468      15.386      20.459
20150823      19.803      13.708      14.508      19.209
20150824      20.338      13.027      13.714      18.645
20150825      20.970      12.459      13.028      18.979
20150826      20.197      11.874      12.430      19.714
20150827      19.870      11.304      11.798      19.033
20150828      23.255      10.891      11.188      18.558
20150829      30.207      10.607      10.937      20.599
20150830      24.782      10.047      10.917      27.990
20150831      23.526      14.155      14.028      30.919
20150901      32.218      16.309      14.951      23.248
20150902      25.524      12.840      13.393      29.337
20150903      17.928      11.698      12.615      23.861
20150904      13.927      11.085      11.845      16.277
20150905      12.797      14.177      12.439      14.927
20150906      13.233      14.959      13.679      13.995
20150907      15.496      12.780      13.491      12.653
20150908      15.542      11.847      12.734      14.904
20150909      14.275      12.411      12.713      14.883
20150910      14.691      11.702      12.266      13.593
20150911      14.370      10.756      10.370      13.508
20150912      13.116      10.007      10.821      13.227
20150913      12.110       8.974      10.044      12.333
20150914      11.150       8.536       9.477      11.527
20150915      10.458       8.114       8.995      10.719
20150916       9.950       7.680       8.096       9.997
20150917       9.480       7.336       7.688       9.428
20150918       9.406       7.104       7.410       9.203
20150919      12.840      17.287       9.352      11.630
20150920      17.482      16.053      14.026      13.324
20150921      16.761      12.968      13.684      16.900
20150922      13.910      12.020      12.830      15.945
20150923      12.912      15.396      12.917      14.143
20150924      12.877      13.439      14.121      13.561
20150925      12.097      12.019      12.891      12.362
20150926      14.725      20.790      16.564      15.101
20150927      33.134      28.189      19.505      14.902
20150928      28.684      21.417      21.656      32.199
20150929      22.264      21.255      22.663      29.154
20150930      30.950      35.004      26.880      29.617
20151001      47.505      49.332      32.746      36.062
20151002      42.416      35.896      36.095      45.037
20151003      37.253      46.181      36.127      43.088
20151004      31.778      37.740      37.227      36.269
20151005      25.659      35.755      35.372      30.883
20151006      19.857      31.022      32.583      23.921
20151007      16.333      28.828      31.221      19.497
20151008      14.212      26.979      28.912      15.883
20151009      13.080      25.386      26.822      13.931
20151010      11.869      23.392      25.612      12.874
20151011      11.735      21.738      24.610      13.462
20151012      38.029      45.285      30.081      16.508
20151013      88.772      95.410      37.044      30.523
20151014      61.664      47.812      44.905      99.986
20151015      56.965      44.428      53.307      53.355
20151016      73.777      86.826      51.902      55.770
20151017      77.383      89.631      88.850     111.953
20151018     100.632      68.341      71.010      74.093
20151019      76.081      47.094      53.873      71.047
20151020      55.140      40.935      45.618      62.334
20151021      42.885      43.159      41.876      50.764
20151022      34.503      38.446      40.064      43.073
20151023      27.510      35.641      36.913      34.120
20151024      23.295      34.401      35.975      27.405
20151025      24.173      37.193      36.005      24.889
20151026      28.954      36.928      36.177      26.241
20151027      24.719      33.811      35.758      30.020
20151028      21.635      32.533      33.131      25.410
20151029      23.743      31.630      31.475      20.021
20151030      18.459      27.628      29.990      22.215
20151031      14.992      25.609      28.610      19.381
20151101      30.867      27.423      29.945      16.514
20151102      83.430      80.119   -9999.000   -9999.000
20151103     108.800     153.721      61.316     150.628
20151104      89.374     140.409      69.792     127.329
20151105      62.185      64.339      71.060      65.157
20151106      43.570      42.762      49.262      35.827
20151107      33.597      40.069      41.885      40.169
20151108      28.884      37.874      40.222      35.326
20151109      24.913      34.233      37.016      29.385
20151110      20.306      35.169      34.283      26.037
20151111      17.221      30.887      34.421      21.861
20151112      14.557      28.659      31.995      17.956
20151113      12.626      26.592      29.288      14.384
20151114      11.358      24.674      26.742      12.875
20151115      11.649      23.020      25.089      10.934
20151116      10.071      21.473      23.185      11.276
20151117       7.992      19.749      21.316       9.506
20151118       8.098      18.419      19.757       7.697
20151119       8.399      17.087      18.513       7.846
20151120       7.925      16.001      17.109       8.070
20151121       7.646      15.779      18.868       9.098
20151122       6.475      13.819      14.854       7.212
20151123       5.843      12.655      13.667       6.518
20151124       7.156      11.858      12.902       5.250
20151125       6.859      10.740      11.888       6.997
20151126       6.350      10.078      10.999       6.824
20151127       6.850      19.851      15.250       9.499
20151128       7.453      12.808      12.881       7.020
20151129       7.005      11.552      12.794       7.111
20151130       6.075      10.781      11.736       6.785
20151201       5.896      10.064      10.884       6.008
20151202       5.578      11.166      10.949       6.354
20151203       5.758       9.266      11.269       6.328
20151204       6.544      18.091      13.093       8.142
20151205       6.756      14.882      11.599       6.512
20151206       6.747      15.381      13.609       8.148
20151207       7.906      18.403      15.378       7.011
20151208       8.424      23.780      17.137       8.676
20151209       7.989      15.229      15.971       8.411
20151210       9.112      19.871      17.388       8.598
20151211       9.239      14.599      15.734       7.680
20151212       7.549      13.563      14.567       8.750
20151213       6.870      13.524      14.308       7.882
20151214       6.583      12.814      13.989       7.106
20151215       6.462      14.576      13.966       6.854
20151216       6.231      15.851      12.730       6.098
20151217       5.993       9.568      11.017       5.636
20151218       5.790       8.671       9.825       6.020
20151219       5.827       9.548       9.548       5.899
20151220       6.125       9.013      10.270       6.235
20151221      10.076      19.047   -9999.000   -9999.000
20151222      17.977      14.199   -9999.000   -9999.000
20151223      14.850      11.263      12.058      15.536
20151224      12.211      10.490      12.468      15.259
20151225      10.942      15.465      12.232      13.497
20151226      10.069      16.263      14.528      13.735
20151227       8.699      16.292      15.385      10.210
20151228       8.064      11.448      11.861       7.889
20151229       7.681       9.754      10.710       7.259
20151230       7.344       9.067       9.975       7.442
20151231       7.033       8.426       9.229       6.942
20160101       6.880       9.176       8.422       6.475
20160102       6.609      11.902       8.474       6.659
20160103       6.147       9.768      10.512       7.309
20160104       5.505       9.080       9.767       6.027
20160105       5.005       8.409       9.074       5.390
20160106       4.572       7.833       8.407       4.900
20160107       4.370       7.317       7.832       4.495
20160108       4.181       6.824       7.300       4.098
20160109       4.003       6.326       6.937       4.266
20160110       3.962       5.978       6.422       3.859
20160111       3.945       5.546       5.918       3.701
20160112       3.780       5.191       5.565       3.865
20160113       3.731       4.862       5.209       3.679
20160114       3.696       4.536       4.814       3.396
20160115       3.698       4.236       4.676       3.686
20160116       3.698       4.012       4.419       3.763
20160117       3.698       4.018       4.221       3.726
20160118       3.698       5.737       5.221       3.972
20160119       3.696       3.457       3.610       2.569
20160120       3.699       3.250       3.421       3.498
20160121       3.698       3.072       3.564       3.595
20160122       3.617       3.345       3.787       4.126
20160123       3.146       2.892       3.568       3.863
20160124       3.146       2.653       2.877       2.906
20160125       3.146       2.575       3.290       3.583
20160126       3.191       4.483       2.847       2.852
20160127       3.223       3.912       3.747       3.508
20160128       3.209       3.104       2.871       2.336
20160129       3.194       2.184       2.302       2.827
20160130       3.170       1.976       2.375       3.034
20160131       3.179       3.494       3.285       3.808
20160201       3.158       2.410       3.865       3.760
20160202       3.158       1.927       2.953       2.615
20160203       3.146       1.624       1.717       2.562
20160204       3.154       3.442       2.909       5.194
20160205       3.141       1.535       1.663       1.434
20160206       3.115       1.380       1.470       2.495
20160207       3.086       1.323       1.849       3.436
20160208       3.047       1.741       1.401       2.200
20160209       3.043       1.956       2.343       3.711
20160210       3.042       3.115       1.892       2.574
20160211       3.029       1.155       1.549       1.838
20160212       3.023       2.311       2.448       5.622
20160213       2.993       1.011       1.040       1.263
20160214       2.951       1.086       0.971       2.224
20160215       2.915       0.863       0.928       1.812
20160216       2.929       2.785       2.243       6.207
20160217       2.905       0.798       1.438       1.512
20160218       2.877       1.042       1.420       4.412
20160219       2.842       0.730       0.822       2.712
20160220       2.808       0.693       0.753       2.106
20160221       2.779       0.669       0.697       2.112
20160222       2.719       1.211       0.721       1.926
20160223       2.676       0.883       1.014       2.653
20160224       2.677       3.960       2.376       6.218
20160225       2.677       0.751       0.820       0.550
20160226       2.671       0.702       0.754       2.264
20160227       2.665       0.717       1.087       3.353
20160228       2.656       0.674       0.732       2.148
20160229       2.633       1.497       1.265       3.641
20160301       2.610       0.603       1.004       0.991
20160302       2.584       0.549       0.565       2.064
20160303       2.568       0.520       0.574       1.889
20160304       2.546       0.486       0.515       2.064
20160305       2.526       0.461       0.540       1.318
20160306       2.518       0.438       0.489       1.918
20160307       2.508       0.408       0.441       2.035
20160308       2.498       0.390       0.532       2.551
20160309       2.490       0.427       0.644       3.225
20160310       2.476       0.345       0.365       1.647
20160311       2.453       0.330       0.361       1.970
20160312       2.446       0.777       0.596       3.308
20160313       2.448       1.497       0.916       2.474
20160314       2.457       3.224       1.914       5.170
20160315       2.591       7.837       4.516       5.356
20160316       3.219      15.645       7.510       4.937
20160317       4.405      14.808      10.348       4.934
20160318       5.440      10.549      11.299       3.377
20160319       5.638       9.516      10.301       4.691
20160320       5.439       7.707       8.379       4.816
20160321       5.131       6.943       7.572       5.131
20160322       4.856       6.896       6.902       4.889
20160323   -9999.000   -9999.000       6.466       4.527
20160324       4.266       8.959   -9999.000   -9999.000
20160325       4.014       4.960   -9999.000   -9999.000
20160326       3.822       4.686   -9999.000   -9999.000
20160327       3.633       7.658       6.237       4.934
20160328       3.674      11.978       8.453       6.457
20160329       4.352      16.051      10.205       5.739
20160330       5.698      22.057      14.952       6.740
20160331       6.801      21.523      19.384       7.433
20160401       6.976      18.606      20.460       7.042
20160402       6.373      17.177      18.580       6.681
20160403       5.729      16.503      17.163       6.222
20160404       5.304      16.687      16.134       5.916
20160405       5.225      16.860      16.511       5.737
20160406       5.217      15.729      16.202       5.549
20160407       5.222      15.125      15.639       5.509
20160408       5.164      14.289      14.787       5.362
20160409       5.123      13.386      13.916       5.126
20160410       5.146      14.431      13.584       5.399
20160411       5.381      13.845      13.932       5.564
20160412       5.631      13.855      13.864       5.624
20160413       5.565      12.696      13.319       5.546
20160414       5.226      10.857      12.213       5.080
20160415       4.870      10.032      11.402       5.403
20160416       4.605       9.642      10.181       4.774
20160417       4.505       9.583       9.846       4.747
20160418       4.439       8.406       8.930       4.388
20160419       4.410       7.936       8.378       4.432
20160420       4.413       7.765       8.299       4.441
20160421       4.451       7.202       7.607       4.251
20160422       4.530       6.856       7.155       4.175
20160423       4.629       7.519       7.317       4.644
20160424       4.650       6.345       6.994       4.504
20160425       4.657       5.996       6.463       4.388
20160426       4.756       6.607       5.996       4.531
20160427       5.585       8.999       6.566       5.630
20160428      11.411      16.081       9.911       8.191
20160429      23.975      19.641      14.376      13.453
20160430      34.623      29.952      19.604      28.128
20160501      37.216      39.128      24.021      40.282
20160502      32.766      52.591      35.107      52.127
20160503      33.064      66.860      46.475      41.890
20160504      34.951      74.189      61.111      45.002
20160505      34.681      56.919      61.984      41.054
20160506      36.453      67.191      56.513      37.624
20160507      42.085      69.599      59.285      42.631
20160508      46.622      68.757      62.758      47.383
20160509      45.100      61.984      54.761      46.261
20160510      43.248      44.315      49.024      40.461
20160511      36.061      31.161      38.042      33.320
20160512      28.520      31.378      30.733      31.435
20160513      25.663      29.617      30.527      28.858
20160514      21.908      29.268      28.969      25.890
20160515      20.773      31.808      28.503      23.998
20160516      21.850      30.429      29.433      23.085
20160517      20.067      34.565      29.799      23.006
20160518      17.647      28.471      29.429      20.216
20160519      14.962      25.777      28.308      18.182
20160520      13.725      25.153      26.475      16.114
20160521      13.678      26.511      24.595      14.322
20160522      25.028      50.363      28.157      17.726
20160523      43.194      73.463      42.925      34.090
20160524      49.805      66.688      60.225      53.633
20160525      55.518      58.447      54.397      45.322
20160526      51.300      41.273      44.640      45.858
20160527      48.426      45.382      43.599      44.172
20160528      54.947      71.186      48.734      50.866
20160529      60.545      77.200      63.660      61.092
20160530      67.852      88.022      76.717      67.963
20160531      78.595      76.551      86.192      70.295
20160601      76.951      62.676      71.821      68.296
20160602      63.514      32.875      51.288      56.596
20160603      54.055      53.192      36.406      46.347
20160604      44.597      33.896      41.016      54.597
20160605      35.827      29.854      29.018      32.023
20160606      28.241      26.934      28.157      34.081
20160607      27.260      42.720      28.414      29.171
20160608      44.182      64.009      30.576      28.763
20160609      38.848      37.283      36.663      42.204
20160610      29.650      33.073      34.897      31.049
20160611      25.282      31.471      32.909      28.771
20160612      24.228      30.640      31.339      26.177
20160613      24.384      30.242      31.021      24.329
20160614      27.666      33.707      30.624      26.391
20160615      32.720      36.068      31.523      26.136
20160616      31.571      34.664      31.743      33.374
20160617      37.109      39.975      37.022      35.082
20160618      55.383      41.461      35.869      35.335
20160619      63.597      39.483      40.330      52.892
20160620      57.245      39.653      37.236      56.959
20160621      51.949      43.467      35.050      52.569
20160622      53.131      53.307      43.034      58.242
20160623      61.007      49.120      44.429      52.900
20160624      72.469      51.295      49.782      59.119
20160625      66.157      42.952      46.790      63.286
20160626      55.796      47.070      40.692      54.219
20160627      57.216      44.025      38.225      53.016
20160628      79.417      58.719      48.914      56.309
20160629      69.115      45.829      52.761      77.144
20160630      61.992      40.795      45.678      58.885
20160701      66.939      47.633      44.745      57.431
20160702      68.045      44.246      48.049      67.813
20160703      77.517      46.463      51.380      70.757
20160704      69.067      37.442      42.747      66.869
20160705      49.710      32.750      33.998      58.448
20160706      61.077      71.321      38.838      54.487
20160707      62.542      46.556      40.532      59.642
20160708      51.401      35.966      41.865      48.930
20160709      42.980      32.887      35.730      44.432
20160710      40.536      37.461      32.002      38.030
20160711      54.898      46.864      35.314      41.069
20160712      51.972      35.022      38.934      51.977
20160713      45.887      35.150      37.961      49.698
20160714      40.157      28.940      33.451      43.990
20160715      36.670      25.735      28.036      33.285
20160716      33.341      24.133      25.188      32.631
20160717      54.792      72.597      33.502      42.709
20160718      60.501      44.083      44.620      54.246
20160719      57.058      39.715      42.557      49.763
20160720      46.090      37.045      37.265      49.209
20160721      36.384      32.998      36.432      42.831
20160722      31.947      32.383      34.682      35.322
20160723      32.139      30.917      33.716      31.895
20160724      31.057      28.972      30.982      30.132
20160725      31.025      35.037      28.775      29.364
20160726      30.089      25.527      29.877      29.944
20160727      44.176      36.507      29.341      28.020
20160728      44.319      40.140      38.684      50.276
20160729      34.703      29.164      32.824      41.374
20160730      29.155      27.147      29.891      31.176
20160731      26.107      26.976      26.825      26.822
