date          Qobs       Qsimobs        Qsim       Qusi
20150801      11.289       8.117      11.421      11.786
20150802       9.459      12.903       8.660      11.016
20150803       9.331       9.314      15.243      13.842
20150804      10.017      13.336      13.255      11.558
20150805      17.832      22.217      16.533      13.777
20150806      15.995      16.331      20.570      18.624
20150807      19.038      22.809      15.620      14.491
20150808      18.349      16.881      19.276      16.569
20150809      13.861      12.232      16.214      14.963
20150810      13.877      14.280      12.599      11.066
20150811      17.767      17.514      12.809      13.174
20150812      19.403      17.625      14.059      13.732
20150813      12.990       7.914      16.807      16.466
20150814      10.135      10.121      11.174      10.811
20150815      10.375      13.748      12.478      12.015
20150816      14.464      21.191      16.632      14.056
20150817      16.594      16.621      19.506      15.790
20150818      13.211      14.133      16.431      14.401
20150819      10.243      13.362      14.708      12.103
20150820       9.640      15.492      15.041      10.617
20150821       9.375      13.775      14.476       9.948
20150822      10.572      15.815      13.444       8.698
20150823      11.512      12.672      14.321      10.470
20150824       9.857      10.291      12.375      10.125
20150825       9.358      11.339      10.400       8.746
20150826      11.712      12.774      11.957      10.335
20150827      11.111      12.113      12.308      11.259
20150828      10.073      12.135      15.942      13.606
20150829       9.357       8.082      11.924       9.681
20150830       9.585      11.130       8.591       8.117
20150831       9.000       8.731      11.102       9.609
20150901       7.232       4.189       9.339       8.661
20150902       6.009       6.653       5.187       5.120
20150903       5.645       6.635       6.785       6.172
20150904       5.338       6.427       5.321       4.769
20150905       7.308       7.948       5.088       4.498
20150906       7.494       4.598       6.360       5.936
20150907       6.278       4.919       5.018       6.649
20150908       5.833       4.896       5.663       6.987
20150909       5.262       3.786       6.619       6.729
20150910       4.718       3.694       6.333       5.452
20150911       4.433       3.478       4.048       4.602
20150912       4.242       3.802       3.660       3.989
20150913       4.267       7.942       3.905       4.157
20150914       5.571      10.783       6.807       6.998
20150915       6.866      10.146       8.483       6.271
20150916       8.295       8.987       9.414       7.155
20150917       6.940       5.131       6.901       5.815
20150918       5.540       5.850       5.048       4.771
20150919       6.559       8.110       4.957       5.013
20150920       7.471       7.225       6.523       5.963
20150921       6.398       4.430       6.192       5.947
20150922       5.050       4.004       4.394       5.162
20150923       4.222       3.679       4.151       4.828
20150924       3.909       4.191       3.802       4.096
20150925       4.881       8.491       4.111       4.220
20150926       5.931       6.016       6.369       5.523
20150927       5.988       5.096       5.995       5.301
20150928       4.984       4.535       5.341       5.871
20150929       4.154       4.601       4.752       4.764
20150930       4.125       5.932       4.691       4.173
20151001       6.335       7.852       6.429       5.216
20151002       8.592       6.875       6.171       5.221
20151003      10.747       6.311       6.118       7.179
20151004       8.389       5.639       5.009       7.832
20151005       6.717       4.161       4.932       7.102
20151006       5.235       3.812       3.774       5.668
20151007       4.208       3.824       3.802       4.560
20151008       3.514       3.713       3.633       4.038
20151009       3.115       3.680       3.473       3.224
20151010       2.867       3.343       3.311       2.883
20151011       2.624       2.843       3.136       2.517
20151012       2.398       2.620       2.833       2.455
20151013       2.240       2.332       2.594       2.268
20151014       2.078       2.093       2.333       2.099
20151015       1.963       1.880       2.093       1.919
20151016       1.801       1.689       1.880       1.727
20151017       1.735       1.506       1.689       1.648
20151018       1.648       1.355       1.506       1.590
20151019       1.584       1.219       1.355       1.429
20151020       1.531       1.098       1.219       1.428
20151021       1.533       1.148       1.240       1.574
20151022       3.972       3.379       2.256       2.876
20151023      14.649      22.071       3.961       4.405
20151024       8.463       6.496      10.621      19.540
20151025       8.783      19.580       6.133       6.641
20151026       8.300       7.346      15.278      12.337
20151027       7.868       7.770       7.440       5.839
20151028       5.994       6.356       6.911       7.434
20151029       4.745       5.669       6.304       5.825
20151030       3.939       5.095       5.721       4.578
20151031       6.342       7.391       5.656       4.216
20151101      16.646      15.088       7.197       5.313
20151102      11.480      10.484   -9999.000   -9999.000
20151103       9.067       8.978       8.703       9.142
20151104      10.463      11.279       8.320       8.527
20151105      10.704       6.648       9.121       8.012
20151106       7.739       5.517       6.155       7.462
20151107       7.451       5.900       6.974       8.372
20151108       7.239       6.748       5.696       5.934
20151109       7.629       8.624       5.496       6.696
20151110      13.196      14.073       7.270       8.193
20151111      12.747      13.737      10.591      15.420
20151112      10.987      11.880      12.204      13.321
20151113       8.068      10.358       9.347       8.998
20151114       7.574       8.294       7.636       6.671
20151115      12.333      16.823       7.809       9.387
20151116       7.571       6.307      12.619      12.457
20151117       5.933      11.493       6.960       5.191
20151118       6.208      15.524       8.008       7.110
20151119       4.716       5.779      10.823       5.891
20151120       3.743       5.202       5.779       3.300
20151121       3.196       4.672       5.202       3.784
20151122       2.712       4.196       4.672       3.222
20151123       2.590       3.768       4.256       2.849
20151124       2.685       3.929       3.833       2.631
20151125       2.696       4.147       3.768       2.779
20151126       3.490       3.713       4.183       3.234
20151127      57.625      25.078       3.982       3.306
20151128      36.294      30.970      18.129      39.849
20151129      13.421       6.656      19.984      22.153
20151130       8.956       4.724       5.859       5.132
20151201       7.334       9.661       4.304       6.775
20151202       8.514       6.455       6.635       8.704
20151203      11.319      17.023       5.001       4.809
20151204       7.671       8.071      10.267      14.559
20151205      22.353      19.537       6.403       7.691
20151206      16.989      21.803      11.454      19.302
20151207      11.794      17.221      16.285      16.607
20151208       9.466       4.687      15.101      10.392
20151209      16.446      15.390       5.455       4.710
20151210      21.369      32.184       9.428      16.577
20151211      13.722      16.554      20.251      21.338
20151212       9.261       8.574      12.092       7.854
20151213       6.695       5.240       7.068       5.618
20151214       5.285       4.420       4.922       4.841
20151215       4.454       4.026       4.420       4.578
20151216       3.878       3.619       4.207       4.517
20151217       7.703       3.257       4.447       4.256
20151218      34.924      10.700       3.849       5.364
20151219      34.947      17.536      18.819      50.776
20151220      60.406      34.981      28.802      43.785
20151221      39.777      48.614   -9999.000   -9999.000
20151222      20.601      23.810   -9999.000   -9999.000
20151223      17.162      21.478      16.758      14.710
20151224      13.997      22.662      17.840      17.244
20151225      14.927      39.281      17.253      11.241
20151226      10.130      10.659      24.430      14.887
20151227       7.100       6.524       9.085       4.481
20151228       5.928       5.872       6.948       6.277
20151229       4.805       5.401       6.150       5.742
20151230       4.326      12.268       5.704       5.133
20151231       5.177      29.365       8.449       9.018
20160101       4.792      20.841      18.605      10.309
20160102       3.932       7.979      14.406       5.752
20160103       2.980       6.285       7.243       2.601
20160104       2.374       5.650       6.281       3.067
20160105       2.306       5.083       5.650       2.689
20160106       2.208       4.572       5.083       2.470
20160107       1.873       4.116       4.572       2.370
20160108       1.648       3.702       4.113       2.033
20160109       1.607       3.308       3.699       1.806
20160110       1.948       2.979       3.308       1.568
20160111       2.337       2.705       2.984       1.822
20160112       1.866       2.418       2.692       2.141
20160113       1.725       2.181       2.414       1.836
20160114       1.589       1.906       2.185       1.674
20160115       1.473       1.733       1.906       1.509
20160116       1.409       1.576       1.733       1.353
20160117       1.387       1.433       1.576       1.278
20160118       1.396       1.304       1.433       1.218
20160119       1.432       1.186       1.304       1.289
20160120       1.433       1.078       1.186       1.300
20160121       1.393       0.981       1.078       1.298
20160122       1.347       0.892       1.138       1.619
20160123       1.341       0.845       0.988       1.411
20160124       1.435       1.492       1.214       1.740
20160125       2.998       3.263       1.954       2.546
20160126      11.712      20.101       3.354       3.739
20160127       9.080      18.182      11.041      20.081
20160128       5.646       6.814      12.447       8.494
20160129       7.247       6.840       5.886       3.939
20160130       7.108      30.387       5.679       4.373
20160131       4.478       5.706      23.688      11.110
20160201       3.669       4.870       5.463       2.252
20160202       4.039       4.487       4.866       3.883
20160203       3.299       4.134       4.447       3.959
20160204       3.219       3.685       4.081       3.064
20160205       3.133       3.331       3.727       3.630
20160206       3.490       5.207       3.340       2.958
20160207       3.827       7.170       5.037       5.161
20160208       3.890       8.773       5.264       3.920
20160209       3.065       7.951       5.751       3.846
20160210       2.620       6.144       5.655       2.897
20160211       2.255       3.616       4.784       2.014
20160212       2.058       3.185       3.533       1.881
20160213       1.654       2.871       3.185       2.066
20160214       1.471       2.588       2.871       1.696
20160215       1.688       2.333       2.588       1.367
20160216       1.608       2.093       2.333       1.545
20160217       1.623       2.611       2.096       1.526
20160218       1.526       3.334       2.336       1.963
20160219       1.427       2.616       2.898       1.850
20160220       1.372       3.005       2.616       1.498
20160221       1.358       2.845       2.759       1.546
20160222       1.350       2.590       2.728       1.518
20160223       1.350       2.334       2.543       1.378
20160224       1.390       2.173       2.318       1.389
20160225       1.440       2.068       2.140       1.432
20160226       1.490       1.872       2.019       1.497
20160227       1.394       1.850       1.846       1.437
20160228       1.337       1.842       1.794       1.438
20160229       1.276       1.579       1.758       1.329
20160301       1.228       1.732       1.580       1.267
20160302       1.159       1.623       1.624       1.240
20160303       1.076       1.416       1.570       1.141
20160304       1.062       1.279       1.416       1.043
20160305       1.045       1.233       1.279       1.087
20160306       1.004       1.079       1.209       0.986
20160307       1.004       1.017       1.079       0.883
20160308       0.907       0.908       1.003       0.907
20160309       0.971       0.822       0.908       0.804
20160310       0.984       1.223       0.822       0.929
20160311       0.947       1.327       1.175       1.284
20160312       0.928       1.717       1.448       1.272
20160313       1.227       1.959       1.949       1.643
20160314       5.621       8.480       3.583       2.635
20160315       5.757       3.777       7.793       8.606
20160316       4.719       2.102       6.164       6.546
20160317       4.173       2.684       3.764       5.517
20160318       3.855       2.771       2.190       3.771
20160319       3.334       1.763       1.955       2.636
20160320       3.024       1.678       1.794       2.992
20160321       2.768       1.511       1.657       2.753
20160322       2.651       1.559       1.538       2.596
20160323   -9999.000   -9999.000       1.462       2.401
20160324       2.187       1.567   -9999.000   -9999.000
20160325       2.173       1.685   -9999.000   -9999.000
20160326       2.703       1.809   -9999.000   -9999.000
20160327       6.040       7.874       2.001       3.134
20160328       5.013       9.840       4.935       8.853
20160329       4.577      13.093       7.749       7.665
20160330       4.023       4.722       7.943       4.613
20160331       3.086       4.050       4.410       2.460
20160401       2.568       3.615       3.997       3.087
20160402       2.353       3.527       3.650       2.602
20160403       2.562       3.492       3.496       2.628
20160404       2.766       3.897       3.477       2.690
20160405       3.602       5.669       3.970       3.523
20160406       4.176       4.501       4.627       4.495
20160407       4.458       4.154       4.050       3.867
20160408       3.903       3.430       3.697       3.846
20160409       3.156       3.069       3.385       3.702
20160410       2.844       2.767       3.063       2.975
20160411       2.735       2.537       2.764       2.734
20160412       2.778       2.314       2.541       2.434
20160413       2.870       2.146       2.320       2.410
20160414       2.830       1.950       2.112       2.596
20160415       2.622       1.903       1.942       2.639
20160416       2.438       1.686       1.829       2.490
20160417       2.241       1.585       1.680       2.219
20160418       2.251       1.941       1.637       2.205
20160419       2.348       1.937       1.743       2.357
20160420       2.338       2.006       1.878       2.488
20160421       2.949       2.171       1.960       2.646
20160422       3.659       1.836       2.003       2.643
20160423       3.064       1.646       1.818       2.972
20160424       2.593       1.485       1.646       2.526
20160425       2.324       1.340       1.485       2.149
20160426       2.264       1.211       1.352       2.042
20160427       1.990       1.092       1.201       1.997
20160428       1.963       1.428       1.118       1.784
20160429       1.992       1.875       1.340       2.068
20160430       1.995       2.150       1.670       2.250
20160501       2.052       2.911       2.000       2.386
20160502       2.275       4.111       2.534       2.572
20160503       4.634      11.283       3.983       3.507
20160504       5.504      10.200       6.667       8.433
20160505       5.309      15.015       9.245       6.850
20160506       6.069      20.361      12.910       7.691
20160507       6.888      19.018      16.778       8.752
20160508      15.006      21.163      19.402      10.593
20160509      22.100      27.930      21.059      15.396
20160510      23.044      32.123      25.042      24.241
20160511      20.335      18.525      23.823      20.977
20160512      18.227      23.108      18.450      16.288
20160513      12.057       6.274      14.462      14.280
20160514       8.682       5.557       6.180       5.576
20160515       6.732       5.092       5.568       7.712
20160516       5.784       4.808       5.048       5.702
20160517       5.641       5.469       4.745       5.528
20160518       5.523       4.771       5.075       5.444
20160519       5.164       4.402       4.697       5.065
20160520       5.180       5.186       4.391       4.664
20160521       8.627       9.679       5.467       6.176
20160522      15.608      22.018       9.536      11.714
20160523      18.506      21.354      19.651      21.934
20160524      14.913      10.008      14.286      13.320
20160525      12.822      12.216       8.208       8.688
20160526      12.363      14.809      10.384      12.383
20160527      12.476      18.520      14.063      13.284
20160528      15.388      26.143      18.126      14.107
20160529      18.172      25.480      22.606      17.281
20160530      20.261      29.340      22.022      16.877
20160531      29.290      39.130      25.202      20.188
20160601      33.427      25.186      33.133      27.823
20160602      35.463      28.089      28.822      28.492
20160603      34.597      29.778      27.586      28.149
20160604      27.229      25.245      23.333      25.724
20160605      19.989      21.489      20.830      21.517
20160606      18.558      22.688      19.391      17.758
20160607      20.910      25.140      20.429      16.874
20160608      21.633      18.629      20.959      17.189
20160609      14.597       7.617      12.661      13.008
20160610      10.804       5.154       6.300       8.155
20160611       9.190       6.141       5.345       8.503
20160612       8.851      12.333       6.535       9.520
20160613       9.436      15.273      11.654      11.846
20160614       9.811      15.731      12.028       8.892
20160615      11.159      17.002      14.363       9.965
20160616      14.357      17.307      15.941      11.838
20160617      16.224      18.385      17.208      14.363
20160618      16.749      12.207      15.085      13.249
20160619      12.875       7.500       9.357      11.342
20160620      10.082       5.542       6.311       8.595
20160621      12.764      15.592       8.936      12.555
20160622      13.318      12.849      12.859      13.553
20160623      12.201      13.800      13.405      12.957
20160624      13.205      14.050      14.384      13.106
20160625      16.005      20.621      15.983      14.197
20160626      16.686      12.348      17.600      15.831
20160627      23.596      25.812      16.191      14.564
20160628      20.925      16.582      20.231      20.444
20160629      14.374       9.639      14.468      14.389
20160630      12.736      12.265      11.385      10.802
20160701      13.718      12.973      11.290      11.239
20160702      12.139      12.378      13.164      13.949
20160703      12.542      12.303      16.627      16.107
20160704      10.763       9.731      10.518       9.968
20160705       9.619       9.939      11.280      10.160
20160706       9.433      13.671       8.853       8.750
20160707       8.978       6.678      10.538       8.988
20160708       8.082       8.888       7.594       7.079
20160709       8.701      12.594      11.052       9.944
20160710      10.442       9.632      12.464      10.876
20160711      10.824      10.985      14.241      13.200
20160712      13.695      18.522      13.502      13.313
20160713      15.190      12.833      16.656      14.357
20160714      12.494      11.082      11.790      12.373
20160715      10.574       8.796       9.528       9.464
20160716      11.731      10.565       9.301      10.136
20160717      18.368      16.515      11.527      13.433
20160718      15.034      10.525      14.115      16.636
20160719      11.893       8.612      10.472      12.021
20160720      11.986      13.723       9.900      12.033
20160721      12.805      12.321      13.445      12.062
20160722      13.948      15.068      13.411      13.022
20160723      13.276      15.480      17.011      16.873
20160724      11.361      11.935      14.869      13.522
20160725      10.512      12.082      13.282      11.730
20160726      11.696      16.155      14.498      12.573
20160727      10.728      10.942      14.423      12.136
20160728       9.806      13.899      12.969      11.335
20160729       9.737      10.303      11.533       8.765
20160730       8.898      11.353      11.242       9.570
20160731       8.279       9.685      10.493       8.541
