date          Qobs       Qsimobs        Qsim       Qusi
20150801       1.054       3.715       2.883       1.269
20150802       1.039       1.993       2.691       1.014
20150803       1.018       1.694       1.963       0.823
20150804       0.976       1.462       1.681       0.921
20150805       1.012       1.879       1.489       0.901
20150806      10.611      25.901       7.670       4.438
20150807      16.231       6.680       9.423       6.520
20150808      11.151       5.972       7.647      12.029
20150809       7.862       4.468       5.661       8.052
20150810       5.909       3.532       5.102       7.594
20150811       4.714       2.723       3.451       4.622
20150812       6.199      12.359       4.772       6.425
20150813       8.580       8.884       9.136       6.448
20150814       7.762       5.201       6.801       6.913
20150815       5.998       3.905       5.165       6.056
20150816       4.573       3.108       3.905       4.671
20150817       3.603       2.329       3.108       3.602
20150818       2.894       1.955       2.401       2.827
20150819       2.382       1.696       2.002       2.452
20150820       1.992       1.470       1.696       2.069
20150821       1.690       1.273       1.470       1.754
20150822       1.449       1.101       1.273       1.494
20150823       1.267       0.951       1.101       1.276
20150824       1.112       0.821       0.951       1.109
20150825       0.976       0.709       0.821       0.987
20150826       0.906       0.661       0.723       0.846
20150827       0.857       0.831       1.427       1.720
20150828       1.166      20.949       5.300       5.530
20150829       6.599      31.006      19.357       4.747
20150830      13.762      17.142      22.308       9.376
20150831      10.645       7.657      13.148       9.504
20150901       7.896       5.880       7.696       6.734
20150902       5.998       4.395       5.825       6.293
20150903       4.657       3.253       4.395       4.805
20150904       3.756       2.485       3.253       3.457
20150905       3.150       3.384       2.982       3.377
20150906       2.732       3.237       2.958       2.742
20150907       2.506       4.462       3.669       3.016
20150908       2.609       2.789       3.369       2.412
20150909       3.194       4.111       5.109       2.356
20150910       3.399       3.169       3.993       2.609
20150911       3.164       2.530       1.768       2.692
20150912       2.748       2.035       2.530       2.504
20150913       2.328       1.741       2.035       2.329
20150914       2.002       1.520       1.732       1.985
20150915       1.719       1.327       1.512       1.791
20150916       1.505       1.157       1.349       1.610
20150917       1.366       1.008       1.157       1.338
20150918       1.346       1.690       1.855       2.254
20150919       1.736      44.945       8.887       8.341
20150920      29.659      51.620      24.412       6.312
20150921      25.845      17.816      32.126      27.414
20150922      16.507       8.489      14.841      13.184
20150923      10.888       6.717       8.516      10.310
20150924       7.748       5.228       6.654       8.484
20150925       6.535       6.815       5.615       6.655
20150926      13.940      49.483       8.860       7.948
20150927      32.278      42.691      28.312      18.029
20150928      24.153      12.435      27.003      24.090
20150929      15.453       8.319      11.542      11.348
20150930      13.596      19.908       9.468      12.852
20151001      47.019      42.951      19.543      17.060
20151002     190.921     103.160     108.743      99.316
20151003      96.846      54.792      78.933     108.569
20151004      50.462      56.011      45.672      55.594
20151005      30.327      13.975      28.137      27.906
20151006      17.621       9.699      11.319      13.003
20151007      11.303       7.565       9.670      12.293
20151008       7.915       5.952       7.565       8.936
20151009       5.955       4.721       5.991       6.313
20151010       4.696       4.165       4.706       5.109
20151011       3.926       3.159       3.717       4.011
20151012       3.391       2.805       3.147       3.139
20151013       3.010       2.531       2.807       2.993
20151014       3.422      25.911       3.426       3.402
20151015       4.293       8.104      10.868       4.664
20151016       9.146      47.819      11.583       5.276
20151017      16.870      24.044      27.476      13.808
20151018      14.505      12.175      16.078      10.683
20151019      11.263       9.163      10.812       9.698
20151020       8.647       8.100       8.925       9.906
20151021       7.035       8.037       7.812       7.978
20151022      11.881      37.090      15.807      13.524
20151023      20.960      34.338      27.593      20.036
20151024      19.587      11.082      22.410      16.349
20151025      16.400      23.592      13.475      13.358
20151026      27.637      38.256      19.864      17.615
20151027      41.161      73.121      35.115      37.512
20151028      27.467      13.813      42.509      32.467
20151029      16.469      10.366      13.814       9.123
20151030      10.948       8.211      10.087      12.713
20151031       8.139       7.670       8.692       9.508
20151101       8.670      17.973      13.325      12.314
20151102      63.460     137.888   -9999.000   -9999.000
20151103      81.723     111.498      98.419      77.144
20151104      60.503      78.949      83.247      77.702
20151105      37.231      25.950      54.381      42.359
20151106      21.345      11.126      21.452      17.906
20151107      14.176       9.070      11.167      12.287
20151108      12.785      24.570      11.735      15.857
20151109      12.213      14.510      12.318      13.773
20151110      12.389      23.076      12.279       9.070
20151111      20.986      42.948      24.446      17.154
20151112      33.106      52.458      31.844      23.428
20151113      26.176      18.347      35.118      27.626
20151114      17.014      11.629      13.280      12.018
20151115      11.379       9.018      11.656      12.088
20151116       7.983       7.143       8.894       9.585
20151117       6.541      15.887       8.124       8.662
20151118       5.556       8.506      10.282       7.048
20151119       4.628       6.813       8.303       5.527
20151120       4.025       5.659       7.062       4.358
20151121       3.496       4.623       5.488       3.721
20151122       3.085       3.467       4.165       2.890
20151123       2.884       5.767       4.996       4.707
20151124       2.744       7.782       4.456       2.881
20151125       2.728       3.813       4.894       3.117
20151126       5.481      64.326      10.889       7.070
20151127      33.088      95.658      73.981      33.487
20151128      65.134     104.092      52.209      32.197
20151129      36.889      25.904      69.474      50.382
20151130      20.145      11.396      23.985      15.035
20151201      13.829      41.338      14.085      14.410
20151202      10.523      22.761      33.789      20.072
20151203      11.000      40.356      26.277      11.902
20151204      11.632      21.441      22.705      11.128
20151205       9.394      10.512      14.692       7.833
20151206      10.120      44.644      23.568      16.359
20151207      26.909      95.176      39.920      26.858
20151208      26.720      26.904      33.226      21.441
20151209      22.151      24.323      31.201      18.511
20151210      24.413      31.922      27.048      19.891
20151211      21.307      29.449      24.523      21.482
20151212      24.832      56.071      21.906      23.527
20151213      19.878      13.790      33.797      22.817
20151214      13.428      13.904      13.897       9.072
20151215       9.800       9.970      12.130      11.949
20151216       8.430      28.385       9.570       8.023
20151217       9.478      24.122      21.384      14.110
20151218      15.265      38.730      30.927      15.437
20151219      52.674      43.539      43.824      23.456
20151220      50.994      43.465      49.031      52.118
20151221      53.528      39.071   -9999.000   -9999.000
20151222      71.910     101.627   -9999.000   -9999.000
20151223      50.738      38.680      67.888      66.576
20151224      31.703      24.976      37.045      33.602
20151225      24.637      16.704      20.050      19.249
20151226      26.460      42.916      16.597      18.645
20151227      17.868      13.064      25.894      21.047
20151228      11.910       9.055      11.372       9.479
20151229      11.089       7.178       9.031       9.326
20151230       6.670       9.200       7.577      10.212
20151231       5.391      11.125       8.619       7.704
20160101       4.955       9.018       9.365       5.327
20160102       4.466       6.780       8.200       4.776
20160103       3.671       5.228       6.641       4.076
20160104       3.327       4.202       5.228       3.396
20160105       2.737       3.617       4.202       3.176
20160106       2.301       3.185       3.617       2.693
20160107       1.952       2.793       3.185       2.330
20160108       1.655       2.516       2.793       1.969
20160109       1.394       2.254       2.509       1.612
20160110       1.229       2.025       2.254       1.366
20160111       1.154       1.896       2.225       1.410
20160112       1.067       1.640       1.854       1.175
20160113       0.984       1.469       1.741       1.155
20160114       0.915       1.320       1.472       0.928
20160115       0.838       1.191       1.320       0.940
20160116       0.780       1.512       1.410       0.930
20160117       0.808       1.700       1.323       0.686
20160118       0.833       7.396       2.736       1.484
20160119       0.827       2.617       1.864       0.326
20160120       0.840       4.660       2.623       1.038
20160121       0.836       2.531       1.692       0.424
20160122       0.826       1.271       1.249       0.488
20160123       0.830       0.893       0.846       0.534
20160124       0.853       1.367       1.239       1.236
20160125       0.852       0.756       0.672       0.554
20160126       0.900      21.961       1.684       1.639
20160127       0.990      19.034       8.994       1.666
20160128       1.247      15.148      13.583       1.869
20160129       1.846      34.365      14.311       1.703
20160130       3.090      49.307      22.209       3.682
20160131       4.510      37.094      29.265       4.336
20160201       4.591      21.738      25.993       3.915
20160202       4.117       9.102      15.616       2.551
20160203       3.683       7.559       9.096       3.322
20160204       3.507      56.710      10.830       5.361
20160205       3.287      19.011      30.532       5.059
20160206       3.087      17.101      15.445       2.436
20160207       2.948      24.262      17.385       3.781
20160208       2.906      25.444      16.572       3.343
20160209       2.914      18.102      16.298       2.479
20160210       2.893       8.726      13.148       3.042
20160211       2.793       8.759       9.167       3.210
20160212       2.579       6.477       7.831       3.295
20160213       2.366       4.814       6.111       2.726
20160214       2.181       3.823       4.923       2.296
20160215       2.045       3.207       3.985       2.085
20160216       1.977       5.334       3.789       2.168
20160217       1.853       2.582       3.022       1.418
20160218       1.708       3.487       2.563       1.786
20160219       1.563       2.340       2.898       1.894
20160220       1.444       2.037       2.324       1.510
20160221       1.394       3.011       2.552       1.819
20160222       1.324       1.983       2.032       1.379
20160223       1.259       2.099       2.046       1.326
20160224       1.312       6.609       2.787       1.628
20160225       1.344      12.483       7.370       2.674
20160226       1.353       6.613       7.468       2.181
20160227       1.353       4.949       5.835       1.688
20160228       1.362       6.063       5.741       2.072
20160229       1.326       4.540       4.369       1.369
20160301       1.258       2.623       3.287       1.198
20160302       1.198       2.239       2.603       1.210
20160303       1.139       1.944       2.246       1.143
20160304       1.092       1.722       2.084       1.144
20160305       1.053       1.534       1.993       1.272
20160306       1.007       1.693       1.526       1.037
20160307       0.969       1.208       1.333       0.806
20160308       0.922       1.350       1.448       1.001
20160309       0.880       0.972       1.102       0.714
20160310       0.876       0.871       0.976       0.849
20160311       0.862       1.141       0.876       0.857
20160312       0.824       0.811       0.925       0.835
20160313       0.833       2.230       1.124       1.026
20160314       1.026      60.784       9.442       5.509
20160315       6.413      47.933      40.112       4.973
20160316      29.345      34.459      34.683       5.590
20160317      38.862      33.115      27.631      21.346
20160318      51.136      54.279      25.615      29.886
20160319      39.371      12.100      33.482      40.263
20160320      34.272      10.948      13.053      13.946
20160321      31.060      20.201      14.554      33.934
20160322      24.955      18.072      14.694      30.898
20160323   -9999.000   -9999.000      12.499      16.440
20160324      13.076      11.423   -9999.000   -9999.000
20160325       9.687       9.690   -9999.000   -9999.000
20160326       7.832      12.322   -9999.000   -9999.000
20160327       7.649      25.439      12.229       9.663
20160328      16.419      41.457      23.620      10.942
20160329      23.730      41.711      33.318      21.270
20160330      32.963      34.970      32.428      22.211
20160331      26.618      14.709      24.807      23.066
20160401      17.958      12.491      12.923      14.241
20160402      12.747      13.772      14.435      17.648
20160403      14.458      35.170      16.629      16.971
20160404      24.499      24.507      21.919      15.479
20160405      24.178      17.420      20.366      19.809
20160406      24.394      21.265      17.809      21.671
20160407      26.215      19.736      19.070      23.331
20160408      27.519      18.734      16.997      21.272
20160409      22.249      25.812      17.016      24.914
20160410      17.399      11.362      16.195      18.337
20160411      13.788       9.829      10.455      10.978
20160412      11.744       7.982       9.216      11.689
20160413      10.856       8.824       8.059      10.285
20160414       9.485       5.988       7.509       9.384
20160415       7.885       6.593       6.133       7.554
20160416       7.304      12.676       6.549       7.633
20160417       7.728      16.718       9.809       8.670
20160418       8.853      11.474      12.025       8.311
20160419      12.774      20.564      12.812       9.375
20160420      16.876      10.238      11.308      11.088
20160421      20.810      45.911      15.946      17.544
20160422      28.720      61.220      38.325      40.212
20160423      22.183      23.919      43.781      29.672
20160424      15.363      11.002      18.245      10.837
20160425      11.253      10.012      11.342      10.399
20160426       8.812       7.640       9.147       9.177
20160427       7.329       6.204       7.666       7.893
20160428       6.975      12.770       7.649       7.719
20160429      10.976      23.814      11.565       8.488
20160430      20.772      20.504      18.557      13.244
20160501      24.031      23.807      19.264      18.080
20160502      25.463      18.427      19.860      22.298
20160503      26.691      21.719      18.021      22.041
20160504      29.462      19.430      20.649      23.923
20160505      25.005      16.239      16.728      23.380
20160506      20.344      17.130      15.974      24.151
20160507      19.191      16.416      15.890      19.028
20160508      19.250      15.334      16.048      17.549
20160509      18.843      11.585      14.056      17.063
20160510      20.255      13.915      13.929      18.700
20160511      19.549       6.182       9.825      14.330
20160512      15.611       6.928       6.821      13.499
20160513      13.480       6.209       7.181      14.402
20160514      12.432       6.601       7.754      14.005
20160515      12.304       8.150       6.614      13.088
20160516      12.050       5.240       6.222      10.696
20160517      11.378       7.449       6.338      11.310
20160518      11.167       7.655       6.291      10.610
20160519       9.560       4.831       4.427       8.252
20160520       7.762       3.871       4.433       7.507
20160521       8.353      11.135       7.096      11.463
20160522      12.615       7.417       8.905       9.189
20160523      15.377       8.201      10.526      14.803
20160524      15.906       5.289       6.699      12.181
20160525      13.063       4.598       5.299      12.960
20160526      11.292       3.381       4.262       9.700
20160527       9.696       4.412       3.794       9.023
20160528       8.771       4.610       4.540       9.794
20160529       9.117       3.666       4.444       7.497
20160530       9.409       2.824       3.905       7.026
20160531       8.591       2.305       2.795       6.431
20160601       7.515       2.027       2.276       6.373
20160602       6.670       1.781       2.017       6.184
20160603       5.862       1.500       1.764       5.385
20160604       4.997       1.310       1.498       4.501
20160605       4.230       1.081       1.285       4.031
20160606       3.592       0.886       1.081       3.437
20160607       3.106       0.790       0.888       2.869
20160608       2.814       2.655       1.577       4.988
20160609       2.700       3.046       2.117       2.656
20160610       2.584       2.484       2.097       2.097
20160611       2.410       1.495       1.936       2.068
20160612       2.198       1.270       1.496       1.913
20160613       2.005       1.123       1.267       1.800
20160614       1.812       1.156       1.122       1.779
20160615       1.643       0.947       1.074       1.598
20160616       1.509       0.893       1.185       1.857
20160617       1.406       0.757       0.862       1.325
20160618       1.317       0.699       0.809       1.270
20160619       1.291       3.952       0.935       1.501
20160620       1.283       3.158       3.736       2.164
20160621       1.307       3.420       3.316       1.605
20160622       1.295       1.927       2.370       1.026
20160623       1.266       1.463       1.904       1.216
20160624       1.206       1.296       3.215       2.329
20160625       1.132       1.124       2.460       2.033
20160626       1.031       0.984       1.124       0.994
20160627       0.982       1.520       1.046       0.988
20160628       0.969       3.658       1.143       0.812
20160629       0.939       1.950       2.142       0.920
20160630       0.870       1.354       1.706       0.783
20160701       0.825       2.435       2.511       1.467
20160702       0.790       1.482       1.676       0.668
20160703       0.952       8.061       5.903       3.303
20160704       1.259       6.534       6.327       1.515
20160705       1.429       3.479       4.810       1.308
20160706       1.417       2.652       3.512       1.289
20160707       1.401       6.505       3.251       1.533
20160708       1.401       3.258       4.236       1.265
20160709       1.298       2.480       3.178       1.254
20160710       1.201       2.003       2.480       1.098
20160711       1.119       1.733       2.003       1.063
20160712       1.121       2.868       4.327       2.691
20160713       1.326       2.600       3.096       1.549
20160714       1.506       1.919       2.096       1.145
20160715       1.478       1.626       1.866       1.324
20160716       1.376       1.393       1.586       1.334
20160717       1.268       2.682       2.407       2.093
20160718       1.173       4.844       1.959       1.077
20160719       1.110       2.121       2.796       1.030
20160720       1.063       1.671       2.286       1.023
20160721       1.009       1.449       1.674       0.932
20160722       0.956       1.258       1.449       0.899
20160723       0.916       1.106       1.268       0.855
20160724       0.858       0.989       1.099       0.810
20160725       0.811       0.840       0.970       0.752
20160726       0.787       0.727       0.988       0.859
20160727       0.838       7.804       2.402       2.098
20160728       0.847       2.261       3.527       0.709
20160729       0.858       7.304       4.146       1.225
20160730       0.903       4.907       4.320       0.866
20160731       1.220       6.590       5.765       1.248
