date          Qobs       Qsimobs        Qsim       Qusi
20150801     140.720     145.511     152.541     133.274
20150802     155.605     168.492     153.607     138.964
20150803     166.459     174.238     154.368     155.166
20150804     176.654     182.815     160.427     165.719
20150805     192.067     170.564     168.289     177.304
20150806     190.806     158.942     168.569     184.024
20150807     184.496     167.603     170.609     191.282
20150808     175.009     159.710     170.765     193.209
20150809     188.331     268.457     181.216     193.233
20150810     200.327     217.331     213.936     222.143
20150811     212.395     203.570     214.170     189.870
20150812     208.594     233.085     213.690     212.815
20150813     227.965     246.239     215.459     210.723
20150814     157.051     234.072     227.572     232.055
20150815     224.036     217.779     226.317     202.258
20150816     211.074     204.399     216.178     213.135
20150817     195.494     192.667     204.188     201.025
20150818     180.595     181.518     192.614     186.852
20150819     168.882     171.599     181.541     172.007
20150820     158.021     162.115     171.085     160.799
20150821     147.902     153.071     161.480     150.654
20150822     140.277     145.039     152.900     140.916
20150823     132.615     138.829     145.030     133.737
20150824     127.044     131.055     138.845     128.622
20150825     122.410     125.314     133.449     122.703
20150826     118.155     120.607     127.876     118.539
20150827     114.705     116.250     120.582     114.730
20150828     111.389     116.076     116.327     111.983
20150829     109.248     125.794     115.908     112.331
20150830     105.348     121.984     119.415     112.338
20150831     104.154     113.547     118.210     102.233
20150901     103.957     113.887     117.557     102.115
20150902     103.907     109.680     112.524     102.453
20150903     104.797     106.494     108.098     100.556
20150904     103.843     102.932     105.348     100.709
20150905     103.571     100.525     103.391     101.619
20150906     102.479     112.905     102.359     101.732
20150907     103.682     105.579     104.540     103.524
20150908     103.196      99.718     103.576     101.380
20150909     104.983     103.913     100.837     100.206
20150910     105.078      98.710      99.113     103.077
20150911     104.632      96.102      94.690     102.556
20150912     102.708      93.555      96.102     101.673
20150913     100.350     109.505      93.555     100.861
20150914      97.319      87.703      91.069      98.391
20150915      94.852      85.338      88.659      94.873
20150916      92.618      91.299     103.084      93.259
20150917      91.684      90.117      83.336      90.720
20150918      94.350      87.590      81.751      90.587
20150919     101.958     280.389     128.280     132.355
20150920     123.285     246.167     202.673     159.680
20150921     162.563     221.970     226.612     124.774
20150922     218.010     207.493     221.083     146.159
20150923     227.215     203.931     215.527     207.638
20150924     216.679     213.002     217.122     237.730
20150925     206.093     196.296     201.881     218.769
20150926     202.167     230.724     202.921     201.216
20150927     204.157     243.515     214.827     211.971
20150928     199.417     223.895     225.386     210.649
20150929     195.848     210.011     220.596     188.855
20150930     191.830     351.526     213.340     188.738
20151001     185.974     309.075     219.234     194.776
20151002     180.072     286.877     209.607     175.998
20151003     171.800     304.600     288.781     176.630
20151004     164.402     197.176     287.003     179.209
20151005     156.515     192.368     283.238     166.173
20151006     150.684     183.357     273.774     155.125
20151007     143.566     173.432     182.108     145.872
20151008     132.191     164.614     172.860     138.770
20151009     121.945     156.372     164.095     128.413
20151010     114.026     148.564     156.372     118.668
20151011     105.889     141.287     150.004     113.255
20151012     104.338     139.888     150.417     111.444
20151013     116.979     160.963     139.555      99.852
20151014     123.890     151.125     146.151     118.930
20151015     123.698     163.269     165.887     128.675
20151016     121.934     160.620     162.486     130.591
20151017     122.701     156.731     164.327     127.576
20151018     125.911     161.644     156.405     123.040
20151019     130.040     329.327     158.838     127.713
20151020     132.479     143.059     157.367     130.195
20151021     128.979     150.088     151.120     127.582
20151022     127.773     153.521     278.291     128.011
20151023     126.348     145.628     134.070     129.245
20151024     121.565     139.043     145.375     122.614
20151025     121.853     143.313     139.430     118.520
20151026     125.765     179.478     140.429     125.632
20151027     123.270     166.067     148.830     127.026
20151028     113.649     133.645     143.066     122.317
20151029     112.387     127.701     158.580     110.459
20151030     108.594     121.509     151.156     107.203
20151031     109.734     115.305     121.333     102.476
20151101      97.708     117.265     137.827     122.712
20151102      91.552     165.031   -9999.000   -9999.000
20151103     125.468     163.401     162.007     110.409
20151104     126.539     154.944     162.678     123.893
20151105     111.075     148.183     156.133     122.859
20151106      99.809     143.132     150.274     116.745
20151107     105.251     141.343     144.687     101.254
20151108     105.079     134.597     141.116     100.156
20151109      91.475     128.063     138.450     108.103
20151110     107.253     125.725     130.666      89.632
20151111     108.250     157.826     128.138     105.384
20151112     132.351     156.963     123.091     105.764
20151113     195.640     154.662     121.522     120.541
20151114     176.969     148.596     154.476     193.822
20151115     192.268     146.362     150.142     173.393
20151116     187.310     137.731     144.306     182.531
20151117     185.546     111.722     137.399     175.411
20151118     189.314     108.602     133.258     177.279
20151119     190.511     108.230     126.683     180.167
20151120     190.316     104.697     107.451     185.390
20151121     174.670     102.174     104.355     104.439
20151122     188.288      98.948     101.822     101.814
20151123     206.393      95.706      98.837      98.929
20151124     203.752      93.377      96.194      96.212
20151125     218.876      92.131      94.630      94.634
20151126     223.016      90.430      91.853      91.804
20151127     230.238      92.351      91.251      91.288
20151128     243.372      89.702      91.346      91.531
20151129     259.394      88.126      89.916      89.917
20151130     242.405      88.349      89.066      89.079
20151201     253.868      93.485      90.083      90.266
20151202     252.614      92.227      91.215      91.572
20151203     237.330      89.826      92.150      92.404
20151204     240.855      87.228      89.513      89.552
20151205     253.986      85.855      87.301      87.384
20151206     253.797     100.386      88.889      88.954
20151207     253.397      95.474      94.748      95.620
20151208     245.720      92.961      94.518      94.715
20151209     241.209      91.859      93.206      93.292
20151210     240.343     103.017      94.805      94.960
20151211     234.067      95.221      97.209      97.942
20151212     227.226      93.525      95.665      95.738
20151213     231.527      91.488      93.150      93.323
20151214     228.262      88.781      90.200      90.157
20151215     229.106      87.590      89.534      89.633
20151216     229.387      93.357      89.758      89.877
20151217     226.518      89.465      90.182      90.630
20151218     221.604      86.554      88.716      88.866
20151219     224.916      89.862      89.839      89.862
20151220     221.340      86.650      90.283      90.797
20151221     220.975      87.020   -9999.000   -9999.000
20151222     215.168      82.982   -9999.000   -9999.000
20151223     212.890      80.253      83.057      83.052
20151224     213.040      78.312      81.230      81.194
20151225     217.317      76.690      78.403      78.524
20151226     220.155      86.067      82.637      82.675
20151227     209.759      85.010      84.246      84.836
20151228     201.641      81.427      82.853      83.143
20151229     199.676      78.075      80.791      80.922
20151230     200.905      76.263      78.242      78.182
20151231     200.219      73.947      76.178      76.232
20160101     199.786      72.924      74.201      74.212
20160102     194.045      70.372      72.518      72.606
20160103     191.939      68.573      70.414      70.473
20160104     189.077      67.973      68.821      68.825
20160105     187.441      67.115      67.581      67.606
20160106     188.790      67.757      67.220      67.324
20160107     187.079      65.735      66.810      66.867
20160108     186.292      66.277      65.912      65.962
20160109     184.144      68.663      66.027      66.102
20160110     180.480      66.431      67.337      67.622
20160111     177.574      65.668      66.142      66.134
20160112     175.448      64.558      64.706      64.813
20160113     172.100      62.865      64.110      64.188
20160114     171.421      61.743      62.837      62.888
20160115     171.296      65.741      62.826      62.832
20160116     170.637      64.941      64.368      64.637
20160117     169.803      67.469      65.088      65.244
20160118     169.040      65.665      65.543      65.815
20160119  -10000.000      63.058      64.908      65.040
20160120  -10000.000      61.644      62.928      62.997
20160121     163.576      59.791      61.426      61.512
20160122     162.806      58.651      59.981      60.058
20160123     161.581      63.335      60.010      60.125
20160124     159.679      60.369      61.124      61.391
20160125     157.849      59.773      61.123      61.241
20160126     157.379      59.919      59.725      59.826
20160127     157.669      73.556      64.075      64.232
20160128     157.781      69.800      68.299      69.250
20160129     157.732      65.318      67.914      68.178
20160130     158.233      64.825      65.702      65.734
20160131     158.933      64.474      65.261      65.361
20160201     159.638      66.669      64.491      64.686
20160202     160.583      64.995      65.226      65.444
20160203     160.543      62.121      63.901      64.118
20160204     159.724      59.935      61.919      61.995
20160205     159.207      59.482      60.014      60.010
20160206     158.314      59.044      59.250      59.337
20160207     157.638      59.272      59.784      59.852
20160208     156.963      63.729      59.731      59.870
20160209     156.222      68.791      63.065      63.470
20160210     156.543      81.987      69.775      70.320
20160211     157.441      79.216      76.702      77.713
20160212     156.686      77.076      77.237      77.701
20160213     155.554      71.486      75.305      75.637
20160214     155.255      71.397      72.642      72.667
20160215     155.100      72.334      71.228      71.528
20160216     154.913      66.432      70.118      70.491
20160217     154.234      64.703      66.867      66.859
20160218     153.657      61.519      63.449      63.533
20160219     153.302      58.848      60.914      60.946
20160220     152.824      56.402      58.848      58.879
20160221     153.103      54.672      57.015      56.976
20160222     152.095      53.969      56.716      56.856
20160223     151.350      55.804      54.683      54.786
20160224     150.360      57.278      56.761      56.988
20160225     149.643      55.571      55.689      55.885
20160226     148.920      54.660      54.859      55.034
20160227     147.910      52.128      53.677      53.839
20160228     147.503      51.061      51.939      51.882
20160229     147.857      52.022      50.850      51.008
20160301     148.229      49.817      49.582      49.571
20160302     148.351      47.009      48.198      48.230
20160303     147.953      45.082      48.553      48.527
20160304     146.941      43.746      46.735      46.798
20160305     146.083      42.480      44.038      44.018
20160306     145.002      41.951      42.822      42.859
20160307     144.321      41.207      42.013      42.056
20160308     143.880      43.687      41.716      41.740
20160309     143.430      42.749      42.653      42.913
20160310     142.787      42.285      42.267      42.354
20160311     142.490      40.524      41.550      41.646
20160312     142.580      40.146      40.696      40.600
20160313     142.572      48.084      40.150      40.184
20160314     142.805      44.578      44.707      45.231
20160315     143.859      46.458      44.647      44.697
20160316     144.755      49.805      44.469      44.880
20160317     143.979      45.516      47.013      47.346
20160318     143.763      47.348      46.788      46.897
20160319     144.963      47.068      46.648      46.887
20160320     145.787      46.430      46.492      46.715
20160321     145.939      44.520      45.742      45.862
20160322     145.674      44.880      44.203      44.249
20160323   -9999.000   -9999.000      43.575      43.683
20160324     141.905      30.155   -9999.000   -9999.000
20160325     139.721      29.109   -9999.000   -9999.000
20160326     138.167      30.523   -9999.000   -9999.000
20160327     136.650      41.746      29.656      29.917
20160328     135.663      48.007      28.643      28.681
20160329     135.540      65.593      28.591      29.485
20160330     134.733      82.645      63.033      67.778
20160331     134.661      72.239      71.042      73.076
20160401     134.176      66.703      70.447      70.478
20160402     134.387      63.412      66.676      66.703
20160403     134.434      60.466      63.391      63.444
20160404     134.181      56.227      60.823      60.800
20160405     134.202      59.909      59.922      59.608
20160406     134.851      56.703      60.120      61.853
20160407     133.600      64.487      58.709      59.694
20160408     133.230      81.648      66.432      71.455
20160409     135.067      89.249      76.141      81.093
20160410     136.039      82.629      80.594      83.521
20160411     136.765      77.800      81.139      81.495
20160412     137.929      75.753      79.400      79.906
20160413     137.793      76.738      77.399      77.557
20160414     137.431      73.203      73.827      74.027
20160415     136.226      69.328      70.715      70.725
20160416     133.928      66.069      69.854      69.909
20160417     132.688      75.173      70.083      69.938
20160418     131.069      69.611      70.140      71.552
20160419     128.642      65.474      68.382      68.409
20160420     125.744      64.143      66.100      66.175
20160421     124.135      60.862      63.124      63.139
20160422     122.934      59.297      61.502      61.480
20160423     120.727      56.692      58.926      59.001
20160424     118.137      55.190      56.677      56.724
20160425     116.339      52.895      54.865      54.919
20160426     114.822      61.690      54.799      54.818
20160427     115.388      94.330      64.480      63.595
20160428     124.305     247.451      93.497      99.879
20160429     140.045     302.482     184.957     199.182
20160430     157.626     499.832     295.364     303.815
20160501     176.823     509.711     402.829     414.711
20160502     210.877     786.073     532.006     545.458
20160503     300.807     983.557     707.834     733.243
20160504     327.251    1214.878     939.774     984.030
20160505     364.112    1387.545    1145.283     457.282
20160506     595.425    1491.316    1347.512     471.601
20160507     740.302    1591.303    1429.854     658.471
20160508     776.755    1770.818    1600.285     901.040
20160509     928.622    1710.391    1688.577     863.851
20160510    1070.919    1592.704    1650.047     990.279
20160511    1074.764    1411.845    1532.413    1069.965
20160512     990.769    1351.497    1401.021    1055.621
20160513     923.616    1305.930    1358.753     954.319
20160514     874.070    1200.381    1285.266     934.844
20160515     814.963    1113.489    1198.802     885.081
20160516     740.126    1001.421    1104.012     781.100
20160517     665.563     891.583    1012.051     720.740
20160518     599.081     784.318     884.414     627.470
20160519     533.121     697.206     779.145     531.653
20160520     472.206     659.368     741.220     532.533
20160521     429.417     586.148     642.336     436.222
20160522     419.037     575.126     597.051     413.500
20160523     416.626     535.462     584.735     412.879
20160524     460.849     619.522     556.441     416.831
20160525     514.369     557.097     563.851     463.346
20160526     502.116     491.120     544.216     495.508
20160527     464.755     447.954     492.689     453.291
20160528     452.335     414.433     447.506     431.064
20160529     425.119     384.918     414.161     417.148
20160530     377.613     356.594     385.171     402.581
20160531     342.312     357.067     356.614     358.050
20160601     328.068     325.166     347.241     337.135
20160602     306.021     301.628     324.545     312.579
20160603     286.180     283.026     301.749     288.099
20160604     271.092     276.188     289.283     273.964
20160605     252.811     258.910     271.978     263.814
20160606     235.533     241.882     257.949     241.844
20160607     222.927     227.791     246.847     225.717
20160608     223.019     301.200     261.361     243.722
20160609     224.126     306.055     300.799     275.579
20160610     235.754     339.219     299.632     240.228
20160611     280.738     298.322     309.394     236.860
20160612     309.354     276.929     299.481     255.517
20160613     302.924     262.410     291.505     302.253
20160614     283.145     249.467     263.521     285.291
20160615     260.579     236.216     250.454     269.615
20160616     241.915     230.011     244.510     254.829
20160617     233.039     227.690     231.925     239.678
20160618     230.034     434.031     242.969     248.951
20160619     246.132     429.909     334.336     305.340
20160620     292.681     391.168     383.409     263.966
20160621     313.648     361.683     394.236     289.156
20160622     333.784     376.012     378.116     306.613
20160623     344.525     360.206     363.521     326.514
20160624     327.801     325.060     347.661     331.737
20160625     321.427     410.669     354.440     329.020
20160626     312.280     343.669     364.571     349.678
20160627     296.037     312.303     341.039     289.923
20160628     271.159     289.024     313.569     278.493
20160629     249.704     280.757     290.009     258.907
20160630     241.192     307.150     289.557     253.017
20160701     244.648     277.266     290.032     250.479
20160702     246.955     270.316     280.774     237.875
20160703     249.467     256.475     266.554     234.734
20160704     252.821     268.349     264.900     243.054
20160705     247.163     363.241     270.438     267.041
20160706     276.225     391.079     309.121     277.629
20160707     297.297     432.021     343.795     287.669
20160708     317.229     368.130     384.754     302.774
20160709     355.552     341.235     387.186     307.766
20160710     339.686     391.032     352.994     335.743
20160711     322.868     500.278     370.920     364.166
20160712     319.271     393.861     433.096     368.007
20160713     319.917     406.471     405.518     303.439
20160714     309.407     370.902     388.523     318.174
20160715     288.686     333.963     361.215     292.299
20160716     267.375     309.296     332.130     270.082
20160717     254.574     405.029     337.602     276.894
20160718     255.926     331.472     346.892     270.084
20160719     259.039     309.042     329.262     238.602
20160720     256.246     286.886     306.610     241.704
20160721     237.067     269.019     285.344     242.044
20160722     217.327     255.427     268.764     225.677
20160723     199.397     242.817     255.264     210.659
20160724     184.556     231.580     242.577     193.481
20160725     173.029     232.904     234.040     180.703
20160726     164.422     232.251     229.762     172.599
20160727     167.979     274.092     236.218     167.675
20160728     189.277     293.681     268.200     189.995
20160729     210.097     271.715     268.882     196.262
20160730     247.146     297.773     286.664     215.141
20160731     245.042     312.244     275.570     244.630
