date          Qobs       Qsimobs        Qsim       Qusi
20150801      24.371      20.124      22.932      24.824
20150802      24.082      32.392      20.332      22.659
20150803      22.799      26.506      29.234      26.960
20150804      23.314      26.461      26.659      21.788
20150805      36.319      38.494      28.344      22.479
20150806      35.455      30.003      34.260      36.855
20150807      37.286      32.313      29.866      31.070
20150808      37.257      28.981      29.042      32.907
20150809      31.066      24.479      27.796      33.864
20150810      28.222      22.237      24.726      28.323
20150811      32.430      25.672      21.805      24.095
20150812      37.848      25.988      23.501      28.529
20150813      31.078      19.140      24.356      35.853
20150814      22.187      18.864      20.794      27.358
20150815      27.964      22.454      19.873      20.942
20150816      48.235      29.236      25.833      31.863
20150817      54.873      29.652      26.992      45.076
20150818      46.299      24.835      27.477      51.101
20150819      39.065      22.593      24.632      42.173
20150820      35.804      21.087      22.405      34.218
20150821      32.739      19.291      20.799      32.892
20150822      31.324      18.566      19.063      28.686
20150823      29.013      15.960      18.272      29.067
20150824      26.533      15.755      16.320      25.956
20150825      31.309      16.166      15.484      24.202
20150826      38.751      23.305      17.164      30.527
20150827      40.673      23.923      22.834      43.313
20150828      38.047      29.425      24.304      41.114
20150829      37.848      26.522      26.392      38.683
20150830      35.176      32.711      28.762      38.597
20150831      27.866      23.438      27.931      32.855
20150901      20.898      18.122      22.478      23.242
20150902      19.490      18.659      20.091      19.346
20150903      23.209      15.194      17.558      16.885
20150904      21.339      13.023      14.916      19.917
20150905      17.809      13.195      13.180      19.407
20150906      14.466      10.614      12.358      15.874
20150907      11.302       9.200      10.597      12.398
20150908       9.161       7.929       9.224      10.226
20150909       7.936       7.006       8.073       8.364
20150910       7.219       6.532       7.302       7.348
20150911       6.746       5.860       6.398       6.514
20150912       6.815       5.589       5.822       5.890
20150913      10.122       7.131       5.567       6.428
20150914      18.004       7.981      18.716      13.797
20150915      22.769       7.086      15.507      15.139
20150916      26.348      10.969       8.989      27.071
20150917      21.529       7.983      10.385      32.063
20150918      18.742       9.221       9.110      22.508
20150919      16.406       7.878       8.846      19.639
20150920      13.955       6.802       7.997      15.764
20150921      11.176       5.903       6.399      12.497
20150922       8.794       5.013       5.524       9.687
20150923       7.318       5.697       5.330       8.494
20150924       6.860       4.703       5.309       6.922
20150925      12.277      15.836       5.400       7.280
20150926      16.609      14.913      12.302      15.255
20150927      14.315      11.442      13.621      17.124
20150928      11.072       9.652      11.625      12.784
20150929       8.663       8.183       9.754       9.966
20150930       6.951       4.247       8.273       7.640
20151001       6.039       3.902       7.014       5.839
20151002       5.622       3.595       6.090       5.322
20151003       5.519       3.392       3.516       5.210
20151004       5.318       4.138       3.259       5.122
20151005       4.927       3.554       2.883       4.886
20151006       4.414       3.256       2.441       4.347
20151007       4.079       4.305       3.211       4.178
20151008       4.040       5.145       4.111       5.200
20151009       4.283       5.023       4.624       4.184
20151010       4.153       3.920       4.524       3.999
20151011       3.861       3.233       3.871       3.582
20151012       3.533       4.129       3.226       3.261
20151013       3.226       3.412       2.842       3.109
20151014       2.924       1.978       2.417       2.804
20151015       2.654       1.687       2.835       2.499
20151016       2.410       1.453       2.435       2.322
20151017       2.191       1.253       1.515       2.199
20151018       2.012       1.181       1.301       2.032
20151019       1.844       1.131       1.181       1.936
20151020       1.706       1.106       1.135       1.786
20151021       1.632       1.512       1.226       1.946
20151022       2.325       6.491       2.650       3.042
20151023      10.955      31.799       6.469       3.899
20151024      12.465      15.460      19.535      13.928
20151025      12.546      21.709      15.406      11.033
20151026      12.001      16.284      18.461      12.552
20151027      10.524      13.447      16.061      10.704
20151028       8.343       9.771      13.310       9.155
20151029       6.511       7.971      10.870       7.258
20151030       5.403       6.584       9.376       6.018
20151031       5.851       8.476       8.760       5.880
20151101       8.568      11.454       7.984       5.567
20151102       8.797       8.718   -9999.000   -9999.000
20151103       7.701       7.243       8.705       7.535
20151104       6.812       6.598       7.161       6.792
20151105       6.128       5.780       6.074       6.034
20151106       5.537       5.076       5.273       5.355
20151107       6.935       6.004       6.476       6.216
20151108       9.502      12.687       6.021       5.369
20151109      12.612      25.263       5.596       6.632
20151110      13.520      38.548      20.531      16.825
20151111      13.533      34.837      28.935      16.953
20151112      14.278      36.434      28.750      13.747
20151113      14.603      36.386      29.730      12.412
20151114      12.673      24.094      30.236      13.268
20151115      11.126      32.671      22.658       9.562
20151116       9.459      20.872      27.070      10.147
20151117       8.932      17.943      18.338       7.761
20151118       7.912      19.132      18.713       8.544
20151119       6.668      12.624      18.825       6.309
20151120       5.606      10.114      12.303       5.764
20151121       4.718       8.297      10.114       5.124
20151122       3.987       6.828       8.296       4.239
20151123       3.477       5.652       6.829       3.588
20151124       3.185       4.721       5.663       3.151
20151125       2.997       3.999       4.721       2.827
20151126       2.799       3.352       4.015       2.702
20151127       4.855       4.063       3.702       3.285
20151128      13.087      16.028       2.995       3.296
20151129      13.642       9.172      10.159      16.008
20151130      11.707       7.688       9.187      11.279
20151201       9.687       8.580       7.650       9.798
20151202       8.298       6.584       7.237      10.387
20151203      10.266      12.963       6.487       7.069
20151204       9.980      11.239       8.745       9.881
20151205      15.511      44.280      11.590      14.689
20151206      28.074      81.398      28.645      21.563
20151207      21.433      66.277      56.671      34.299
20151208      14.947      38.092      55.419      21.419
20151209      17.082      56.447      37.542      12.131
20151210      18.467      73.792      44.089      16.364
20151211      15.199      54.264      57.793      19.483
20151212      10.849      32.596      48.548      12.966
20151213       7.871      22.016      32.289       7.860
20151214       6.065      17.953      22.010       5.638
20151215       5.050      14.683      17.953       4.882
20151216       4.309      12.036      14.718       4.391
20151217       4.146      10.021      13.831       4.548
20151218       9.848      14.433      11.701       4.285
20151219      24.430      17.072      19.011      10.916
20151220      50.495      62.903      20.513      31.133
20151221      55.340      81.847   -9999.000   -9999.000
20151222      38.509      69.576   -9999.000   -9999.000
20151223      27.745      63.443      59.096      35.622
20151224      19.987      56.670      54.522      28.286
20151225      17.165      70.796      48.419      16.241
20151226      12.376      39.296      56.536      15.941
20151227       8.766      24.435      38.527       9.037
20151228       6.378      19.952      24.435       5.893
20151229       5.378      16.335      19.951       5.348
20151230       4.663      15.649      16.422       4.974
20151231       4.648      19.774      15.019       5.005
20160101       4.634      18.936      17.256       4.733
20160102       4.231      14.472      17.120       4.091
20160103       3.448      11.828      14.349       3.390
20160104       3.112       9.795      11.828       3.356
20160105       2.959       8.158       9.795       2.884
20160106       2.804       6.838       8.158       2.795
20160107       2.618       5.751       6.838       2.551
20160108       2.412       4.897       5.774       2.441
20160109       2.252       4.207       4.916       2.216
20160110       2.103       3.655       4.208       2.069
20160111       1.952       3.217       3.656       1.894
20160112       1.855       2.796       3.204       1.790
20160113       1.771       2.509       2.844       1.682
20160114       1.711       2.289       2.554       1.610
20160115       1.669       2.125       2.287       1.590
20160116       1.614       2.026       2.128       1.566
20160117       1.529       1.983       2.024       1.530
20160118       1.445       1.967       1.984       1.508
20160119       1.392       1.951       1.968       1.434
20160120       1.331       1.935       1.951       1.421
20160121       1.261       1.918       1.934       1.353
20160122       1.198       1.903       1.919       1.288
20160123       1.173       1.917       1.954       2.050
20160124       1.187       2.489       2.660       2.340
20160125       1.218       4.672       3.232       1.930
20160126       2.143      14.328       3.974       1.498
20160127       4.111      17.559      10.410       2.897
20160128       5.410      14.239      15.221       4.026
20160129       5.723      16.910      12.997       5.110
20160130       6.364      43.382      14.950       5.108
20160131       5.725      20.494      29.094       7.463
20160201       5.048      15.511      19.870       4.530
20160202       4.978      15.600      15.558       4.058
20160203       4.516      13.481      14.920       4.120
20160204       4.096       9.981      12.930       4.300
20160205       3.745       8.297       9.969       3.571
20160206       3.590       7.057       8.315       3.692
20160207       3.779       7.439       7.052       3.306
20160208       4.093       8.284       7.026       3.617
20160209       4.118       7.384       7.574       4.163
20160210       4.021       5.712       6.968       3.695
20160211       3.755       4.880       5.690       3.609
20160212       3.444       4.226       4.880       3.349
20160213       3.123       3.696       4.225       3.027
20160214       2.815       3.267       3.696       2.851
20160215       2.534       2.914       3.267       2.522
20160216       2.285       2.655       2.914       2.278
20160217       2.088       2.442       2.658       2.100
20160218       1.915       2.305       2.476       2.000
20160219       1.775       2.195       2.337       1.868
20160220       1.799       2.257       2.206       1.776
20160221       2.010       2.241       2.226       1.817
20160222       2.115       2.216       2.241       1.978
20160223       2.113       2.281       2.213       2.135
20160224       2.072       2.301       2.239       2.096
20160225       2.022       2.180       2.259       2.079
20160226       1.953       2.116       2.186       2.000
20160227       1.874       2.062       2.116       1.924
20160228       1.780       2.017       2.063       1.864
20160229       1.685       1.977       2.017       1.772
20160301       1.571       1.942       1.977       1.686
20160302       1.451       1.927       1.949       1.579
20160303       1.351       1.893       1.933       1.443
20160304       1.266       1.875       1.893       1.378
20160305       1.230       1.860       1.876       1.263
20160306       1.208       1.844       1.860       1.252
20160307       1.174       1.829       1.846       1.229
20160308       1.145       1.814       1.829       1.203
20160309       1.112       1.800       1.814       1.163
20160310       1.066       1.786       1.801       1.109
20160311       1.024       1.772       1.786       1.089
20160312       0.986       1.757       1.771       1.046
20160313       0.956       1.750       1.759       1.042
20160314       0.922       1.874       2.017       1.137
20160315       0.906       2.156       2.767       1.363
20160316       0.924       2.470       3.326       1.457
20160317       0.982       2.637       3.140       1.108
20160318       1.070       3.396       2.590       1.005
20160319       1.136       2.656       2.956       1.212
20160320       1.168       2.416       2.657       1.095
20160321       1.184       2.220       2.417       1.133
20160322       1.186       2.325       2.223       1.180
20160323   -9999.000   -9999.000       2.246       1.226
20160324       1.117       2.521   -9999.000   -9999.000
20160325       1.106       2.312   -9999.000   -9999.000
20160326       1.076       2.165   -9999.000   -9999.000
20160327       1.404       5.563       2.479       1.329
20160328       1.825       5.624       4.764       1.626
20160329       2.116       6.946       4.991       2.205
20160330       2.196       5.104       5.775       2.323
20160331       2.100       4.280       5.035       2.037
20160401       1.940       3.664       4.278       1.880
20160402       1.829       3.205       3.670       1.759
20160403       1.766       2.819       3.270       1.740
20160404       1.794       2.930       2.899       1.672
20160405       2.226       4.520       3.396       2.108
20160406       2.945       4.672       4.155       2.570
20160407       3.316       3.767       4.279       2.941
20160408       3.337       3.320       3.773       2.975
20160409       3.159       2.870       3.270       3.010
20160410       2.905       2.531       2.857       2.764
20160411       2.703       2.465       2.531       2.625
20160412       2.523       2.192       2.349       2.474
20160413       2.408       1.986       2.130       2.319
20160414       2.300       2.307       2.138       2.499
20160415       2.370       2.398       2.240       2.607
20160416       2.297       2.019       2.289       2.308
20160417       2.200       1.900       2.019       2.088
20160418       2.292       2.150       1.906       2.149
20160419       2.427       1.894       2.054       2.508
20160420       2.323       2.102       1.906       2.490
20160421       2.266       2.443       1.995       2.812
20160422       2.245       2.219       2.268       2.517
20160423       2.126       1.974       2.172       2.163
20160424       1.992       1.821       1.978       2.007
20160425       1.858       1.701       1.821       1.900
20160426       1.730       1.616       1.702       1.762
20160427       1.623       1.572       1.609       1.648
20160428       1.533       1.504       1.563       1.579
20160429       1.478       1.448       1.506       1.531
20160430       1.441       1.590       1.447       1.444
20160501       1.429       1.746       1.510       1.532
20160502       1.447       2.230       1.639       1.597
20160503       2.061       3.177       2.466       2.322
20160504       2.698       2.925       2.918       2.163
20160505       3.143       4.730       2.857       2.792
20160506       3.843       6.363       4.198       4.021
20160507       4.761       9.663       6.240       5.151
20160508       8.882      14.453       9.913       6.497
20160509      14.076      19.377      14.280      11.000
20160510      16.404      22.197      18.033      16.840
20160511      17.618      26.434      22.057      18.291
20160512      18.627      28.894      23.555      17.843
20160513      17.989      26.288      25.181      17.864
20160514      14.726      17.709      22.227      15.036
20160515      11.607      14.860      17.452      12.110
20160516       9.685      12.880      14.616       9.994
20160517       8.798      12.590      12.520       8.732
20160518       8.571      11.824      11.855       8.518
20160519      12.011      12.829      12.676       9.384
20160520      16.948      15.760      12.726      11.292
20160521      22.271      19.160      13.828      16.867
20160522      26.534      22.037      15.939      22.616
20160523      31.514      24.523      20.180      25.367
20160524      30.721      22.914      22.739      30.860
20160525      29.898      23.250      21.365      28.235
20160526      27.212      21.997      21.437      27.376
20160527      24.750      21.334      21.292      25.442
20160528      24.475      23.207      21.277      23.611
20160529      24.382      24.804      21.941      23.523
20160530      30.825      22.689      22.434      22.948
20160531      49.448      27.785      25.410      30.326
20160601      58.818      29.544      26.254      46.687
20160602      57.367      26.056      28.191      53.198
20160603      57.292      26.061      26.615      51.915
20160604      52.469      27.540      25.862      52.951
20160605      47.667      26.095      26.134      50.055
20160606      43.360      24.380      25.404      44.272
20160607      39.581      22.457      23.714      39.023
20160608      36.750      20.262      21.482      34.672
20160609      31.370      17.422      18.998      31.302
20160610      26.050      14.744      16.519      27.435
20160611      21.434      12.471      14.197      21.602
20160612      18.686      11.214      12.081      18.474
20160613      17.507      11.418      11.153      17.030
20160614      17.400      11.322      10.899      16.872
20160615      18.486      11.410      11.022      16.555
20160616      22.654       9.951      10.831      17.367
20160617      25.902       9.621      10.006      20.550
20160618      26.592       9.381       9.832      24.032
20160619      27.148       8.510       8.924      23.194
20160620      24.772       6.950       8.041      24.931
20160621      28.734      15.749       8.991      27.690
20160622      27.879      10.555      12.389      31.575
20160623      26.443       9.942      10.533      24.686
20160624      29.114       9.721       9.958      24.562
20160625      40.339      15.455      10.535      27.965
20160626      39.894      12.219      13.380      41.561
20160627      43.346      12.968      12.702      37.937
20160628      40.316      12.805      12.590      41.728
20160629      31.026      10.035      11.731      37.551
20160630      29.718      11.284      10.893      30.035
20160701      32.176      10.838      11.498      30.829
20160702      33.168      14.115      11.275      33.587
20160703      30.564      15.527      13.320      37.075
20160704      24.788      11.956      13.547      28.578
20160705      20.728      10.492      11.668      21.201
20160706      17.586       8.803      10.429      19.011
20160707      15.220       7.391       8.717      15.493
20160708      14.158       6.858       7.604      13.747
20160709      14.350       6.620       7.145      13.601
20160710      15.093       5.753       6.337      13.275
20160711      21.383      12.661       6.705      14.948
20160712      27.562      11.895      10.868      23.257
20160713      26.129      10.598      10.620      24.202
20160714      23.197       9.201      10.360      23.829
20160715      21.389       7.842       9.090      19.090
20160716      20.854       8.522       8.109      18.324
20160717      25.594      10.188       9.628      20.900
20160718      25.655       9.004       9.529      23.885
20160719      21.505       7.252       8.514      21.811
20160720      18.945       8.225       7.424      17.471
20160721      19.868       6.649       7.624      18.197
20160722      25.073       5.933       6.777      16.151
20160723      25.966       5.191       6.060      19.838
20160724      23.210       4.485       5.136      23.023
20160725      20.664       4.249       4.795      19.608
20160726      22.693       7.761       4.731      19.716
20160727      25.950       7.275       6.888      24.155
20160728      31.729      12.219       8.139      27.311
20160729      32.029      11.095      11.322      35.015
20160730      30.249      12.371      11.264      29.298
20160731      24.938      11.412      11.225      27.700
