date          Qobs       Qsimobs        Qsim       Qusi
20150801       2.647       1.887       2.765       3.059
20150802       2.439       2.027       1.909       2.437
20150803       2.956       6.464       2.805       2.768
20150804       2.553       2.306       4.714       3.425
20150805       4.027       4.117       2.488       1.914
20150806       6.903      23.332       8.792       8.176
20150807       4.158       6.335      14.292       8.777
20150808       3.412       5.125       8.026       5.315
20150809       2.734       3.687       6.358       4.362
20150810       2.222       2.687       2.729       1.979
20150811       2.028       2.686       2.599       1.956
20150812       2.403       2.794       2.578       1.871
20150813       1.989       1.869       2.723       2.115
20150814       1.551       1.703       2.047       1.936
20150815       1.351       1.827       1.839       1.620
20150816       1.265       1.928       1.841       1.530
20150817       1.176       1.704       1.919       1.430
20150818       1.028       1.490       1.721       1.152
20150819       0.857       1.378       1.514       1.064
20150820       0.760       1.299       1.379       0.933
20150821       0.692       1.222       1.295       0.824
20150822       0.651       1.177       1.228       0.774
20150823       0.631       1.098       1.187       0.734
20150824       0.609       1.006       1.102       0.686
20150825       0.605       0.940       1.007       0.634
20150826       0.794       0.905       0.920       0.616
20150827       1.095       1.062       0.912       0.810
20150828       7.164      21.493       8.989       8.846
20150829       4.209       6.641      13.474       9.203
20150830       2.495       2.153       6.689       4.341
20150831       2.428       3.129       4.058       2.309
20150901       2.831       1.153       3.359       2.205
20150902       1.933       0.975       1.196       1.594
20150903       1.477       0.956       1.082       1.615
20150904       1.372       0.895       0.938       1.246
20150905       2.445       4.579       1.275       1.706
20150906       4.687       4.778       4.588       3.293
20150907       4.078       3.257       3.149       3.492
20150908       3.706       1.236       2.054       2.329
20150909       2.557       1.129       1.391       1.915
20150910       1.947       1.029       1.171       2.071
20150911       1.338       0.983       0.993       1.769
20150912       1.067       0.956       0.982       1.179
20150913       0.910       0.903       0.940       1.013
20150914       0.802       0.871       0.899       0.918
20150915       0.719       0.827       0.858       0.754
20150916       0.663       0.792       0.825       0.676
20150917       0.611       0.750       0.787       0.672
20150918       0.944       1.460       1.187       0.900
20150919       5.331      10.464       2.843       1.910
20150920       6.351       6.750       9.172       6.632
20150921       4.027       1.746       8.020       5.793
20150922       2.786       1.036       1.552       1.522
20150923       1.917       1.017       1.085       1.825
20150924       1.511       0.936       0.975       1.628
20150925       2.071       4.576       2.786       4.112
20150926       4.557       7.869       5.135       2.839
20150927       3.326       2.741       5.388       4.447
20150928       2.467       1.177       2.274       1.711
20150929       1.834       1.048       1.182       1.285
20150930       1.878       1.287       1.118       1.735
20151001       4.237       7.189       2.037       2.086
20151002       6.937       4.228       6.246       4.192
20151003       8.996       9.724       5.642       4.624
20151004       5.433       3.722       7.068       7.566
20151005       4.181       2.225       4.288       3.685
20151006       2.814       1.488       1.729       1.902
20151007       1.964       1.295       1.478       2.145
20151008       1.480       1.144       1.289       1.764
20151009       1.256       1.095       1.168       1.382
20151010       1.115       1.041       1.089       1.140
20151011       0.988       0.982       1.035       1.106
20151012       0.889       0.932       0.982       0.998
20151013       0.811       0.883       0.931       0.863
20151014       0.733       0.836       0.882       0.768
20151015       0.671       0.791       0.836       0.748
20151016       0.629       0.751       0.792       0.678
20151017       0.584       0.711       0.750       0.638
20151018       0.639       0.678       0.711       0.586
20151019       0.583       0.639       0.675       0.674
20151020       0.491       0.605       0.640       0.600
20151021       0.494       0.573       0.617       0.503
20151022       0.747       1.781       1.152       0.910
20151023       5.591       9.684       4.153       2.119
20151024       2.934       3.764       6.041       5.506
20151025       2.625       2.992       3.656       2.312
20151026       2.555       2.800       3.587       2.356
20151027       3.835       7.107       3.333       2.693
20151028       2.789       1.801       5.837       3.995
20151029       1.871       0.982       2.079       1.320
20151030       1.406       0.993       1.256       1.364
20151031       1.334       1.224       1.457       1.800
20151101       1.252       1.773       1.743       1.855
20151102       1.175       1.567   -9999.000   -9999.000
20151103       1.004       1.079       1.515       1.086
20151104       1.945       5.289       2.688       2.233
20151105       1.756       1.072       3.139       1.076
20151106       1.406       1.009       1.130       0.863
20151107       1.215       1.310       1.203       1.676
20151108       1.126       1.140       1.464       1.278
20151109       1.092       0.992       1.095       1.033
20151110       1.258       1.420       1.312       1.375
20151111       2.545       5.786       2.457       2.080
20151112       1.612       2.144       4.512       3.418
20151113       1.141       1.073       1.641       1.163
20151114       0.678       1.253       1.070       0.718
20151115       0.844       2.215       1.102       0.601
20151116       0.755       1.116       1.741       1.037
20151117       0.545       1.401       1.192       0.486
20151118       0.562       1.006       1.216       0.630
20151119       0.489       0.953       0.999       0.542
20151120       0.476       1.005       1.058       0.555
20151121       0.509       1.140       0.980       0.494
20151122       0.613       0.823       0.876       0.406
20151123       0.524       1.126       1.338       1.495
20151124       0.536       1.399       0.818       0.477
20151125       0.479       1.334       0.985       0.492
20151126       0.486       0.912       3.116       1.825
20151127       8.744       9.011       5.616       3.011
20151128       6.733      11.251       6.090       7.316
20151129       3.960       2.964       7.482       6.734
20151130       3.601       1.051       2.964       2.162
20151201       3.378       1.567       1.284       1.443
20151202       3.067       1.062       3.720       7.120
20151203       2.952       2.348       1.013       2.276
20151204       2.530       0.904       1.658       2.777
20151205       2.357       0.971       1.204       1.861
20151206       1.931       3.380       1.415       3.540
20151207       1.565       4.724       2.669       2.654
20151208       1.166       1.654       6.159       3.114
20151209       2.490       6.579       1.776       0.826
20151210       2.136       4.872       4.086       2.942
20151211       1.478       3.690       3.566       1.809
20151212       1.088       2.241       2.844       1.498
20151213       0.970       1.065       1.568       0.728
20151214       0.905       0.934       1.026       0.699
20151215       0.890       0.941       1.017       0.934
20151216       0.680       0.811       0.904       0.916
20151217       0.782       0.769       3.311       2.375
20151218       1.962       5.827       1.759       1.306
20151219       6.261       9.710       9.683       5.293
20151220       5.675       8.616      12.546       9.389
20151221       5.856      10.721   -9999.000   -9999.000
20151222       3.390       5.876   -9999.000   -9999.000
20151223       2.456       2.828       5.013       2.988
20151224       1.679       2.135       3.203       1.886
20151225       1.299       6.415       1.730       1.228
20151226       0.810       2.558       4.936       1.992
20151227       1.643       1.177       1.847       0.456
20151228       2.765       1.012       1.256       1.137
20151229       3.027       0.950       1.667       3.131
20151230       1.916       3.638       1.813       4.569
20151231       1.321       9.519       2.184       2.980
20160101       1.095       5.324       6.790       1.899
20160102       0.903       2.440       4.314       1.119
20160103       0.680       1.088       2.141       0.629
20160104       0.609       1.030       1.086       0.420
20160105       0.803       0.976       1.030       0.639
20160106       0.787       0.927       0.977       0.744
20160107       0.672       0.887       0.928       0.780
20160108       0.464       0.834       0.880       0.742
20160109       0.629       0.792       0.834       0.489
20160110       0.527       0.750       0.791       0.696
20160111       0.576       0.712       0.751       0.567
20160112       0.701       0.674       0.712       0.569
20160113       0.548       0.640       0.676       0.581
20160114       0.420       0.607       0.641       0.587
20160115       0.446       0.581       0.607       0.462
20160116       0.797       0.578       0.576       0.412
20160117       1.038       0.576       0.585       0.676
20160118       0.810       1.463       1.068       1.656
20160119       0.648       0.699       0.800       0.557
20160120       0.550       0.667       0.685       0.690
20160121       0.541       0.580       0.736       0.732
20160122       0.650       0.824       0.481       0.440
20160123       1.956       0.421       0.440       0.571
20160124       2.361       0.878       0.666       1.065
20160125       1.412       1.146       3.023       6.299
20160126       3.512       9.083       0.984       1.526
20160127       5.085       5.111       4.357       2.191
20160128       4.804       1.705       3.656       3.483
20160129       4.747       0.658       1.504       1.728
20160130       2.451       7.228       0.851       2.478
20160131       1.273       1.851       4.288       3.446
20160201       1.287       0.712       1.630       0.735
20160202       1.492       0.907       0.804       0.596
20160203       1.571       0.761       0.982       1.608
20160204       1.381       1.287       1.437       2.547
20160205       0.910       1.519       1.121       1.444
20160206       0.973       0.701       0.673       0.518
20160207       1.503       0.835       0.938       0.996
20160208       1.344       4.252       0.715       1.468
20160209       1.087       2.234       2.054       1.620
20160210       0.861       0.693       1.599       0.778
20160211       0.749       0.850       0.863       0.564
20160212       0.719       0.859       0.898       0.784
20160213       0.661       0.585       0.627       0.527
20160214       0.569       0.513       0.568       0.564
20160215       0.500       0.578       0.561       0.643
20160216       0.474       0.767       0.577       0.459
20160217       0.433       0.446       0.480       0.350
20160218       0.397       0.722       0.443       0.454
20160219       0.369       0.403       0.448       0.356
20160220       0.303       0.379       0.403       0.374
20160221       0.276       0.370       0.430       0.406
20160222       0.290       0.345       0.390       0.302
20160223       0.278       0.333       0.347       0.304
20160224       0.282       0.932       0.904       0.777
20160225       0.321       0.930       0.655       0.238
20160226       0.480       1.122       0.854       0.339
20160227       0.753       0.742       0.795       0.395
20160228       0.906       0.951       0.849       0.758
20160229       0.933       0.464       0.554       0.447
20160301       0.765       0.282       0.324       0.583
20160302       0.510       0.247       0.283       0.618
20160303       0.470       0.225       0.252       0.418
20160304       0.398       0.221       0.293       0.539
20160305       0.344       0.412       0.387       0.647
20160306       0.301       0.190       0.225       0.179
20160307       0.266       0.176       0.193       0.230
20160308       0.240       0.190       0.251       0.354
20160309       0.215       0.152       0.166       0.186
20160310       0.197       0.142       0.155       0.208
20160311       0.183       0.134       0.144       0.200
20160312       0.173       0.127       0.134       0.190
20160313       0.169       0.184       0.170       0.239
20160314       1.194       3.960       2.581       3.013
20160315       9.250       3.366       3.527       1.232
20160316       5.280       2.557       3.117      11.009
20160317       4.188       2.488       2.692       5.288
20160318       3.624       2.396       1.822       2.544
20160319       2.651       0.851       1.747       2.425
20160320       2.427       1.148       1.336       2.250
20160321       2.079       0.794       0.815       1.517
20160322       1.843       0.504       0.507       1.226
20160323   -9999.000   -9999.000       0.682       2.155
20160324       1.302       0.380   -9999.000   -9999.000
20160325       1.108       0.669   -9999.000   -9999.000
20160326       0.960       0.787   -9999.000   -9999.000
20160327       1.199       7.461       2.293       3.380
20160328       2.238      11.917       5.612       2.022
20160329       2.616      12.966       9.538       3.694
20160330       2.163       7.702       9.007       3.606
20160331       1.476       2.307       5.941       1.590
20160401       1.031       1.024       2.487       0.936
20160402       0.805       1.228       0.902       0.520
20160403       0.735       2.255       1.383       1.484
20160404       0.784       6.559       2.601       1.587
20160405       1.055       6.964       6.145       1.511
20160406       1.879       5.801       6.527       1.985
20160407       2.300       6.396       5.639       2.598
20160408       1.835       2.133       4.656       2.453
20160409       1.348       0.984       1.981       1.101
20160410       1.165       0.910       0.973       0.778
20160411       0.976       0.937       0.910       1.136
20160412       0.883       1.369       0.889       0.994
20160413       0.822       1.179       0.916       0.882
20160414       0.808       0.867       0.951       0.720
20160415       0.678       0.935       0.971       0.996
20160416       0.669       0.890       0.989       0.760
20160417       0.690       0.823       0.830       0.686
20160418       0.752       2.331       0.892       1.113
20160419       1.075       2.614       2.101       2.235
20160420       1.337       1.610       2.038       1.420
20160421       1.323       2.805       1.454       1.337
20160422       1.122       1.786       1.951       1.388
20160423       0.897       1.018       1.456       0.894
20160424       0.775       0.865       1.036       0.810
20160425       0.704       0.747       0.924       0.861
20160426       0.630       0.711       0.803       0.658
20160427       0.580       0.658       0.720       0.600
20160428       0.548       0.672       0.764       0.639
20160429       0.620       5.776       1.112       1.080
20160430       0.691       6.167       3.999       1.393
20160501       1.243       7.522       5.039       1.169
20160502       1.833       7.951       6.419       1.374
20160503       3.804      12.631       9.216       3.076
20160504       4.744       9.286      10.328       4.985
20160505       4.444      12.840      10.012       4.975
20160506       5.755      15.412      12.728       5.909
20160507       7.353      15.380      14.710       6.952
20160508      11.493      18.301      15.988       7.486
20160509      17.680      20.809      19.122      13.698
20160510      16.930      20.761      20.653      17.069
20160511      11.332       8.341      16.294      16.392
20160512       9.267      12.189      11.595       9.043
20160513       6.677       4.914       9.031       8.179
20160514       4.747       1.965       4.492       3.995
20160515       4.236       2.116       2.304       2.776
20160516       4.494       1.713       2.689       3.870
20160517       4.800       5.791       2.147       4.386
20160518       3.739       1.992       4.427       5.626
20160519       3.043       1.556       2.245       2.670
20160520       3.831       1.613       1.703       2.586
20160521       9.438      10.637       4.216       6.239
20160522      14.302      13.834       9.967      11.470
20160523      19.625      18.174      13.295      15.568
20160524      12.797       8.487      13.657      16.178
20160525      10.096       6.604       8.406       8.881
20160526       9.049       4.892       6.193       7.643
20160527      10.454       9.530       6.515       9.682
20160528      16.061      14.369      10.359      13.396
20160529      17.390      13.897      12.980      12.992
20160530      15.571      13.522      13.693      16.754
20160531      17.189      16.467      13.718      15.380
20160601      17.606      13.181      15.653      14.364
20160602      16.740      11.928      12.993      12.734
20160603      13.379      10.778      11.812      14.185
20160604       8.761       6.944       9.258      11.659
20160605       6.652       4.600       6.383       6.755
20160606       6.028       5.195       5.117       5.749
20160607       8.163       7.631       5.867       6.594
20160608       9.451       6.317       7.389       8.049
20160609       5.646       3.293       5.583       7.551
20160610       3.774       2.227       3.478       4.155
20160611       3.141       2.189       2.240       2.656
20160612       3.826       4.020       2.942       3.569
20160613       4.709       4.282       3.989       4.169
20160614       4.564       3.742       4.030       4.212
20160615       4.642       4.098       3.801       4.445
20160616       5.355       4.873       4.463       4.575
20160617       5.871       5.460       5.873       6.747
20160618       5.508       3.296       4.762       5.408
20160619       4.963       2.816       3.834       4.834
20160620       4.437       1.574       2.470       3.265
20160621       5.198       4.127       2.536       4.371
20160622       4.468       3.331       3.700       5.690
20160623       3.873       3.573       4.020       4.753
20160624       4.063       3.519       3.677       4.037
20160625       4.925       5.157       3.638       3.928
20160626       4.703       3.214       4.036       4.284
20160627       6.874       6.702       4.622       5.021
20160628       7.646      17.683       7.295       8.903
20160629       6.412       6.562      12.865       8.816
20160630       4.788       3.507       6.018       4.484
20160701       3.906       2.738       3.322       2.931
20160702       3.468       2.537       2.700       3.431
20160703       9.675      10.627       6.162       6.832
20160704       6.866       3.959       8.063       8.053
20160705       5.130       5.126       8.558       8.611
20160706       4.876       4.611       5.110       7.005
20160707       3.841       1.923       3.082       3.324
20160708       2.701       1.911       1.983       2.332
20160709       2.265       2.118       1.964       2.655
20160710       2.226       2.468       2.272       2.313
20160711       2.190       2.135       2.143       1.978
20160712       2.202       2.294       2.249       2.220
20160713       2.668       1.992       2.004       1.999
20160714       4.250       6.074       2.451       2.274
20160715       3.380       1.921       4.580       4.175
20160716       2.967       2.539       1.867       1.938
20160717       3.958       4.963       4.832       4.829
20160718       3.850       8.314       4.483       4.127
20160719       2.914       3.455       6.430       4.752
20160720       2.184       1.856       3.063       1.980
20160721       1.863       1.688       1.953       1.652
20160722       2.203       1.681       1.717       1.750
20160723       3.260       3.667       6.486       6.947
20160724       3.540       6.166       6.769       7.362
20160725       3.363       2.124       5.369       5.466
20160726       3.966       1.648       1.836       1.864
20160727       4.916       9.298       5.581       5.835
20160728       3.093       2.006       5.314       5.209
20160729       2.484       5.957       6.022       4.415
20160730       3.879       5.408       3.012       2.625
20160731       3.575       5.401       4.627       2.702
