date          Qobs       Qsimobs        Qsim       Qusi
20150801      23.226      20.414      22.878      26.591
20150802      28.078      18.535      20.642      21.931
20150803      32.316      39.481      20.476      22.736
20150804      26.009      26.493      28.957      34.478
20150805      72.634      42.219      30.851      27.431
20150806      55.199      34.027      38.178      63.718
20150807      44.713      27.998      31.323      45.476
20150808      40.098      25.432      29.715      37.787
20150809      31.827      23.166      25.410      33.869
20150810      28.798      20.439      23.028      27.316
20150811      30.414      17.943      20.810      25.779
20150812      31.244      19.578      18.412      23.677
20150813      22.970      16.560      18.246      27.590
20150814      19.653      15.427      16.606      22.008
20150815      26.655      14.838      15.472      18.209
20150816      19.875      14.220      14.785      28.755
20150817      21.039      13.573      14.157      18.024
20150818      19.068      12.928      13.544      19.729
20150819      16.282      12.382      12.926      18.017
20150820      15.275      11.827      12.353      15.592
20150821      14.639      11.326      11.787      14.259
20150822      14.163      10.817      11.309      13.505
20150823      13.755      10.314      10.812      13.596
20150824      12.962       9.871      10.309      13.187
20150825      13.220       9.690       9.855      12.449
20150826      26.168      12.369      11.239      14.083
20150827      32.930      17.355      11.237      22.696
20150828      32.875      32.292      17.184      36.510
20150829      22.215      19.493      21.664      33.572
20150830      17.655      17.136      19.531      20.672
20150831      15.043      15.465      17.469      15.777
20150901      13.587      12.632      16.593      15.123
20150902      12.688      11.765      12.751      11.797
20150903      17.048      11.681      13.845      13.582
20150904      14.492      10.744      11.399      15.572
20150905      16.684      19.595      10.937      14.000
20150906      16.970      14.284      17.961      17.996
20150907      14.901      13.119      13.909      15.849
20150908      13.773      11.334      12.841      13.899
20150909      12.505      10.875      11.654      12.530
20150910      11.563      10.332      10.946      11.541
20150911      10.752       9.851      10.106      11.079
20150912      10.180       9.358       9.814      10.312
20150913      10.397       9.153       9.489       9.918
20150914      11.215       8.907       9.176       9.965
20150915      11.474       8.575       8.796      10.625
20150916      16.575      10.311      13.141      17.044
20150917      16.297       8.561      11.616      15.380
20150918      22.145      13.122      11.021      15.968
20150919      16.872       9.782      10.969      21.422
20150920      14.446       9.355      10.614      16.590
20150921      13.171       8.827       9.360      12.720
20150922      13.181      10.785       9.073      12.592
20150923      12.737       8.768       9.414      12.010
20150924      12.102       8.683       8.798      11.837
20150925      19.924      14.571      10.757      15.402
20150926      15.558      11.641      11.420      18.030
20150927      12.825       9.497      10.205      13.673
20150928      11.598       8.899       9.448      11.450
20150929      10.879       8.567       8.961      11.017
20150930      10.083       6.591       8.580      10.503
20151001      10.143       6.350       8.478       9.864
20151002      10.262       6.391       8.212       9.664
20151003       9.699       6.518       7.053      10.774
20151004       9.062       7.631       6.192       8.842
20151005       8.648       7.389       6.033       8.454
20151006       8.019       7.078       5.814       8.043
20151007       6.758       6.806       7.075       7.283
20151008       6.888       6.547       6.806       6.666
20151009       7.145       6.488       6.627       6.373
20151010       7.017       6.261       6.443       7.028
20151011       6.737       6.055       6.203       6.526
20151012       6.578       5.776       5.972       6.514
20151013       6.309       5.549       5.745       6.370
20151014       5.830       5.333       5.563       6.117
20151015       5.304       5.131       5.350       5.653
20151016       5.547       4.936       5.131       4.907
20151017       4.920       4.749       4.936       5.452
20151018       5.036       4.569       4.749       4.681
20151019       4.762       4.397       4.569       4.627
20151020       4.219       4.230       4.397       4.569
20151021       4.462       4.076       4.250       3.947
20151022       5.501       5.207       4.960       5.505
20151023       7.846       7.780       5.907       6.862
20151024       6.152       4.957       5.165       6.880
20151025       5.604       5.832       5.357       6.273
20151026       3.942       5.416       5.598       5.629
20151027       5.132       5.272       5.161       3.804
20151028       4.216       4.884       5.166       5.175
20151029       3.302       4.703       4.984       4.126
20151030       3.588       4.528       4.845       3.702
20151031       4.548       4.361       4.588       3.593
20151101       5.032       4.230       4.622       4.522
20151102       4.805       4.439   -9999.000   -9999.000
20151103       5.124       4.246       4.446       4.815
20151104       4.719       4.151       4.151       4.930
20151105       4.128       3.946       4.090       4.565
20151106       4.034       3.769       3.959       4.072
20151107       4.438       4.497       4.437       4.925
20151108       4.373       4.938       4.027       3.984
20151109       3.099       4.927       4.348       5.168
20151110       3.199       4.200       4.733       3.706
20151111       3.058       4.191       4.824       3.808
20151112       2.820       3.981       4.735       3.474
20151113       2.359       3.797       3.927       2.985
20151114       1.901       3.671       3.801       2.496
20151115       2.193       3.631       4.059       2.196
20151116       1.744       3.411       3.588       2.167
20151117       1.857       3.655       4.254       2.123
20151118       2.119       3.332       3.371       1.800
20151119       2.908       3.043       3.164       2.089
20151120       6.279       2.957       3.487       2.987
20151121       9.956       2.947       3.109       5.351
20151122      11.651       2.743       2.846       7.778
20151123      14.960       2.663       3.416      11.477
20151124      11.683       2.799       2.807      10.305
20151125       7.656       2.490       2.609       9.070
20151126       5.502       2.397       2.649       7.995
20151127       3.085       4.722       3.356       3.836
20151128       3.247       8.137       4.425       4.304
20151129       2.476       4.800       6.314       6.282
20151130       2.605       3.692       4.815       4.814
20151201       3.196       5.319       4.163       4.163
20151202       3.007       5.338       4.585       4.583
20151203       2.047       4.064       3.876       3.872
20151204       2.442       3.975       3.740       3.738
20151205       1.878       3.576       3.751       3.860
20151206       1.535       3.572       4.828       4.828
20151207       1.517       4.843       4.898       4.907
20151208       1.692       3.015       3.125       3.275
20151209       1.562       6.621       3.007       3.006
20151210       1.482       5.258       5.176       5.174
20151211       1.464       4.275       5.578       5.650
20151212       1.507       3.972       4.598       4.595
20151213       2.067       3.870       3.795       3.790
20151214       3.468       3.149       3.390       3.389
20151215       5.389       3.400       3.385       3.385
20151216       5.775       2.926       3.027       3.026
20151217       6.139       3.028       3.003       3.048
20151218       2.176       5.313       3.143       3.139
20151219       1.670       5.449       5.554       6.773
20151220       2.283      17.461       5.606       6.431
20151221       2.895      20.388   -9999.000   -9999.000
20151222       2.420      17.927   -9999.000   -9999.000
20151223       2.096      14.259      17.321      17.277
20151224       1.810      12.767      14.361      14.471
20151225       1.710      14.189      13.018      13.019
20151226       1.916      13.714      15.023      14.766
20151227       4.190       8.944      10.599      10.594
20151228      10.451       7.526       8.794       8.793
20151229      12.779       6.510       7.451       7.451
20151230      13.290       6.353       6.534       6.533
20151231       8.348       6.746       6.075       6.074
20160101       4.652       5.936       6.166       6.290
20160102       2.969       5.580       5.913       5.910
20160103       2.681       5.452       5.580       5.579
20160104       7.892       5.139       5.330       5.331
20160105      17.163       4.975       5.139       5.139
20160106      21.789       4.811       4.954       4.953
20160107      20.040       4.604       4.775       4.774
20160108      16.803       4.437       4.603       4.604
20160109      14.606       4.301       4.438       4.437
20160110      12.357       4.159       4.310       4.310
20160111      10.996       4.509       4.409       4.408
20160112       8.609       3.973       4.145       4.144
20160113       7.166       3.917       3.986       3.986
20160114       6.518       3.587       3.706       3.706
20160115       5.722       3.480       3.568       3.568
20160116       4.999       3.356       3.436       3.436
20160117       4.570       3.381       3.360       3.360
20160118       4.493       4.288       4.098       4.098
20160119       4.269       3.199       3.562       3.559
20160120       3.606       2.980       3.488       3.488
20160121       2.756       3.103       3.129       3.129
20160122       2.026       2.665       2.784       2.782
20160123       1.465       2.681       2.706       2.706
20160124       1.319       2.730       2.577       2.577
20160125       1.297       2.770       2.723       2.990
20160126       1.405      11.996       2.758       2.757
20160127       1.434       6.029       7.791       7.873
20160128       1.267       5.725       6.870       6.864
20160129       1.198       3.866       4.828       4.825
20160130       1.156       4.809       5.407       5.407
20160131       1.122       3.747       3.922       3.921
20160201       1.107       3.395       3.656       3.656
20160202       1.083       3.512       4.210       4.210
20160203       1.063       3.609       3.806       3.805
20160204       1.049       4.713       4.584       4.583
20160205       1.058       3.823       3.934       3.930
20160206       1.052       3.126       3.293       3.290
20160207       1.045       3.091       3.318       3.330
20160208       1.055       3.815       3.171       3.171
20160209       1.057       2.969       3.764       3.845
20160210       1.056       2.623       2.772       2.771
20160211       1.040       2.939       3.015       3.016
20160212       1.036       2.768       3.491       3.490
20160213       1.019       2.600       2.825       2.824
20160214       1.104       2.312       2.420       2.419
20160215       1.011       2.340       2.363       2.363
20160216       0.993       2.184       2.428       2.428
20160217       0.984       2.023       2.101       2.100
20160218       0.978       1.972       2.071       2.071
20160219       0.961       1.879       1.989       1.990
20160220       0.948       2.461       2.081       2.080
20160221       0.949       2.677       2.225       2.223
20160222       0.941       1.688       1.834       1.833
20160223       0.923       1.626       1.800       0.988
20160224       0.921       2.939       2.463       1.400
20160225       0.935       2.547       2.041       0.759
20160226       0.944       3.841       2.981       1.289
20160227       0.952       2.701       2.236       0.638
20160228       0.956       1.974       1.926       0.809
20160229       0.927       1.604       1.568       0.866
20160301       0.930       1.275       1.325       0.814
20160302       1.008       2.095       1.450       1.027
20160303       0.952       1.302       1.339       0.637
20160304       0.917       1.359       1.676       1.188
20160305       0.903       2.318       2.208       1.571
20160306       0.894       1.180       1.159       0.524
20160307       0.878       1.243       1.202       0.851
20160308       0.875       1.315       1.296       0.895
20160309       0.867       0.952       0.989       0.608
20160310       0.857       0.915       0.952       0.907
20160311       0.845       0.904       0.915       0.859
20160312       0.835       0.850       0.882       0.841
20160313       0.833       0.840       0.855       0.832
20160314       0.994       3.087       2.417       3.279
20160315       1.342       2.782       3.598       3.325
20160316       1.402       3.600       4.962       3.962
20160317       1.384       4.129       3.897       2.403
20160318       1.375       3.512       3.562       1.483
20160319       1.280       2.932       3.469       1.325
20160320       1.236       2.852       3.154       1.248
20160321       1.131       2.388       2.655       1.220
20160322       1.081       2.178       2.390       1.169
20160323   -9999.000   -9999.000       1.950       1.099
20160324       1.160       1.173   -9999.000   -9999.000
20160325       0.946       1.125   -9999.000   -9999.000
20160326       0.935       1.126   -9999.000   -9999.000
20160327       1.013       3.377       1.194       1.276
20160328       1.010       3.812       2.157       1.426
20160329       1.095       4.670       3.618       1.750
20160330       1.039       3.558       4.169       1.342
20160331       0.998       2.817       3.009       0.925
20160401       0.971       3.022       3.096       1.200
20160402       0.930       2.401       2.921       1.015
20160403       0.938       3.238       2.501       1.039
20160404       1.005       3.817       2.470       1.178
20160405       1.125       5.381       2.859       1.670
20160406       1.313       5.780       4.286       1.563
20160407       1.378       5.112       4.474       1.476
20160408       1.272       4.205       4.738       1.576
20160409       1.152       3.563       4.113       1.340
20160410       1.126       3.250       3.540       1.165
20160411       1.133       3.268       3.242       1.203
20160412       1.096       3.135       3.142       1.155
20160413       1.117       2.995       3.020       1.083
20160414       1.093       2.802       3.057       1.252
20160415       1.109       2.780       2.927       1.139
20160416       1.074       2.715       3.161       1.426
20160417       1.062       2.526       2.597       1.141
20160418       1.119       3.056       2.630       1.111
20160419       1.125       2.704       3.171       1.469
20160420       1.151       4.251       3.256       1.516
20160421       1.143       2.907       2.916       0.966
20160422       1.173       3.253       3.384       1.563
20160423       1.109       2.576       2.760       1.058
20160424       1.106       2.232       2.571       1.155
20160425       1.047       2.120       2.251       1.087
20160426       1.097       2.150       2.308       1.134
20160427       1.027       2.066       2.197       1.272
20160428       1.107       2.354       1.971       1.010
20160429       1.139       4.909       3.136       1.872
20160430       1.148       2.912       3.597       1.069
20160501       1.213       3.510       3.802       1.698
20160502       1.261       2.368       1.913       0.821
20160503       1.460       5.792       2.388       2.047
20160504       2.169       5.665       4.562       2.335
20160505       2.467      10.440       5.404       2.644
20160506       2.840      16.130       9.428       3.752
20160507       3.986      23.097      14.883       3.948
20160508      11.228      43.186      22.411       4.780
20160509      27.125      62.970      36.416      15.252
20160510      35.312      79.881      56.581      36.307
20160511      35.779      35.565      53.918      37.247
20160512      37.454      50.274      38.783      25.903
20160513      27.551      33.601      37.817      34.613
20160514      19.759      28.498      33.315      24.773
20160515      14.769      24.463      28.681      18.316
20160516      14.543      20.964      24.469      12.213
20160517      13.755      23.345      20.972      13.322
20160518      12.544      18.845      22.018      13.617
20160519      11.188      16.905      19.554      12.121
20160520      12.519      15.657      16.096       9.861
20160521      23.862      24.101      18.062      14.375
20160522      44.978      30.522      22.708      26.798
20160523      78.612      45.411      29.926      46.377
20160524      68.247      34.725      36.006      73.559
20160525      54.872      31.016      34.280      61.145
20160526      47.000      27.789      30.265      47.644
20160527      46.907      31.280      28.567      43.276
20160528      55.875      40.973      31.179      46.350
20160529      59.183      42.896      36.264      59.403
20160530      69.155      47.044      40.544      61.269
20160531     106.514      57.929      46.956      61.839
20160601     124.018      58.139      55.320      89.011
20160602     121.393      53.816      68.907     115.773
20160603     118.903      48.014      54.249      90.379
20160604      77.426      38.082      40.023      79.936
20160605      54.407      28.321      33.492      56.640
20160606      50.552      26.112      28.432      47.229
20160607      53.655      25.894      26.217      44.788
20160608      57.221      28.564      29.445      51.344
20160609      32.650      20.553      24.005      55.234
20160610      20.969      18.215      20.700      29.760
20160611      16.384      16.097      18.318      19.767
20160612      17.691      14.770      16.151      14.194
20160613      22.294      15.114      15.595      16.302
20160614      23.991      13.725      14.473      20.471
20160615      27.874      13.881      15.093      24.123
20160616      35.019      15.856      14.732      27.305
20160617      46.759      21.249      16.360      34.689
20160618      45.340      16.146      17.753      40.902
20160619      29.946      12.851      13.883      34.912
20160620      20.713      11.649      12.825      27.468
20160621      27.364      12.537      12.771      20.657
20160622      27.926      11.478      12.155      22.331
20160623      22.527      10.940      11.473      24.980
20160624      23.778      11.112      10.965      20.346
20160625      39.926      23.867      13.086      23.824
20160626      41.932      15.317      15.841      37.097
20160627      82.428      16.724      20.881      44.101
20160628      49.659      25.648      17.633      76.786
20160629      34.039      14.954      21.439      50.764
20160630      29.715      14.623      14.981      25.442
20160701      33.082      18.216      14.854      24.050
20160702      28.656      14.821      17.758      33.132
20160703      27.612      17.555      15.427      26.026
20160704      19.563      13.537      15.485      25.251
20160705      22.645      20.149      17.599      21.666
20160706      28.358      24.772      19.490      21.931
20160707      21.279      17.568      20.582      27.822
20160708      16.836      14.960      17.283      19.183
20160709      17.572      16.334      17.483      16.712
20160710      19.051      18.073      20.631      21.642
20160711      22.163      18.550      18.307      19.143
20160712      25.137      22.277      18.152      20.544
20160713      23.374      21.051      19.624      24.042
20160714      27.605      32.404      19.758      21.964
20160715      22.645      22.310      26.728      26.433
20160716      21.428      21.921      23.633      22.532
20160717      18.774      19.220      21.964      20.465
20160718      16.223      18.554      19.895      18.485
20160719      15.124      15.591      18.222      15.893
20160720      14.035      14.143      15.629      13.832
20160721      14.398      13.341      14.216      12.674
20160722      16.936      12.706      13.453      13.504
20160723      20.337      13.661      13.826      16.898
20160724      26.406      25.991      17.204      23.680
20160725      24.938      19.373      23.245      30.666
20160726      26.250      16.143      19.855      25.001
20160727      35.878      34.816      20.787      25.005
20160728      30.918      22.423      26.671      38.319
20160729      23.416      19.703      22.599      27.285
20160730      25.195      29.526      22.165      24.337
20160731      39.328      32.247      36.109      33.972
