date          Qobs       Qsimobs        Qsim       Qusi
20150801      47.278      39.139      42.880      48.347
20150802      45.561      37.607      39.509      44.992
20150803      47.403      47.432      41.015      44.719
20150804      42.277      36.843      42.179      45.165
20150805      85.647      66.256      46.805      48.087
20150806      86.990      47.842      56.036      76.174
20150807      68.639      42.966      46.609      77.443
20150808      65.211      39.917      43.396      60.683
20150809       1.240      37.470      39.817      60.588
20150810      26.975      35.404      37.273      51.058
20150811      22.581      33.724      35.360      45.758
20150812      59.304      39.244      34.920      43.009
20150813      45.048      32.159      34.827      28.289
20150814      23.571      30.666      32.694       0.000
20150815      15.371      29.546      30.766      15.224
20150816      18.517      28.485      29.686      13.787
20150817       5.726      27.247      28.371      17.418
20150818       0.000      26.238      27.261       9.816
20150819      34.389      25.283      26.261       6.940
20150820      31.706      24.396      25.285       0.000
20150821      22.479      23.500      24.369       0.000
20150822       0.000      22.578      23.493      22.508
20150823       0.000      21.736      22.581      27.274
20150824       0.000      20.952      21.973      26.511
20150825      12.461      21.099      21.085       0.000
20150826      39.799      31.358      24.661      11.498
20150827      48.427      32.447      28.363      38.693
20150828      51.896      47.546      43.411      61.787
20150829      40.742      31.767      38.966      50.828
20150830      34.382      28.585      32.049      36.492
20150831      29.949      26.440      29.012      31.831
20150901      26.949      24.323      27.672      29.809
20150902      25.417      22.729      24.522      25.572
20150903      30.407      28.154      27.423      28.138
20150904      28.001      23.124      24.063      28.472
20150905      29.234      31.749      24.277      27.956
20150906      27.168      25.102      27.296      27.578
20150907      24.725      23.453      24.605      25.450
20150908      23.010      22.265      23.293      23.550
20150909      21.308      21.102      22.629      22.192
20150910      19.877      20.180      21.711      20.736
20150911      18.640      19.269      20.070      19.402
20150912      17.827      18.443      19.211      18.104
20150913      18.035      18.455      18.646      17.692
20150914      19.394      18.026      18.291      17.670
20150915      20.711      17.792      17.688      18.291
20150916      27.518      28.288      25.585      28.626
20150917      30.312      20.190      22.540      24.945
20150918      41.770      31.612      25.216      33.901
20150919      34.511      25.092      25.134      35.434
20150920      30.444      25.885      23.958      24.074
20150921      27.555      21.552      22.626      27.219
20150922      26.730      21.733      21.866      25.895
20150923      25.312      19.934      21.168      25.155
20150924      23.819      19.327      19.912      23.179
20150925      34.132      32.815      23.402      28.072
20150926      33.034      23.773      23.915      30.084
20150927      28.130      20.772      22.544      29.222
20150928      25.085      19.495      20.701      25.246
20150929      23.280      18.500      19.587      23.366
20150930      21.467      14.637      18.790      22.234
20151001      20.628      14.678      18.168      21.258
20151002      20.426      14.351      17.467      19.601
20151003      20.412      14.387      14.904      20.639
20151004      20.052      16.239      14.215      19.459
20151005      18.944      15.910      13.850      19.460
20151006      17.795      15.557      13.543      17.822
20151007      16.784      15.145      15.523      17.419
20151008      15.868      14.787      15.163      16.632
20151009      15.593      14.503      14.885      15.493
20151010      15.449      14.159      14.488      15.239
20151011      15.184      13.811      14.144      15.079
20151012      14.668      13.508      13.816      15.054
20151013      14.280      13.185      13.508      14.205
20151014      13.832      12.867      13.200      14.828
20151015      13.252      12.564      12.873      13.702
20151016      13.154      12.268      12.570      13.212
20151017      12.529      11.979      12.268      13.019
20151018      12.538      11.698      11.979      12.468
20151019      12.187      11.424      11.698      12.649
20151020      11.619      11.155      11.423      12.716
20151021      11.914      10.890      11.165      12.385
20151022      12.587      12.352      11.788      12.598
20151023      15.181      17.649      14.014      15.683
20151024      14.749      12.920      13.773      12.386
20151025      13.835      13.243      13.762      16.888
20151026      12.506      12.036      13.080      13.844
20151027      12.768      11.751      11.842      12.342
20151028      12.411      11.414      11.647      12.223
20151029      11.908      11.144      11.393      12.130
20151030  -10000.000      10.884      11.199      11.441
20151031      11.277      10.830      10.996      11.159
20151101      12.110      11.578      11.233      11.385
20151102      12.282      10.966   -9999.000   -9999.000
20151103      12.295      10.445      10.925      11.551
20151104      12.275      10.566      10.520      11.936
20151105      12.126      10.328      10.249      11.957
20151106      11.898      10.001      10.201      11.805
20151107      12.217      11.199      10.722      12.465
20151108      12.884      12.144      10.410      10.907
20151109      12.344      12.792      11.494      14.035
20151110      11.802      11.294      11.941      12.922
20151111      11.427      11.142      12.268      13.175
20151112      10.955      10.851      12.342      12.973
20151113      10.488      10.426      10.713      10.874
20151114       9.140       9.978      10.315      10.253
20151115      10.032      11.171      11.135      11.840
20151116       9.844       9.560       9.974       6.594
20151117       8.688      10.177      10.604      10.642
20151118       8.938       9.390       9.571       7.915
20151119       7.169       8.920       9.141       9.059
20151120       5.913       8.680       9.271       8.162
20151121       5.200       8.551       8.915       6.616
20151122       5.582       8.289       8.490       5.296
20151123       7.610       8.141       8.583       5.729
20151124       9.264       8.188       8.440       6.645
20151125      14.895       7.726       8.029       8.558
20151126  -10000.000       7.712       8.038      14.791
20151127  -10000.000       8.811       8.975       9.794
20151128  -10000.000      12.191       9.108       9.084
20151129      10.710       8.272       9.053       9.105
20151130       9.422       7.966       8.182       8.177
20151201       8.979      12.249       8.742       8.734
20151202       8.833      11.769       9.125       9.070
20151203       8.232       8.653       8.855       8.785
20151204       8.415       9.984       9.028       9.016
20151205       9.108       8.890       8.605       8.611
20151206       9.185       8.933      10.288      10.252
20151207       8.807      10.260       9.703       9.654
20151208       8.767       7.181       7.377       7.547
20151209       9.269       7.992       7.249       7.247
20151210       9.216       7.962       7.843       7.845
20151211       9.067       8.053       9.174       9.138
20151212       8.824       7.040       7.566       7.528
20151213       8.353       6.822       6.913       6.894
20151214       8.463       6.510       6.402       6.398
20151215      10.610       6.221       6.405       6.403
20151216      14.273       5.963       6.035       6.032
20151217      17.361       6.078       5.929       5.924
20151218      14.251       7.007       6.143       6.119
20151219      11.030       7.609       7.836       7.531
20151220      11.243      17.147       8.091      11.064
20151221      13.332      21.845   -9999.000   -9999.000
20151222      12.204      18.627   -9999.000   -9999.000
20151223      11.167      13.801      16.760      16.838
20151224      10.453      11.155      14.461      14.577
20151225      10.532      14.859      12.433      12.435
20151226       9.377      13.366      14.013      13.977
20151227       8.265       8.937      10.521      10.438
20151228       8.770       8.433       8.974       8.969
20151229       9.258       8.104       8.351       8.348
20151230       9.361       8.222       8.137       8.139
20151231       9.261       8.302       8.263       8.256
20160101       8.512       7.876       8.787       8.775
20160102       8.215       7.573       8.042       8.036
20160103       7.575       7.429       7.572       7.571
20160104       7.008       7.059       7.259       7.258
20160105       6.584       6.904       7.070       7.070
20160106       6.846       6.760       6.883       6.881
20160107       8.887       6.560       6.716       6.721
20160108       9.812       6.407       6.557       6.553
20160109      10.367       6.286       6.397       6.401
20160110      11.480       6.211       6.333       6.329
20160111      11.965       7.093       6.726       6.726
20160112      11.996       6.250       6.326       6.308
20160113      11.743       6.339       6.218       6.209
20160114      12.167       5.656       5.830       5.822
20160115      12.622       5.738       5.758       5.758
20160116      12.796       5.824       5.558       5.558
20160117      13.942       5.343       5.438       5.420
20160118      14.038       7.161       6.201       6.194
20160119      12.648       5.443       5.767       5.741
20160120      11.364       5.169       5.872       5.869
20160121      11.720       5.291       5.195       5.199
20160122      10.702       4.672       4.847       4.835
20160123       9.488       4.970       4.721       4.713
20160124       8.215       4.453       4.605       4.599
20160125       7.076       4.641       4.552       4.516
20160126       6.617       4.762       4.991       4.985
20160127       6.385       5.076       5.250       5.240
20160128       6.068       5.517       5.649       5.612
20160129       5.870       4.390       4.927       4.907
20160130       5.748       8.295       7.572       7.574
20160131       5.683       4.854       5.162       5.099
20160201       5.584       4.290       4.645       4.623
20160202       5.555       4.740       5.501       5.497
20160203       5.466       4.553       4.478       4.459
20160204       5.383       6.944       5.719       5.709
20160205       5.340       4.655       4.549       4.490
20160206       5.323       4.115       4.309       4.297
20160207       5.323       4.644       4.533       4.558
20160208       5.390       4.659       4.626       4.611
20160209       5.346       3.949       4.999       4.842
20160210       5.465       3.616       3.743       3.732
20160211       5.516       3.493       3.537       3.528
20160212       5.511       3.380       3.773       3.763
20160213       5.270       3.289       3.407       3.403
20160214       5.047       3.079       3.168       3.164
20160215       5.012       3.227       3.146       3.146
20160216       5.283       3.061       3.115       3.104
20160217       5.156       2.792       2.922       2.913
20160218       4.908       2.726       2.911       2.909
20160219       4.805       2.642       2.777       2.774
20160220       4.763       3.877       3.038       3.046
20160221       4.753       3.556       3.462       3.439
20160222       4.745       2.632       2.906       2.886
20160223       4.744       2.650       3.249       3.243
20160224       4.736       4.086       3.408       3.405
20160225       4.735       3.650       2.983       2.957
20160226  -10000.000       5.364       4.347       4.323
20160227       4.564       3.274       3.659       3.586
20160228       4.564       2.807       3.156       3.130
20160229       4.560       2.307       2.539       2.524
20160301       4.556       2.150       2.252       2.253
20160302       4.556       2.851       2.434       2.429
20160303       4.546       2.162       2.355       2.333
20160304       4.545       2.696       2.814       2.812
20160305       4.540       4.676       3.714       3.702
20160306       4.536       2.144       2.337       2.286
20160307       4.536       2.215       2.226       2.224
20160308       4.536       2.022       2.112       2.103
20160309       4.536       1.745       1.836       1.830
20160310       4.536       1.684       1.744       1.745
20160311       4.536       1.637       1.679       1.678
20160312       4.536       1.575       1.698       1.677
20160313       4.536       1.584       1.587       1.588
20160314       4.504       3.371       3.184       4.124
20160315       4.485       5.682       5.144       5.611
20160316       4.746       7.713       9.479      10.919
20160317       5.808      12.977       9.387       9.554
20160318       6.965       9.175       9.020       9.050
20160319       6.995       6.234       8.323       8.314
20160320       6.682       4.865       6.681       6.687
20160321       6.404       4.414       4.612       4.598
20160322       6.233       4.387       4.413       4.408
20160323   -9999.000   -9999.000       4.044       4.037
20160324       5.677       3.682   -9999.000   -9999.000
20160325       5.471       3.595   -9999.000   -9999.000
20160326       5.445       3.631   -9999.000   -9999.000
20160327       6.954       8.302       3.741       5.498
20160328       7.937       7.947       5.832       7.486
20160329      10.565       9.690       7.987       9.398
20160330       9.168       6.299       8.204       8.214
20160331       7.344       5.188       5.338       5.301
20160401       6.837       5.486       5.399       5.398
20160402       6.281       5.105       5.797       5.783
20160403       6.361       4.830       5.192       5.198
20160404       6.891       7.088       5.115       5.294
20160405       7.810      12.146       7.056       9.215
20160406       8.327      12.473      10.158      13.317
20160407       8.450      12.932       9.574       9.812
20160408       8.300       8.670      10.868      10.939
20160409       7.703       7.274       8.488       8.485
20160410       7.404       6.704       7.247       7.248
20160411       7.323       6.466       6.702       6.704
20160412       7.216       6.333       6.485       6.480
20160413       7.191       6.212       6.322       6.318
20160414       7.088       6.062       6.277       6.276
20160415       7.082       6.034       6.339       6.357
20160416       6.998       5.898       6.580       6.576
20160417       6.948       5.663       5.795       5.797
20160418       6.824       5.649       5.794       5.794
20160419       6.841       5.843       6.442       6.498
20160420       6.947       6.520       6.054       6.053
20160421       6.981       5.708       6.034       5.999
20160422       7.080       7.356       6.413       7.653
20160423       6.974       5.837       5.910       5.835
20160424       6.819       5.242       5.415       6.433
20160425       6.633       5.013       5.365       6.581
20160426       6.528       4.964       5.188       6.681
20160427       6.426       5.031       5.024       6.491
20160428       6.357       4.788       4.773       5.914
20160429       6.350       8.047       6.285       8.463
20160430       6.557       6.981       7.096       6.304
20160501       6.973       6.542       6.502       6.177
20160502       7.035       6.075       5.123       5.572
20160503       7.487      10.680       6.213      10.773
20160504       9.154      10.045       8.755       9.607
20160505      10.551      23.938      10.208      10.105
20160506      11.712      39.897      22.152      19.148
20160507      14.086      57.803      36.575      18.600
20160508      22.731     116.365      56.812      20.082
20160509      40.730     186.389     101.717      38.296
20160510      57.480     228.032     163.269      63.694
20160511      68.174     138.115     173.751      77.558
20160512      75.930     187.845     137.813      64.520
20160513      65.146      90.775     126.858      74.625
20160514      50.695      76.903      88.885      49.195
20160515      40.483      67.201      77.076      51.049
20160516      36.006      58.797      66.783      38.837
20160517      34.712      67.888      59.038      37.234
20160518      33.006      60.305      62.535      42.023
20160519      31.692      52.796      59.963      38.066
20160520      35.229      56.275      52.946      30.933
20160521      53.392      71.439      59.343      41.123
20160522      88.859     104.990      71.770      58.992
20160523     146.141     187.358      97.746     100.162
20160524     134.396     116.692     133.209     167.552
20160525     114.368      87.134      99.792     113.860
20160526     100.087      93.100      85.111      99.332
20160527      96.823     126.412      90.781     107.886
20160528     114.745     188.209     131.929     130.488
20160529     129.576     158.668     163.709     140.102
20160530     133.695     153.961     149.823     126.692
20160531     191.502     203.065     161.195     142.235
20160601     235.450     177.031     195.413     190.929
20160602     217.487     165.186     196.415     245.500
20160603     221.968     221.188     188.733     224.401
20160604     167.356     137.286     147.535     185.629
20160605     118.026      84.232     116.640     121.330
20160606     103.073      83.292      83.461      92.299
20160607      98.225      91.832      79.357      94.547
20160608     116.485      95.159      88.168      96.945
20160609      77.455      54.935      76.407      92.096
20160610      51.883      50.061      55.026      65.724
20160611      40.379      44.041      48.597      52.067
20160612      37.593      41.170      45.765      39.355
20160613      41.550      49.556      42.581      35.768
20160614      44.844      60.130      41.547      37.535
20160615      48.465      65.927      62.551      59.794
20160616      59.316      66.848      64.129      50.513
20160617      69.411      70.126      66.635      52.561
20160618      82.525      53.108      62.344      60.010
20160619      62.757      34.155      46.377      57.713
20160620      43.508      31.840      33.749      52.090
20160621      45.046      43.583      35.307      47.403
20160622      50.311      31.618      40.075      48.022
20160623  -10000.000      30.606      37.839      50.712
20160624  -10000.000      30.438      30.859      39.126
20160625  -10000.000      84.407      40.208      40.325
20160626  -10000.000      48.555      61.534      63.186
20160627  -10000.000      72.472      61.624      61.907
20160628  -10000.000      53.785      61.208      62.437
20160629  -10000.000      39.095      48.867      50.361
20160630  -10000.000      37.759      40.313      40.796
20160701  -10000.000      54.110      39.677      40.389
20160702  -10000.000      36.357      39.239      40.898
20160703  -10000.000      48.005      41.925      42.648
20160704  -10000.000      34.183      38.314      38.060
20160705  -10000.000      33.331      39.982      39.945
20160706  -10000.000      48.463      40.026      40.183
20160707  -10000.000      33.647      37.570      37.026
20160708  -10000.000      31.390      33.403      33.444
20160709      31.655      38.187      33.078      33.094
20160710      39.431      34.287      35.837      35.974
20160711      39.330      44.630      36.424      36.459
20160712      41.713      51.487      40.447      39.146
20160713      40.658      43.803      42.186      39.450
20160714      40.926      46.549      42.523      39.639
20160715      37.542      36.716      42.155      39.218
20160716      33.308      39.068      39.612      35.841
20160717      32.305      33.938      38.922      33.364
20160718      31.137      37.669      34.525      30.200
20160719      27.710      31.402      33.367      30.263
20160720      26.815      30.773      31.698      26.613
20160721      25.838      28.262      30.243      25.950
20160722      26.852      27.230      29.119      25.143
20160723      34.091      33.289      30.736      28.631
20160724      41.397      37.180      35.746      38.335
20160725      34.562      33.192      34.595      42.402
20160726      33.338      30.677      39.318      40.091
20160727      43.796      43.900      41.714      41.972
20160728  -10000.000      35.271      39.059      43.221
20160729  -10000.000      31.281      34.853      33.329
20160730  -10000.000      43.419      37.513      37.544
20160731  -10000.000      38.490      63.947      62.563
