date          Qobs       Qsimobs        Qsim       Qusi
20150801       1.074       0.868       1.021       0.886
20150802       1.268       3.259       6.749       6.941
20150803       1.826       1.533       3.295       2.748
20150804       1.669       1.103       1.432       0.925
20150805       4.196       4.050       4.506       5.309
20150806       3.659       1.040       2.117       3.569
20150807       3.598       4.115       2.211       3.136
20150808       4.561       1.556       2.240       3.397
20150809       3.086       1.271       1.305       2.258
20150810       2.681       1.673       1.176       2.181
20150811       4.403       6.205       2.144       3.404
20150812       7.314       2.932       3.867       4.237
20150813       4.959       1.206       2.011       2.971
20150814       2.936       0.720       1.086       2.406
20150815       1.979       0.621       0.745       1.599
20150816       2.818      11.440       1.442       2.882
20150817       3.750       2.784       5.206       5.234
20150818       2.577       0.843       2.176       1.401
20150819       1.725       0.641       0.842       1.063
20150820       1.216       0.538       0.644       1.324
20150821       0.931       0.453       0.538       1.046
20150822       0.777       0.433       0.485       0.763
20150823       0.697       0.345       0.399       0.618
20150824       0.589       0.269       0.347       0.557
20150825       0.545       0.232       0.294       0.414
20150826       1.033       4.575       0.791       1.272
20150827       4.374       7.733       3.557       2.907
20150828      10.678      10.478       5.212       4.459
20150829      10.489      17.083       6.475       8.258
20150830      14.307       9.099       6.474       6.048
20150831      13.647       5.610       5.313       5.732
20150901       7.086       1.145       4.464       5.905
20150902       4.048       1.522       1.403       1.959
20150903       2.575       0.817       1.528       2.703
20150904       1.768       0.599       0.835       1.754
20150905       1.688       4.036       1.004       1.942
20150906       1.741       0.851       2.057       2.096
20150907       1.384       0.583       0.781       0.622
20150908       1.123       0.495       0.608       1.073
20150909       0.904       0.418       0.522       0.966
20150910       0.755       0.351       0.419       0.786
20150911       0.640       0.295       0.351       0.655
20150912       0.556       0.247       0.295       0.546
20150913       0.540       0.241       0.255       0.461
20150914       0.572       2.913       0.460       0.825
20150915       0.675       0.543       1.087       1.000
20150916       1.074       3.569       2.116       1.099
20150917       1.301       1.075       3.876       2.079
20150918       1.162       0.513       0.879       0.700
20150919       1.331       1.248       0.664       0.843
20150920       2.116       1.242       0.748       1.184
20150921       2.049       0.498       0.841       1.572
20150922       1.494       0.420       0.529       1.172
20150923       1.148       0.430       0.540       1.223
20150924       1.166       1.089       0.665       1.449
20150925       9.939      19.018       6.923       9.146
20150926      12.322       8.013      18.886      19.893
20150927       6.616       2.467       4.711       5.673
20150928       3.695       0.709       2.167       3.045
20150929       2.254       0.602       0.706       1.249
20150930       1.586       0.400       0.596       1.480
20151001       1.290       0.500       0.533       1.118
20151002       1.637       0.814       0.558       1.034
20151003       3.763       1.411       0.488       1.196
20151004       3.518       1.424       0.750       2.337
20151005       2.641       0.679       0.632       2.446
20151006       1.930       0.565       0.542       1.692
20151007       1.392       0.643       0.565       1.628
20151008       1.142       1.965       0.878       1.598
20151009       1.129       2.901       2.593       3.028
20151010       1.361       0.903       1.483       1.276
20151011       1.341       0.644       0.769       0.637
20151012       1.161       0.538       0.649       0.993
20151013       0.989       0.458       0.575       1.040
20151014       0.827       0.405       0.475       0.776
20151015       0.739       0.342       0.395       0.756
20151016       0.644       0.292       0.342       0.648
20151017       0.579       0.250       0.292       0.585
20151018       0.539       0.213       0.250       0.470
20151019       0.481       0.182       0.216       0.492
20151020       0.463       0.201       0.207       0.404
20151021       1.372       5.228       0.811       1.523
20151022      13.902      14.124       7.601       6.126
20151023      24.904      20.770      14.870      15.651
20151024       9.457       2.589       6.898      10.290
20151025      18.978      29.067       9.547      10.442
20151026      15.270       8.648      13.114      17.868
20151027       9.990       4.251       5.792       4.795
20151028       4.835       0.935       2.758       4.885
20151029       2.785       0.702       0.935       1.422
20151030       1.913       0.603       0.707       1.772
20151031       1.737       4.471       2.832       4.789
20151101       3.829       6.257       4.550       4.320
20151102       4.050       1.304   -9999.000   -9999.000
20151103       2.643       0.737       1.233       1.388
20151104       2.269       2.057       0.764       1.393
20151105       2.063       0.875       0.970       1.955
20151106       1.683       0.781       0.810       1.217
20151107       6.782      10.901       3.274       5.095
20151108       6.722       3.658       5.374       4.422
20151109      11.281      16.926       4.781       5.003
20151110      14.426      13.412      17.807      18.593
20151111       9.603       7.657       6.971       7.342
20151112      13.538       8.040       6.818       7.577
20151113      15.696      19.293       8.676      10.207
20151114      16.049      11.890       9.623      11.776
20151115      21.245      14.940      19.978      19.910
20151116      17.058       5.251       7.944      10.425
20151117      21.841      21.784      17.059      20.098
20151118      17.434      22.515      21.473      21.753
20151119       8.460       3.686       8.845      10.893
20151120       4.761       1.051       2.785       2.781
20151121       2.844       0.868       1.051       1.541
20151122       1.923       0.746       0.866       1.830
20151123       1.361       0.642       0.770       1.355
20151124       2.709       6.571       2.980       3.974
20151125       8.603      12.155       5.233       4.495
20151126       7.555       4.295       6.342       6.203
20151127      51.715      32.128      15.653      16.162
20151128      27.952      18.585      22.287      26.804
20151129      12.892      17.161      13.827      16.523
20151130       8.136      10.619       8.140       7.783
20151201       5.927       6.908       6.047       4.828
20151202      12.367       5.478       5.597       5.674
20151203      23.870      19.966       6.634       6.675
20151204      11.072      13.424      16.030      18.422
20151205      35.382      24.673      14.523      12.369
20151206      25.289      17.635      14.944      17.541
20151207      14.258       8.204       7.954       9.793
20151208       7.854       2.060       5.643       6.651
20151209      18.038      23.923       7.813       8.316
20151210      20.668      23.730      18.907      24.286
20151211      10.390       7.932       9.243      11.361
20151212       7.094       8.646       5.604       4.832
20151213       4.713       2.350       5.123       5.760
20151214       3.026       1.014       2.307       2.038
20151215       2.228       0.867       1.297       1.774
20151216       1.727       0.725       1.008       2.167
20151217       6.028       5.658       4.425       5.871
20151218      22.052      13.985       6.588       8.914
20151219      24.788      10.053       9.968      13.224
20151220      36.442      26.765       8.341      11.700
20151221      23.054      29.534   -9999.000   -9999.000
20151222      13.504       8.374   -9999.000   -9999.000
20151223      13.329      16.099       6.867       5.643
20151224      10.151       8.254       9.505      12.348
20151225      19.249      20.979      13.438      13.600
20151226       9.338       5.401       7.897      11.717
20151227       4.784       1.392       3.743       3.412
20151228       2.844       1.526       1.653       1.796
20151229       1.988       1.298       2.011       3.856
20151230       1.937       3.911       3.182       3.694
20151231      10.682      18.854       5.813       4.722
20160101      11.129      15.954      11.941      13.224
20160102       7.278       3.777       6.080       5.790
20160103       3.862       0.993       2.997       3.518
20160104       2.248       0.854       0.991       1.089
20160105       1.472       0.734       0.854       1.696
20160106       1.075       0.631       0.734       1.190
20160107       0.813       0.543       0.631       0.898
20160108       0.650       0.466       0.543       0.695
20160109       0.547       0.401       0.467       0.508
20160110       0.448       0.345       0.401       0.474
20160111       0.402       0.316       0.348       0.370
20160112       0.380       0.268       0.300       0.327
20160113       0.343       0.230       0.268       0.330
20160114       0.329       0.878       0.230       0.348
20160115       0.330       0.889       0.286       0.562
20160116       0.346       0.305       0.343       0.322
20160117       0.327       0.263       0.305       0.161
20160118       0.311       0.226       0.263       0.286
20160119       0.294       0.194       0.226       0.278
20160120       0.279       0.167       0.194       0.250
20160121       0.249       0.144       0.167       0.217
20160122       0.221       0.123       0.254       0.292
20160123       0.438       4.827       2.750       3.732
20160124       4.273      11.732       8.957       4.781
20160125       8.981       5.768       7.942       7.145
20160126      17.965      14.642       6.901       6.680
20160127      27.938      18.416      13.889      16.020
20160128      10.811       5.582       6.852      11.195
20160129      16.320       8.447       6.116       7.227
20160130      15.359      22.561      10.131      12.884
20160131       7.071       8.744       9.371      12.712
20160201       4.558       4.414       5.837       4.040
20160202      12.028      18.758      10.436      11.291
20160203      11.527       9.713       8.568      10.857
20160204       5.258       5.005       4.876       5.744
20160205       3.108       1.982       3.851       3.220
20160206      13.457      20.735       7.355       7.218
20160207      31.311      25.538      16.867      21.473
20160208      22.502      21.305      17.096      20.914
20160209      13.210      11.849      14.217      16.722
20160210       9.048       9.360       6.811       6.611
20160211       4.679       2.068       5.344       6.097
20160212       2.661       0.912       1.921       1.630
20160213       1.713       0.784       0.912       1.224
20160214       1.201       0.674       0.784       1.238
20160215       0.938       0.580       0.674       0.984
20160216       0.732       0.498       0.580       0.821
20160217       1.170       7.918       1.746       1.882
20160218       2.127       3.348       3.582       2.139
20160219       1.590       0.971       2.643       1.643
20160220       2.310       6.135       2.457       1.949
20160221       3.496      10.582       5.851       5.176
20160222       3.498       7.735       8.543       7.657
20160223       3.925       4.649       5.592       3.608
20160224       3.243       3.301       3.760       3.268
20160225       2.192       2.341       2.699       2.455
20160226       1.530       0.894       1.564       1.380
20160227       1.176       0.787       0.890       0.826
20160228       0.995       0.707       0.729       0.884
20160229       0.822       0.563       0.643       0.770
20160301       0.707       0.499       0.586       0.709
20160302       0.745       2.358       1.140       1.212
20160303       0.698       0.628       1.417       1.279
20160304       0.624       0.683       0.554       0.357
20160305       0.595       0.676       0.559       0.624
20160306       0.589       0.431       0.560       0.544
20160307       0.583       0.368       0.433       0.408
20160308       0.555       0.316       0.370       0.462
20160309       0.538       0.281       0.320       0.424
20160310       0.537       0.858       0.315       0.639
20160311       0.536       0.465       0.596       0.653
20160312       0.556       0.543       0.388       0.338
20160313       0.859       4.537       1.160       1.284
20160314       1.694       3.533       3.183       1.935
20160315       3.809       1.655       3.022       1.808
20160316       5.239       1.309       2.229       2.747
20160317       5.257       1.623       1.760       3.689
20160318       5.506       1.615       1.345       3.607
20160319       4.603       0.539       1.193       2.447
20160320       4.070       0.596       0.625       1.660
20160321       4.642       1.005       0.805       2.421
20160322       5.835       1.709       1.599       5.366
20160323   -9999.000   -9999.000       1.634       3.978
20160324       3.182       0.632   -9999.000   -9999.000
20160325       4.169       5.663   -9999.000   -9999.000
20160326       6.126       3.961   -9999.000   -9999.000
20160327      28.107      23.654       6.574       8.407
20160328      14.549       4.531      17.608      22.027
20160329       8.923       4.745       4.928       5.713
20160330       9.641       5.854       5.273       7.580
20160331       5.090       2.753       4.006       6.553
20160401       3.220       0.884       2.120       2.470
20160402       6.193      12.985       3.014       3.546
20160403       8.801       6.605       7.652       9.296
20160404       5.934       3.234       4.822       5.435
20160405       5.526       5.519       3.045       3.340
20160406       8.711       7.560       6.630       8.358
20160407       9.731       6.242       5.543       5.399
20160408       5.509       1.930       3.676       5.274
20160409       3.563       0.896       1.599       1.921
20160410       2.416       0.770       0.898       1.490
20160411       1.857       1.429       0.795       1.712
20160412       1.471       0.924       1.083       1.802
20160413       1.258       1.117       0.895       1.294
20160414       1.198       1.216       0.925       1.063
20160415       1.183       0.944       0.980       1.097
20160416       1.177       0.684       0.776       0.904
20160417       1.087       0.543       0.560       0.804
20160418       1.877       4.950       2.622       4.092
20160419       5.721       8.587       6.567       6.200
20160420       6.068       4.059       5.790       5.834
20160421       5.772       6.183       3.642       4.353
20160422       6.631       4.223       5.088       5.714
20160423       4.278       1.123       2.830       4.027
20160424       2.895       0.797       1.278       1.802
20160425       2.189       0.699       0.776       1.707
20160426       1.722       0.694       0.685       1.443
20160427       1.310       0.616       0.629       1.253
20160428       1.101       0.654       0.555       0.910
20160429       0.941       0.654       0.641       1.010
20160430       0.813       0.696       0.771       1.046
20160501       0.662       1.031       0.711       0.914
20160502       0.875       2.330       1.330       1.292
20160503       6.231      12.960       3.767       2.748
20160504       6.363       2.773       6.349       6.056
20160505       4.234       1.843       2.405       2.093
20160506       3.376       2.585       1.899       2.656
20160507       2.675       2.963       2.863       3.615
20160508       2.845       3.914       3.317       2.750
20160509       3.187       3.681       3.687       3.022
20160510       2.660       3.273       3.508       3.280
20160511       2.247       2.648       3.074       2.642
20160512       2.035       2.219       2.499       2.177
20160513       1.676       0.890       1.177       1.034
20160514       1.204       0.347       0.715       0.970
20160515       0.934       0.318       0.394       0.633
20160516       0.745       0.423       0.319       0.734
20160517       0.681       0.649       0.311       0.620
20160518       0.661       0.515       0.556       0.772
20160519       0.762       3.751       1.444       1.644
20160520       1.871       4.165       2.270       2.258
20160521       5.492       7.845       3.030       2.013
20160522       6.462       7.373       5.054       5.154
20160523       7.614       5.678       6.351       5.879
20160524       4.247       1.441       3.250       4.454
20160525       2.629       1.438       1.662       2.116
20160526       1.879       1.343       1.512       2.392
20160527       1.409       1.060       1.333       1.748
20160528       1.121       0.960       1.127       1.206
20160529       1.082       1.260       0.954       1.014
20160530       1.062       1.171       1.082       1.169
20160531       1.995       5.279       2.821       2.844
20160601       3.083       1.451       2.452       1.949
20160602       2.573       2.114       1.273       1.293
20160603       2.043       0.842       2.436       3.050
20160604       1.539       0.609       0.845       1.091
20160605       1.155       0.446       0.607       1.045
20160606       0.968       0.360       0.444       0.889
20160607       0.830       0.303       0.361       0.750
20160608       0.724       0.252       0.302       0.662
20160609       0.623       0.210       0.252       0.632
20160610       0.524       0.175       0.210       0.548
20160611       0.448       0.150       0.175       0.468
20160612       0.404       0.128       0.157       0.332
20160613       0.346       0.105       0.126       0.374
20160614       0.316       0.088       0.105       0.302
20160615       0.289       0.074       0.088       0.308
20160616       0.271       0.061       0.074       0.228
20160617       0.266       0.055       0.062       0.220
20160618       0.266       0.053       0.058       0.231
20160619       0.258       0.040       0.047       0.291
20160620       0.275       0.033       0.040       0.274
20160621       0.466       5.211       0.893       2.870
20160622       0.635       0.694       1.491       1.083
20160623       0.643       0.249       0.673       0.264
20160624       0.608       0.210       0.248       0.220
20160625       0.813       4.795       0.628       1.192
20160626       1.037       0.820       1.952       1.508
20160627       1.528       1.708       1.491       0.915
20160628       6.372      10.355       2.341       2.098
20160629       5.866       3.104       5.182       6.069
20160630       3.513       1.267       4.423       4.260
20160701       4.185       3.867       2.002       2.713
20160702       4.533       7.601       3.994       5.929
20160703      12.795      10.216       9.219       9.221
20160704      10.776       9.179       6.020       7.181
20160705       5.587       6.358       7.513       8.585
20160706       3.564       1.957       4.681       3.648
20160707       2.299       0.803       1.692       1.377
20160708       1.708       1.009       0.864       1.012
20160709       1.436       0.854       1.285       2.129
20160710       1.563       0.646       0.744       0.980
20160711       7.366      13.025       1.745       2.763
20160712      12.217      13.456       5.992       7.370
20160713       7.214       2.264       5.828       6.705
20160714       3.935       0.784       2.189       2.744
20160715       2.394       0.659       0.782       1.422
20160716       2.023       1.459       0.877       1.807
20160717      13.050      12.956       3.047       4.733
20160718      14.318      12.342       7.677      12.398
20160719       7.133       2.292       5.953       6.508
20160720       7.237       5.793       2.676       3.086
20160721       4.448       1.200       3.391       6.156
20160722       2.619       1.781       1.255       1.421
20160723       1.794       1.325       1.079       1.718
20160724       1.269       0.727       0.900       1.202
20160725       0.984       0.615       0.723       0.893
20160726       0.991       3.135       1.218       1.608
20160727       2.407       3.574       1.463       1.244
20160728      13.641      15.718      10.059       7.524
20160729      16.207      14.163       9.284      11.037
20160730       7.655       3.446       6.262       7.871
20160731       9.364       4.609       4.357       4.115
