date          Qobs       Qsimobs        Qsim       Qusi
20150801       0.023       0.030       0.034       0.030
20150802       0.029       0.045       0.035       0.025
20150803       0.023       0.032       0.036       0.029
20150804       0.024       0.027       0.029       0.021
20150805       0.356       1.229       0.106       0.074
20150806       0.151       0.048       0.332       0.240
20150807       0.099       0.042       0.048       0.031
20150808       0.069       0.037       0.042       0.081
20150809       0.046       0.032       0.036       0.058
20150810       0.038       0.027       0.032       0.040
20150811       0.033       0.024       0.027       0.032
20150812       0.028       0.020       0.024       0.030
20150813       0.021       0.017       0.020       0.024
20150814       0.018       0.015       0.018       0.019
20150815       0.015       0.013       0.015       0.016
20150816       0.012       0.011       0.013       0.013
20150817       0.011       0.010       0.011       0.010
20150818       0.010       0.008       0.010       0.010
20150819       0.009       0.007       0.008       0.009
20150820       0.008       0.006       0.007       0.008
20150821       0.008       0.005       0.006       0.007
20150822       0.007       0.005       0.005       0.006
20150823       0.007       0.004       0.005       0.008
20150824       0.006       0.003       0.004       0.006
20150825       0.102       0.010       0.005       0.007
20150826       0.127       0.392       0.031       0.107
20150827       1.346       1.047       0.254       0.210
20150828       0.454       0.170       0.369       0.356
20150829       0.177       0.052       0.060       0.062
20150830       0.106       0.045       0.052       0.160
20150831       0.079       0.042       0.045       0.087
20150901       0.079       0.036       0.040       0.066
20150902       0.778       1.161       0.611       0.720
20150903       2.524       1.390       0.937       0.957
20150904       0.576       0.264       0.513       0.577
20150905       0.357       0.100       0.084       0.080
20150906       0.214       0.081       0.092       0.246
20150907       0.131       0.070       0.077       0.190
20150908       0.091       0.061       0.067       0.117
20150909       0.071       0.054       0.059       0.086
20150910       0.060       0.047       0.053       0.064
20150911       0.052       0.041       0.047       0.052
20150912       0.045       0.036       0.041       0.047
20150913       0.044       0.033       0.042       0.048
20150914       0.059       0.043       0.037       0.046
20150915       0.690       0.145       0.299       0.342
20150916       0.674       1.106       0.764       0.980
20150917       2.531       0.715       1.178       1.213
20150918       2.671       2.332       1.587       1.668
20150919       0.508       0.080       0.901       1.465
20150920       0.274       0.071       0.080       0.052
20150921       0.200       0.064       0.078       0.196
20150922       0.219       0.056       0.063       0.160
20150923       0.352       0.292       0.162       0.218
20150924       0.252       0.069       0.079       0.150
20150925       0.320       0.133       0.239       0.320
20150926       0.201       0.070       0.111       0.149
20150927       0.137       0.061       0.070       0.174
20150928       0.105       0.061       0.061       0.122
20150929       0.091       0.053       0.053       0.088
20150930       0.084       0.031       0.047       0.080
20151001       0.079       0.027       0.047       0.075
20151002       0.071       0.023       0.041       0.068
20151003       0.063       0.020       0.023       0.057
20151004       0.057       0.027       0.020       0.054
20151005       0.050       0.023       0.018       0.050
20151006       0.044       0.020       0.015       0.042
20151007       0.041       0.018       0.020       0.036
20151008       0.039       0.015       0.018       0.036
20151009       0.038       0.013       0.015       0.031
20151010       0.037       0.012       0.013       0.033
20151011       0.037       0.010       0.012       0.030
20151012       0.036       0.009       0.011       0.028
20151013       0.035       0.008       0.009       0.026
20151014       0.032       0.007       0.008       0.031
20151015       0.031       0.006       0.007       0.028
20151016       0.031       0.005       0.006       0.026
20151017       0.031       0.004       0.005       0.025
20151018       0.031       0.004       0.004       0.027
20151019       0.030       0.003       0.004       0.033
20151020       0.032       0.003       0.003       0.023
20151021       0.040       0.003       0.003       0.021
20151022       0.044       0.022       0.003       0.031
20151023       0.033       0.010       0.011       0.030
20151024       0.031       0.008       0.009       0.028
20151025       0.037       0.014       0.013       0.034
20151026       0.030       0.010       0.011       0.030
20151027       0.027       0.008       0.009       0.028
20151028       0.027       0.007       0.008       0.023
20151029       0.030       0.006       0.007       0.023
20151030       0.028       0.006       0.006       0.025
20151031       0.036       0.005       0.006       0.029
20151101       0.043       0.005       0.005       0.028
20151102       0.042       0.004   -9999.000   -9999.000
20151103       0.043       0.004       0.004       0.036
20151104       0.045       0.003       0.004       0.045
20151105       0.047       0.003       0.003       0.037
20151106       0.055       0.003       0.003       0.035
20151107       0.278       0.122       0.034       0.316
20151108       0.419       0.182       0.028       0.054
20151109       0.551       0.167       0.071       0.280
20151110       0.282       0.055       0.061       0.202
20151111       0.173       0.048       0.055       0.237
20151112       0.131       0.042       0.048       0.112
20151113       0.149       0.052       0.049       0.106
20151114       0.134       0.048       0.049       0.126
20151115       0.106       0.042       0.042       0.119
20151116       0.137       0.036       0.041       0.095
20151117       0.199       0.147       0.154       0.168
20151118       0.150       0.043       0.049       0.088
20151119       0.121       0.038       0.042       0.122
20151120       0.093       0.033       0.037       0.100
20151121       0.083       0.029       0.033       0.073
20151122       0.062       0.026       0.029       0.069
20151123       0.056       0.023       0.026       0.051
20151124       0.073       0.020       0.025       0.044
20151125       0.095       0.335       0.020       0.055
20151126       0.078       0.046       0.049       0.034
20151127       0.086       0.041       0.140       0.206
20151128       0.245       0.425       0.163       0.244
20151129       0.316       0.112       0.382       0.306
20151130       0.230       0.066       0.087       0.078
20151201       0.144       0.058       0.063       0.199
20151202       0.112       0.054       0.064       0.140
20151203       0.096       0.056       0.053       0.084
20151204       0.812       0.254       0.430       0.408
20151205       0.501       0.759       0.942       1.022
20151206       0.299       0.159       0.309       0.364
20151207       0.183       0.085       0.105       0.102
20151208       0.172       0.070       0.085       0.096
20151209       0.402       0.401       0.093       0.158
20151210       0.253       0.088       0.095       0.198
20151211       0.190       0.078       0.085       0.178
20151212       0.144       0.069       0.078       0.166
20151213       0.103       0.061       0.069       0.126
20151214       0.079       0.054       0.061       0.095
20151215       0.064       0.048       0.054       0.070
20151216       0.070       0.042       0.048       0.056
20151217       0.095       0.038       0.048       0.062
20151218       0.091       0.060       0.188       0.164
20151219       0.090       0.180       0.161       0.256
20151220       0.169       0.127       0.140       0.118
20151221       0.167       0.071   -9999.000   -9999.000
20151222       0.160       0.063   -9999.000   -9999.000
20151223       0.185       0.175       0.174       0.206
20151224       0.148       0.073       0.079       0.144
20151225       0.205       0.099       0.205       0.220
20151226       0.127       0.075       0.076       0.194
20151227       0.103       0.067       0.075       0.109
20151228       0.089       0.059       0.067       0.090
20151229       0.078       0.052       0.059       0.078
20151230       0.115       0.046       0.052       0.072
20151231       0.433       0.293       0.046       0.062
20160101       0.248       0.060       0.160       0.345
20160102       0.247       0.122       0.060       0.174
20160103       0.155       0.061       0.067       0.171
20160104       0.124       0.054       0.061       0.121
20160105       0.104       0.048       0.054       0.114
20160106  -10000.000       0.042       0.048       0.081
20160107  -10000.000       0.037       0.042       0.057
20160108  -10000.000       0.033       0.037       0.037
20160109  -10000.000       0.029       0.033       0.033
20160110  -10000.000       0.026       0.029       0.029
20160111  -10000.000       0.023       0.026       0.026
20160112  -10000.000       0.018       0.023       0.023
20160113  -10000.000       0.016       0.020       0.020
20160114  -10000.000       0.014       0.018       0.018
20160115       0.029       0.013       0.014       0.014
20160116  -10000.000       0.011       0.013       0.026
20160117  -10000.000       0.010       0.011       0.019
20160118  -10000.000       0.009       0.010       0.010
20160119  -10000.000       0.008       0.009       0.009
20160120  -10000.000       0.007       0.008       0.008
20160121  -10000.000       0.006       0.007       0.007
20160122       0.030       0.005       0.006       0.006
20160123       0.029       0.005       0.005       0.024
20160124       0.028       0.004       0.005       0.028
20160125       0.031       0.004       0.004       0.019
20160126       0.035       0.003       0.006       0.036
20160127       0.056       0.224       0.036       0.066
20160128       0.149       0.507       0.194       0.142
20160129       0.101       0.071       0.134       0.076
20160130       0.124       0.323       0.057       0.034
20160131       0.098       0.076       0.076       0.063
20160201       0.077       0.066       0.074       0.089
20160202       0.077       0.059       0.108       0.135
20160203       0.061       0.056       0.058       0.068
20160204       0.054       0.048       0.052       0.057
20160205       0.050       0.043       0.048       0.052
20160206       0.058       0.038       0.316       0.394
20160207       0.304       0.611       0.381       0.366
20160208       0.636       0.515       0.448       0.365
20160209       1.097       1.573       0.954       0.953
20160210       0.491       0.105       0.656       0.688
20160211       0.242       0.081       0.085       0.071
20160212       0.166       0.071       0.080       0.187
20160213       0.132       0.063       0.071       0.142
20160214       0.102       0.056       0.063       0.108
20160215       0.099       0.050       0.056       0.090
20160216       0.100       0.044       0.050       0.082
20160217       0.121       0.038       0.044       0.076
20160218       0.079       0.034       0.039       0.095
20160219       0.071       0.030       0.035       0.069
20160220       0.080       0.027       0.030       0.067
20160221       0.070       0.024       0.027       0.088
20160222       0.062       0.021       0.024       0.054
20160223       0.048       0.019       0.021       0.052
20160224       0.043       0.017       0.019       0.038
20160225       0.041       0.015       0.017       0.034
20160226       0.043       0.013       0.015       0.030
20160227       0.034       0.013       0.015       0.050
20160228       0.028       0.011       0.012       0.030
20160229       0.020       0.009       0.011       0.022
20160301       0.035       0.008       0.009       0.015
20160302       0.042       0.007       0.008       0.028
20160303       0.041       0.007       0.007       0.041
20160304       0.041       0.076       0.007       0.042
20160305       0.041       0.035       0.012       0.090
20160306       0.042       0.025       0.026       0.028
20160307       0.043       0.019       0.016       0.043
20160308       0.034       0.017       0.017       0.036
20160309       0.027       0.016       0.015       0.031
20160310       0.025       0.023       0.016       0.026
20160311       0.025       0.024       0.017       0.030
20160312       0.025       0.018       0.020       0.028
20160313       0.024       0.017       0.018       0.025
20160314       0.030       0.170       0.088       0.132
20160315       0.085       0.700       0.451       0.162
20160316       0.213       0.813       0.631       0.141
20160317       0.217       0.492       0.693       0.254
20160318       0.223       0.324       0.435       0.178
20160319       0.223       0.142       0.216       0.173
20160320       0.207       0.222       0.185       0.220
20160321       0.199       0.210       0.225       0.298
20160322       0.180       0.197       0.189       0.204
20160323   -9999.000   -9999.000       0.135       0.157
20160324       0.147       0.120   -9999.000   -9999.000
20160325       0.137       0.109   -9999.000   -9999.000
20160326       0.142       0.130   -9999.000   -9999.000
20160327       0.519       0.192       0.259       0.307
20160328       0.683       0.594       0.484       0.569
20160329       1.011       0.681       0.738       0.902
20160330       0.544       0.191       0.411       0.531
20160331       0.321       0.115       0.134       0.281
20160401       0.211       0.103       0.115       0.198
20160402       0.281       0.215       0.145       0.266
20160403       0.311       0.329       0.162       0.268
20160404       0.391       0.215       0.225       0.255
20160405       0.691       0.560       0.491       0.656
20160406       0.506       0.164       0.263       0.430
20160407       0.487       0.170       0.154       0.204
20160408       0.384       0.235       0.173       0.352
20160409       0.304       0.143       0.259       0.364
20160410       0.231       0.120       0.120       0.195
20160411       0.191       0.135       0.122       0.224
20160412       0.170       0.125       0.133       0.152
20160413       0.141       0.115       0.112       0.134
20160414       0.128       0.109       0.112       0.156
20160415       0.124       0.077       0.101       0.108
20160416       0.147       0.121       0.076       0.090
20160417       0.231       0.355       0.454       0.514
20160418       0.180       0.095       0.119       0.146
20160419       0.125       0.084       0.107       0.126
20160420       0.092       0.076       0.084       0.119
20160421       0.086       0.069       0.076       0.082
20160422       0.074       0.062       0.069       0.079
20160423       0.066       0.054       0.061       0.063
20160424       0.058       0.048       0.054       0.056
20160425       0.054       0.043       0.208       0.224
20160426       0.047       0.038       0.043       0.044
20160427       0.045       0.034       0.038       0.042
20160428       0.040       0.030       0.034       0.043
20160429       0.094       0.276       0.529       0.484
20160430       0.586       0.543       0.493       0.376
20160501       0.585       1.133       0.625       0.616
20160502       0.300       0.077       0.389       0.380
20160503       0.257       0.080       0.077       0.071
20160504       0.214       0.089       0.089       0.214
20160505       0.141       0.066       0.076       0.190
20160506       0.108       0.058       0.066       0.124
20160507       0.088       0.051       0.058       0.098
20160508       0.073       0.044       0.051       0.078
20160509       0.064       0.038       0.044       0.065
20160510       0.055       0.033       0.038       0.056
20160511       0.046       0.029       0.033       0.050
20160512       0.042       0.025       0.029       0.041
20160513       0.038       0.022       0.025       0.037
20160514       0.033       0.019       0.022       0.034
20160515       0.029       0.016       0.019       0.027
20160516       0.028       0.014       0.016       0.023
20160517       0.026       0.012       0.014       0.024
20160518       0.026       0.010       0.012       0.022
20160519       0.027       0.009       0.010       0.018
20160520       0.038       0.014       0.009       0.018
20160521       0.039       0.018       0.016       0.040
20160522       0.071       0.015       0.017       0.042
20160523       0.746       0.231       0.044       0.112
20160524       0.525       0.519       0.077       0.311
20160525       0.201       0.051       0.070       0.155
20160526       0.118       0.044       0.051       0.106
20160527       0.084       0.039       0.044       0.102
20160528       0.068       0.033       0.039       0.072
20160529       0.063       0.033       0.038       0.055
20160530       0.070       0.048       0.043       0.065
20160531       0.052       0.033       0.057       0.091
20160601       0.041       0.028       0.032       0.044
20160602       0.032       0.024       0.028       0.035
20160603       0.027       0.020       0.024       0.029
20160604       0.021       0.018       0.021       0.024
20160605       0.018       0.015       0.018       0.020
20160606       0.016       0.013       0.015       0.014
20160607       0.018       0.011       0.013       0.014
20160608       0.014       0.010       0.011       0.015
20160609       0.013       0.008       0.010       0.014
20160610       0.013       0.007       0.011       0.014
20160611       0.011       0.006       0.007       0.011
20160612       0.011       0.005       0.006       0.010
20160613       0.010       0.005       0.005       0.009
20160614       0.008       0.004       0.005       0.010
20160615       0.018       0.003       0.004       0.006
20160616       0.033       0.100       0.006       0.015
20160617       0.022       0.015       0.020       0.030
20160618       0.018       0.013       0.022       0.025
20160619       0.018       0.019       0.029       0.036
20160620       0.074       0.013       0.015       0.016
20160621       0.250       0.832       0.199       0.228
20160622       0.086       0.039       0.090       0.116
20160623       0.053       0.034       0.039       0.029
20160624       0.043       0.029       0.034       0.042
20160625       0.035       0.025       0.030       0.034
20160626       0.056       0.029       0.026       0.034
20160627       0.072       0.103       0.365       0.350
20160628       0.067       0.042       0.041       0.057
20160629       0.043       0.033       0.038       0.061
20160630       0.079       0.029       0.037       0.040
20160701       0.124       0.076       0.159       0.190
20160702       0.204       0.053       0.065       0.120
20160703       0.213       0.061       0.178       0.226
20160704       0.136       0.082       0.051       0.162
20160705       0.089       0.049       0.074       0.126
20160706       0.072       0.042       0.048       0.073
20160707       0.049       0.036       0.042       0.066
20160708       0.037       0.031       0.036       0.046
20160709       0.030       0.027       0.031       0.035
20160710       0.025       0.024       0.027       0.026
20160711       0.042       0.021       0.024       0.024
20160712       0.043       0.032       0.414       0.439
20160713       0.047       0.036       0.028       0.042
20160714       0.062       0.045       0.433       0.470
20160715       0.046       0.029       0.033       0.048
20160716       0.034       0.025       0.028       0.042
20160717       0.028       0.021       0.025       0.032
20160718       0.022       0.018       0.021       0.023
20160719       0.019       0.016       0.020       0.021
20160720       0.018       0.014       0.016       0.016
20160721       0.013       0.012       0.014       0.017
20160722       0.012       0.010       0.012       0.012
20160723       0.013       0.009       0.010       0.011
20160724       0.012       0.008       0.009       0.012
20160725       0.042       0.006       0.007       0.012
20160726       0.081       0.032       0.006       0.008
20160727       0.052       0.012       0.014       0.061
20160728       0.125       0.045       0.027       0.091
20160729       0.072       0.020       0.023       0.088
20160730       0.146       0.055       0.035       0.096
20160731       0.123       0.031       0.153       0.208
