date          Qobs       Qsimobs        Qsim       Qusi
20150801      70.962      44.642      51.879      69.404
20150802      78.437      99.642      53.203      77.264
20150803      74.776      71.304      81.804      72.756
20150804      71.115      62.968      67.539      63.144
20150805     128.466     121.524      81.899      82.916
20150806     113.568      70.163      97.876     120.335
20150807     125.880      87.578      72.391      93.477
20150808     120.123      73.789      72.425      96.006
20150809      92.101      56.901      67.061      99.499
20150810      86.486      49.455      57.670      80.198
20150811     108.461      70.765      51.207      76.352
20150812     121.848      64.605      61.656      94.095
20150813      90.603      41.001      60.002     109.663
20150814      72.214      41.342      46.925      81.338
20150815      83.024      58.487      45.599      72.541
20150816     165.979      87.859      75.506     113.603
20150817     170.753      84.705      83.094     146.988
20150818     130.597      60.411      79.337     143.356
20150819     104.877      55.572      60.247     116.341
20150820      96.652      52.900      55.507      97.558
20150821      92.834      48.433      51.594      87.861
20150822      93.694      49.686      47.729      82.833
20150823      85.215      42.352      48.113      86.478
20150824      76.119      44.868      42.789      75.692
20150825      93.801      46.153      43.221      68.955
20150826     127.580      76.025      54.113      94.312
20150827     140.526      71.357      83.569     143.159
20150828     131.114     113.267      83.868     154.046
20150829     129.554     113.937      92.185     114.113
20150830     129.259     145.124     117.008     122.239
20150831      92.624      81.507     105.002     105.827
20150901      66.817      45.191      70.497      65.537
20150902      63.082      66.227      63.504      60.935
20150903      69.236      42.355      55.101      50.740
20150904      61.698      34.775      39.129      53.092
20150905      51.750      40.044      34.523      51.399
20150906      43.075      29.470      33.839      43.133
20150907      34.703      26.441      28.700      38.194
20150908      30.151      24.464      27.286      33.647
20150909      28.146      24.281      26.701      30.438
20150910      26.454      25.578      27.238      28.676
20150911      24.739      24.786      25.432      25.875
20150912      25.439      27.395      24.521      23.454
20150913      34.759      35.741      26.336      25.857
20150914      65.406      50.368      78.344      42.885
20150915      78.928      41.469      61.407      53.567
20150916      86.693      54.704      54.843      85.722
20150917      67.222      33.501      52.943      85.876
20150918      61.029      37.660      40.777      64.020
20150919      57.572      32.806      34.061      51.305
20150920      47.235      29.826      31.148      48.614
20150921      37.012      21.759      23.270      37.703
20150922      29.512      19.868      20.156      32.195
20150923      25.926      23.159      22.457      31.733
20150924      26.290      22.100      21.205      24.532
20150925      52.946      92.947      26.674      31.536
20150926      68.798      87.941      66.436      52.343
20150927      50.504      39.604      64.567      56.851
20150928      36.233      26.510      39.146      36.459
20150929      28.221      22.638      27.236      27.837
20150930      23.309      18.818      23.848      25.806
20151001      21.004      20.165      22.500      23.033
20151002      20.417      21.112      22.450      20.626
20151003      21.836      19.585      19.257      19.230
20151004      20.667      19.986      18.143      19.889
20151005      18.184      16.242      16.784      18.950
20151006      15.895      19.620      12.823      15.159
20151007      14.197      22.234      16.916      15.832
20151008      14.739      23.994      22.129      16.436
20151009      18.415      20.802      20.860      14.009
20151010      17.665      16.160      17.646      14.789
20151011      15.176      13.416      15.326      15.134
20151012      13.060      17.076      13.300      12.867
20151013      11.404      15.271      12.488      11.802
20151014       9.995      10.396      11.525      10.560
20151015       8.804       9.336      13.660       9.564
20151016       7.777       8.367      12.379       8.244
20151017       6.901       7.512       8.475       7.365
20151018       6.179       6.707       7.600       6.398
20151019       5.580       5.965       6.780       5.610
20151020       5.114       5.339       6.061       5.267
20151021       5.005       8.221       6.274       5.327
20151022      17.537      19.963      12.891       8.053
20151023      81.143     194.773      38.640      24.317
20151024      50.929      51.171     114.014     100.869
20151025      57.498     120.508      57.452      38.694
20151026      51.705      74.184      89.043      57.937
20151027      41.704      37.925      61.967      34.346
20151028      30.261      21.802      34.060      27.030
20151029      22.932      19.171      21.779      20.880
20151030      18.515      17.385      19.809      22.097
20151031      24.447      21.240      22.109      21.907
20151101      38.872      45.819      21.375      23.315
20151102      33.966      29.237   -9999.000   -9999.000
20151103      28.384      23.545      29.475      30.966
20151104      24.545      21.902      22.741      24.299
20151105      21.595      19.686      21.089      22.756
20151106      19.388      20.268      18.828      20.500
20151107      33.354      25.195      27.849      27.248
20151108      45.033      67.479      21.759      18.022
20151109      60.307     154.995      32.447      65.002
20151110      73.487     173.886     146.837      84.249
20151111      65.864     151.887     136.397      78.864
20151112      70.611     132.121     124.049      63.965
20151113      72.604     144.266     110.879      58.534
20151114      57.815      93.852     121.693      66.814
20151115      59.032     186.869      87.294      46.098
20151116      43.099     169.987     103.787      51.494
20151117      46.237      91.339      88.676      39.532
20151118      41.737      96.464      99.963      40.812
20151119      30.064      40.296      87.895      26.118
20151120      22.113      22.334      36.559      19.221
20151121      16.990      19.085      21.902      13.949
20151122      13.298      16.606      18.647      15.126
20151123      11.203      14.847      16.632      12.463
20151124      10.614      18.203      17.181      12.848
20151125      10.055      15.522      15.541       9.137
20151126       9.184      11.656      14.542       9.676
20151127      39.410      54.484      22.235      19.221
20151128      91.308     124.557      29.440      20.230
20151129      59.891      70.392      73.262     123.722
20151130      42.750      52.877      55.524      37.438
20151201      33.026      58.215      36.717      26.325
20151202      29.196      33.745      43.076      34.140
20151203      49.946      94.230      34.367      26.099
20151204      42.583      62.072      68.049      45.698
20151205     136.150     291.892      86.958      71.205
20151206     189.917     424.443     214.502     147.811
20151207      90.575     298.403     279.483     200.025
20151208      55.431     123.825     229.623     106.179
20151209      95.872     213.788     130.829      49.005
20151210     121.139     278.439     176.554     100.382
20151211      74.416     177.271     211.261     111.301
20151212      44.423      86.758     155.807      54.364
20151213      30.437      40.970      78.105      22.708
20151214      22.722      23.405      40.201      18.090
20151215      18.047      20.689      23.239      14.715
20151216      14.904      18.605      20.899      16.845
20151217      16.013      21.425      26.057      20.831
20151218      67.565      68.206      33.545      22.530
20151219     142.653      76.460      94.057      84.553
20151220     306.912     333.437     108.112     176.983
20151221     283.314     370.871   -9999.000   -9999.000
20151222     140.348     267.040   -9999.000   -9999.000
20151223      97.653     222.751     219.526     126.155
20151224      71.425     204.475     188.343      99.775
20151225      77.254     281.508     158.833      64.409
20151226      47.542     115.228     199.330      76.804
20151227      32.015      53.744     107.691      29.724
20151228      24.186      28.806      53.470      16.194
20151229      19.641      22.391      27.922      14.835
20151230      16.793      28.134      25.100      19.275
20151231      19.804      63.714      30.230      29.305
20160101      21.379      77.456      49.391      26.395
20160102      18.880      37.535      51.236      19.152
20160103      14.720      22.256      33.397      12.050
20160104      11.236      20.035      22.278      11.980
20160105       9.242      18.064      20.043      11.331
20160106       8.202      16.314      18.070       8.845
20160107       7.367      14.736      16.309       8.483
20160108       6.769      13.333      14.748       7.066
20160109       6.254      12.064      13.344       6.864
20160110       6.030      11.799      12.270       6.133
20160111       5.904      12.316      12.030       6.356
20160112       5.462       8.909       9.903       5.675
20160113       5.164       8.144       9.073       5.490
20160114       5.108      10.627      10.219       6.408
20160115       4.915       8.584       7.475       3.742
20160116       4.726       8.859       8.076       5.020
20160117       4.394       5.348       6.146       3.521
20160118       4.174       4.808       5.696       4.513
20160119       4.047       4.302       5.043       4.028
20160120       3.809       3.810       4.290       3.690
20160121       3.593       3.410       3.807       3.583
20160122       3.447       3.058       3.414       3.613
20160123       3.492       8.500       5.302       7.980
20160124       3.744      13.465       9.488       5.359
20160125       4.281      26.510       9.856       3.746
20160126      23.271      81.535      21.359       5.566
20160127      40.099      94.133      55.754      30.212
20160128      33.151      68.298      70.685      27.008
20160129      34.836      84.092      61.010      29.073
20160130      39.865     199.665      80.699      25.222
20160131      27.889      83.656     134.720      41.411
20160201      21.775      40.953      73.440      21.449
20160202      24.006      80.853      52.179      20.870
20160203      21.173      60.195      55.334      14.419
20160204      16.235      27.880      45.438      14.677
20160205      13.492      17.079      25.709      13.078
20160206      14.011      38.855      23.879      18.796
20160207      20.070      42.269      31.447      11.755
20160208      26.283      40.753      39.751      18.183
20160209      22.596      37.807      39.403      27.176
20160210      17.932      18.939      28.186      14.747
20160211      13.992      12.035      15.922      11.936
20160212      10.786      10.729      12.043      11.181
20160213       8.603       9.611      10.733      10.067
20160214       7.316       8.625       9.610       7.649
20160215       6.394       7.713       8.630       7.123
20160216       5.849       6.948       7.712       6.053
20160217       5.863       7.448       8.616       6.950
20160218       5.342       6.187       7.086       5.268
20160219       4.944       5.786       6.165       4.950
20160220       5.258      12.200       9.350       8.170
20160221       5.907      38.649      15.900       9.050
20160222       6.065      31.726      27.808       5.546
20160223       6.204      16.903      23.370       3.741
20160224       5.978       8.415      13.092       4.639
20160225       5.470       7.967       8.917       5.546
20160226       5.008       5.535       6.482       3.766
20160227       4.720       4.894       5.701       4.773
20160228       4.426       4.356       5.116       4.367
20160229       4.026       3.903       4.354       4.067
20160301       3.806       3.492       3.889       3.501
20160302       3.701       5.566       7.056       7.110
20160303       3.588       3.810       6.663       4.494
20160304       3.432       2.765       3.224       2.729
20160305       3.263       2.483       3.255       3.780
20160306       3.187       2.210       2.618       2.947
20160307       3.214       1.941       2.911       3.723
20160308       3.026       1.737       1.938       2.507
20160309       3.035       1.665       1.800       2.673
20160310       2.954       1.499       1.844       2.902
20160311       2.811       1.304       1.418       2.404
20160312       2.746       1.201       1.277       2.355
20160313       2.747       3.881       1.811       4.441
20160314       2.746       2.583       3.213       2.583
20160315       3.053       3.247       5.058       6.359
20160316       4.202       4.668       6.727       8.633
20160317       6.108       6.900       7.922       7.950
20160318       8.242      10.899       7.102       7.764
20160319       8.474       5.996       8.122       9.940
20160320       7.713       5.682       6.191       7.438
20160321       7.004       5.493       5.978       7.220
20160322       6.656       7.195       6.081       7.620
20160323   -9999.000   -9999.000       5.919       5.179
20160324       5.505       6.347   -9999.000   -9999.000
20160325       5.198       9.411   -9999.000   -9999.000
20160326       5.259       8.040   -9999.000   -9999.000
20160327      12.821      48.128      13.341       9.544
20160328      22.453      35.919      31.496      15.412
20160329      20.148      45.333      32.836      32.296
20160330      18.053      23.809      33.595      19.910
20160331      13.754      14.472      20.850      11.812
20160401      10.415      12.064      13.945       9.989
20160402       9.053      16.467      15.102      12.827
20160403       8.966      13.944      14.257       8.444
20160404      10.297      12.724      12.553       7.295
20160405      17.608      27.642      14.768      14.017
20160406      24.423      26.522      23.496      22.490
20160407      23.416      20.256      21.431      22.219
20160408      20.297      14.829      17.467      18.677
20160409      17.283      12.395      14.646      18.769
20160410      14.620      10.844      12.005      15.003
20160411      13.025      11.555      10.841      13.268
20160412      11.890      10.381      10.622      12.307
20160413      11.616       9.668       9.743      10.968
20160414      10.955      11.127      10.653      12.886
20160415      12.279      17.559      13.158      15.029
20160416      12.401      11.119      12.741       8.691
20160417      11.196       9.356       9.988      10.645
20160418      11.817      14.442      11.516      13.831
20160419      14.490      22.591      19.784      16.948
20160420      12.989      12.128      15.261       9.296
20160421      12.172      14.706      12.046      14.194
20160422      13.207      16.115      14.366      14.270
20160423      10.827      10.010      12.877      10.262
20160424       9.218       9.188      10.818      10.486
20160425       7.828       8.087       9.279       8.530
20160426       6.926       7.218       8.190       7.168
20160427       6.359       6.774       7.230       6.144
20160428       6.086       6.075       6.756       5.869
20160429       5.854       5.805       6.677       6.141
20160430       5.914       6.412       6.185       6.037
20160501       5.941       6.857       6.389       6.857
20160502       6.559       8.808       6.890       6.745
20160503      13.272      14.919      13.947      13.082
20160504      20.748      13.647      12.384      10.677
20160505      21.576      22.528      11.622      18.260
20160506      23.577      32.246      19.400      34.000
20160507      26.838      53.032      31.358      33.235
20160508      45.497      78.363      54.047      39.228
20160509      65.024      92.509      75.046      52.617
20160510      69.748      94.494      85.237      68.698
20160511      71.637      97.263      92.194      71.380
20160512      73.298      97.483      88.958      67.988
20160513      68.296      75.705      82.878      63.382
20160514      51.775      39.567      61.391      51.242
20160515      40.317      27.176      37.236      31.344
20160516      34.490      23.660      24.666      27.880
20160517      32.794      26.031      20.578      26.318
20160518      32.144      25.994      22.725      32.647
20160519      47.274      47.290      33.016      48.339
20160520      71.117      53.487      40.243      46.160
20160521      92.942      86.083      50.054      81.597
20160522     110.947      84.808      64.751      96.154
20160523     126.542      96.866      80.863      97.570
20160524     108.948      67.902      86.275     105.001
20160525      97.979      66.318      63.205      89.509
20160526      84.902      63.035      60.869      89.041
20160527      77.756      61.347      60.613      79.243
20160528      77.794      66.379      61.331      73.769
20160529      76.688      78.146      65.164      79.779
20160530      96.664      65.545      67.411      64.644
20160531     163.228      85.456      82.226     101.419
20160601     185.801      89.910      79.791     132.338
20160602     172.566      75.069      86.236     170.320
20160603     169.678      72.048      76.166     150.544
20160604     156.781      78.393      73.110     154.625
20160605     144.507      76.136      75.170     149.217
20160606     131.136      72.515      74.214     134.630
20160607     119.819      68.915      71.258     122.731
20160608     112.773      57.135      65.321     107.501
20160609      92.717      47.985      54.177      95.749
20160610      75.302      38.727      44.163      73.644
20160611      61.405      32.215      36.676      60.135
20160612      54.940      31.329      31.974      49.557
20160613      52.641      33.943      31.324      50.165
20160614      53.876      36.929      33.047      50.840
20160615      57.705      41.001      35.589      53.371
20160616      65.357      35.847      40.031      55.199
20160617      69.937      34.268      36.224      56.535
20160618      73.861      34.333      36.420      66.244
20160619      78.394      31.628      32.313      62.526
20160620      71.905      24.955      28.395      68.439
20160621      94.089      61.216      41.316      90.771
20160622      82.472      33.877      44.720      80.691
20160623      77.329      34.903      34.297      68.031
20160624      87.590      36.439      35.737      70.614
20160625     125.771      65.392      40.860      87.753
20160626     113.694      45.352      55.072     115.355
20160627     125.572      51.209      52.055     108.975
20160628     118.007      55.969      46.650      99.078
20160629      86.105      35.953      46.308      94.683
20160630      81.838      43.724      42.433      81.198
20160701      97.869      40.434      42.894      71.070
20160702     109.266      55.489      47.321      95.728
20160703      99.347      70.596      53.922     104.196
20160704      74.926      42.067      54.625      83.575
20160705      62.033      39.517      39.111      56.405
20160706      53.102      33.120      36.910      52.328
20160707      46.309      27.715      30.834      44.230
20160708      43.309      28.690      29.851      44.270
20160709      44.173      34.449      30.541      42.962
20160710      47.197      29.424      30.962      40.551
20160711      71.635      72.371      35.897      49.641
20160712      84.908      62.201      59.833      65.962
20160713      76.424      54.748      54.412      71.708
20160714      69.697      49.492      51.464      63.530
20160715      64.242      41.853      45.327      58.859
20160716      62.029      47.166      41.843      58.434
20160717      80.931      72.620      58.691      70.315
20160718      79.354      50.925      58.748      67.042
20160719      63.924      35.236      45.103      58.621
20160720      60.871      44.983      37.447      54.427
20160721      65.272      43.077      43.105      57.004
20160722      77.396      43.765      44.981      63.954
20160723      79.094      40.879      43.906      72.954
20160724      70.359      40.016      40.779      72.070
20160725      65.473      43.028      42.391      69.902
20160726      76.789      62.439      47.524      71.177
20160727      84.203      56.593      53.774      71.353
20160728     108.122      82.550      64.707      78.939
20160729     112.322      74.395      75.097      93.737
20160730     111.891      76.510      71.247      88.328
20160731      81.946      63.456      64.965      84.650
