date          Qobs       Qsimobs        Qsim       Qusi
20150801       0.311       0.124       0.192       0.334
20150802       0.236       0.165       0.154       0.343
20150803       0.185       0.106       0.118       0.182
20150804       0.152       0.096       0.105       0.158
20150805  -10000.000       1.093       0.175       0.240
20150806  -10000.000       0.454       0.560       1.019
20150807       0.412       0.320       0.453       0.453
20150808       0.304       0.224       0.320       0.320
20150809       0.221       0.147       0.223       0.224
20150810       0.169       0.114       0.147       0.147
20150811       0.140       0.104       0.114       0.144
20150812       0.125       0.095       0.106       0.112
20150813       0.101       0.087       0.095       0.118
20150814       0.086       0.080       0.087       0.094
20150815       0.074       0.073       0.080       0.106
20150816       0.064       0.066       0.073       0.068
20150817       0.056       0.050       0.066       0.059
20150818       0.049       0.046       0.061       0.053
20150819       0.043       0.042       0.055       0.044
20150820       0.038       0.038       0.042       0.039
20150821       0.034       0.035       0.038       0.034
20150822       0.028       0.032       0.035       0.032
20150823       0.026       0.029       0.032       0.026
20150824       0.024       0.026       0.029       0.024
20150825       0.042       0.135       0.049       0.040
20150826       0.109       0.750       0.232       0.232
20150827       0.222       0.753       0.467       0.180
20150828       0.325       0.726       0.557       0.254
20150829       0.231       0.401       0.548       0.340
20150830       0.163       0.275       0.401       0.218
20150831       0.123       0.184       0.275       0.124
20150901       0.106       0.111       0.192       0.125
20150902  -10000.000       1.024       0.486       0.320
20150903  -10000.000       1.178       0.737       0.683
20150904       1.122       0.786       0.795       0.851
20150905       0.691       0.687       0.732       0.747
20150906       0.537       0.437       0.633       0.655
20150907       0.386       0.308       0.454       0.408
20150908       0.284       0.214       0.325       0.298
20150909       0.214       0.139       0.214       0.212
20150910       0.167       0.113       0.139       0.170
20150911       0.133       0.103       0.113       0.137
20150912       0.113       0.095       0.103       0.124
20150913       0.117       0.155       0.105       0.132
20150914       0.117       0.096       0.091       0.100
20150915       0.264       0.191       0.193       0.165
20150916       1.394       0.810       0.361       0.374
20150917  -10000.000       0.830       0.627       1.477
20150918  -10000.000       2.791       0.918       0.924
20150919  -10000.000       0.893       1.204       1.459
20150920  -10000.000       0.643       0.893       0.893
20150921  -10000.000       0.361       0.644       0.644
20150922  -10000.000       0.255       0.461       0.461
20150923  -10000.000       0.357       0.393       0.393
20150924  -10000.000       0.244       0.267       0.283
20150925       0.535       0.374       0.254       0.265
20150926       0.451       0.201       0.265       0.285
20150927       0.333       0.137       0.201       0.201
20150928       0.255       0.122       0.137       0.238
20150929       0.203       0.112       0.122       0.277
20150930       0.169       0.077       0.112       0.184
20151001       0.132       0.070       0.102       0.205
20151002       0.118       0.064       0.094       0.126
20151003       0.100       0.059       0.064       0.105
20151004       0.087       0.075       0.059       0.091
20151005       0.077       0.068       0.054       0.088
20151006       0.069       0.063       0.049       0.073
20151007       0.062       0.057       0.063       0.068
20151008       0.056       0.053       0.057       0.056
20151009       0.052       0.048       0.053       0.055
20151010  -10000.000       0.044       0.048       0.046
20151011       0.045       0.040       0.044       0.028
20151012       0.043       0.037       0.041       0.041
20151013       0.040       0.034       0.037       0.037
20151014       0.036       0.031       0.034       0.037
20151015       0.033       0.029       0.031       0.034
20151016       0.030       0.026       0.029       0.032
20151017       0.028       0.024       0.026       0.028
20151018       0.026       0.022       0.024       0.027
20151019       0.025       0.020       0.022       0.024
20151020       0.024       0.021       0.020       0.022
20151021       0.025       0.020       0.019       0.031
20151022       0.029       0.065       0.019       0.022
20151023       0.029       0.034       0.026       0.026
20151024       0.026       0.031       0.033       0.027
20151025       0.027       0.034       0.032       0.023
20151026       0.025       0.030       0.029       0.030
20151027       0.024       0.028       0.038       0.023
20151028  -10000.000       0.026       0.028       0.023
20151029       0.020       0.024       0.025       0.027
20151030       0.019       0.022       0.024       0.024
20151031       0.020       0.024       0.022       0.022
20151101       0.020       0.024       0.020       0.021
20151102       0.019       0.022   -9999.000   -9999.000
20151103       0.018       0.020       0.022       0.019
20151104       0.018       0.018       0.020       0.017
20151105       0.017       0.018       0.019       0.018
20151106       0.018       0.021       0.018       0.018
20151107       0.034       0.124       0.067       0.050
20151108       0.104       0.764       0.040       0.022
20151109       0.163       0.528       0.197       0.040
20151110       0.157       0.327       0.447       0.224
20151111       0.123       0.163       0.321       0.114
20151112       0.097       0.092       0.219       0.095
20151113       0.100       0.160       0.146       0.070
20151114       0.115       0.210       0.117       0.099
20151115       0.104       0.099       0.089       0.095
20151116       0.096       0.088       0.099       0.074
20151117       0.089       0.123       0.128       0.122
20151118       0.078       0.074       0.081       0.070
20151119       0.070       0.067       0.075       0.070
20151120       0.061       0.062       0.067       0.068
20151121       0.053       0.057       0.062       0.061
20151122       0.047       0.052       0.057       0.048
20151123       0.041       0.048       0.052       0.045
20151124       0.039       0.049       0.051       0.040
20151125       0.048       0.065       0.044       0.036
20151126       0.046       0.037       0.040       0.032
20151127       0.043       0.034       0.107       0.124
20151128       0.090       0.641       0.065       0.084
20151129       0.194       0.582       0.402       0.603
20151130       0.239       0.299       0.478       0.226
20151201       0.186       0.197       0.319       0.178
20151202       0.143       0.126       0.223       0.142
20151203       0.117       0.084       0.129       0.102
20151204       0.139       0.123       0.210       0.168
20151205       0.212       0.407       0.340       0.270
20151206       0.300       0.551       0.249       0.271
20151207       0.297       0.457       0.472       0.358
20151208       0.234       0.308       0.453       0.280
20151209       0.265       0.397       0.336       0.202
20151210       0.276       0.246       0.329       0.260
20151211       0.236       0.168       0.239       0.172
20151212       0.183       0.120       0.165       0.168
20151213       0.142       0.104       0.120       0.130
20151214       0.109       0.095       0.104       0.120
20151215       0.084       0.087       0.095       0.106
20151216       0.067       0.080       0.087       0.084
20151217       0.069       0.087       0.088       0.075
20151218  -10000.000       0.091       0.120       0.084
20151219  -10000.000       0.161       0.138       0.123
20151220  -10000.000       0.263       0.206       0.206
20151221       0.104       0.164   -9999.000   -9999.000
20151222       0.099       0.101   -9999.000   -9999.000
20151223       0.111       0.187       0.127       0.151
20151224       0.106       0.101       0.123       0.121
20151225       0.131       0.188       0.115       0.079
20151226       0.115       0.108       0.106       0.137
20151227       0.091       0.099       0.108       0.092
20151228       0.081       0.108       0.111       0.104
20151229       0.074       0.084       0.093       0.081
20151230       0.071       0.079       0.088       0.080
20151231       0.070       0.153       0.087       0.080
20160101       0.067       0.095       0.127       0.123
20160102       0.063       0.089       0.110       0.077
20160103       0.058       0.075       0.082       0.070
20160104       0.053       0.070       0.076       0.057
20160105       0.048       0.062       0.070       0.052
20160106       0.043       0.056       0.061       0.046
20160107       0.038       0.052       0.056       0.048
20160108       0.034       0.051       0.055       0.044
20160109       0.033       0.048       0.051       0.039
20160110       0.036       0.065       0.058       0.046
20160111       0.041       0.080       0.087       0.066
20160112       0.038       0.042       0.047       0.031
20160113       0.035       0.038       0.040       0.037
20160114       0.031       0.028       0.034       0.032
20160115       0.027       0.025       0.028       0.025
20160116       0.027       0.041       0.030       0.031
20160117       0.025       0.022       0.023       0.018
20160118       0.023       0.020       0.022       0.026
20160119       0.021       0.018       0.020       0.021
20160120       0.020       0.017       0.018       0.020
20160121       0.019       0.015       0.017       0.019
20160122       0.018       0.014       0.015       0.017
20160123       0.018       0.022       0.019       0.022
20160124       0.018       0.014       0.014       0.012
20160125       0.017       0.011       0.012       0.012
20160126       0.017       0.012       0.012       0.016
20160127       0.018       0.042       0.022       0.025
20160128       0.022       0.393       0.026       0.044
20160129       0.021       0.155       0.171       0.035
20160130       0.022       0.263       0.160       0.042
20160131       0.021       0.131       0.170       0.065
20160201       0.020       0.068       0.130       0.039
20160202       0.020       0.074       0.080       0.028
20160203       0.019       0.058       0.066       0.031
20160204       0.018       0.053       0.057       0.028
20160205       0.017       0.048       0.053       0.027
20160206       0.018       0.065       0.094       0.043
20160207  -10000.000       0.324       0.072       0.024
20160208       0.038       0.429       0.190       0.078
20160209       0.052       0.753       0.325       0.411
20160210       0.054       0.389       0.482       0.550
20160211       0.048       0.263       0.380       0.059
20160212       0.040       0.177       0.263       0.042
20160213       0.036       0.108       0.181       0.070
20160214       0.032       0.092       0.105       0.039
20160215       0.027       0.085       0.092       0.050
20160216       0.024       0.078       0.085       0.045
20160217       0.023       0.072       0.078       0.038
20160218       0.024       0.066       0.074       0.033
20160219       0.023       0.061       0.066       0.036
20160220       0.031       0.064       0.075       0.043
20160221       0.031       0.092       0.091       0.052
20160222       0.027       0.047       0.051       0.026
20160223       0.024       0.044       0.048       0.034
20160224       0.022       0.040       0.043       0.028
20160225       0.020       0.037       0.040       0.027
20160226       0.019       0.034       0.037       0.021
20160227       0.018       0.031       0.034       0.023
20160228       0.018       0.028       0.031       0.020
20160229       0.017       0.026       0.028       0.020
20160301       0.017       0.024       0.026       0.017
20160302       0.021       0.047       0.054       0.043
20160303       0.027       0.064       0.067       0.040
20160304       0.029       0.044       0.036       0.018
20160305       0.028       0.055       0.050       0.039
20160306       0.028       0.027       0.027       0.017
20160307       0.028       0.028       0.036       0.042
20160308       0.025       0.017       0.022       0.020
20160309       0.023       0.013       0.015       0.018
20160310       0.020       0.012       0.013       0.019
20160311       0.019       0.011       0.012       0.018
20160312       0.018       0.010       0.011       0.016
20160313       0.018       0.009       0.010       0.015
20160314       0.017       0.009       0.020       0.050
20160315       0.019       0.048       0.048       0.072
20160316       0.027       0.099       0.073       0.096
20160317       0.046       0.083       0.132       0.095
20160318       0.072       0.205       0.091       0.064
20160319       0.102       0.075       0.132       0.104
20160320       0.131       0.063       0.079       0.076
20160321       0.120       0.055       0.062       0.102
20160322       0.103       0.052       0.052       0.106
20160323   -9999.000   -9999.000       0.048       0.102
20160324       0.076       0.053   -9999.000   -9999.000
20160325       0.069       0.049   -9999.000   -9999.000
20160326       0.063       0.049   -9999.000   -9999.000
20160327       0.081       0.230       0.077       0.118
20160328       0.117       0.465       0.273       0.179
20160329       0.879       1.189       0.672       0.310
20160330       1.208       0.931       0.847       0.440
20160331       0.752       0.570       0.751       0.801
20160401       0.503       0.404       0.576       0.573
20160402       0.412       0.412       0.441       0.413
20160403  -10000.000       0.368       0.380       0.379
20160404  -10000.000       0.372       0.394       0.464
20160405       0.511       0.716       0.480       0.506
20160406       0.775       0.573       0.562       0.602
20160407       0.718       0.561       0.548       0.575
20160408       0.596       0.726       0.527       0.629
20160409       0.498       0.517       0.626       0.636
20160410       0.428       0.357       0.465       0.445
20160411       0.396       0.350       0.384       0.354
20160412       0.404       0.305       0.346       0.347
20160413       0.399       0.311       0.315       0.361
20160414       0.425       0.380       0.301       0.358
20160415       0.460       0.359       0.325       0.425
20160416       0.555       0.520       0.373       0.462
20160417       0.522       0.618       0.537       0.732
20160418       0.457       0.452       0.507       0.538
20160419       0.421       0.382       0.417       0.381
20160420       0.400       0.331       0.363       0.358
20160421       0.391       0.295       0.326       0.352
20160422       0.372       0.250       0.278       0.325
20160423       0.307       0.187       0.234       0.292
20160424       0.245       0.148       0.183       0.206
20160425       0.204       0.130       0.150       0.186
20160426       0.175       0.111       0.129       0.166
20160427       0.159       0.103       0.117       0.148
20160428       0.155       0.102       0.107       0.144
20160429       0.179       0.765       0.354       0.452
20160430       0.256       0.934       0.667       0.419
20160501       0.314       0.614       0.826       0.347
20160502       0.456       0.619       0.558       0.243
20160503       0.674       0.811       0.591       0.470
20160504       0.814       0.771       0.724       0.706
20160505       0.653       0.611       0.691       0.778
20160506       0.616       0.465       0.611       0.542
20160507       0.577       0.351       0.464       0.471
20160508       0.552       0.262       0.353       0.446
20160509       0.519       0.189       0.263       0.416
20160510       0.465       0.136       0.189       0.352
20160511       0.398       0.120       0.154       0.370
20160512       0.325       0.106       0.132       0.322
20160513       0.274       0.097       0.106       0.268
20160514       0.217       0.090       0.097       0.238
20160515       0.172       0.082       0.090       0.200
20160516       0.144       0.076       0.082       0.158
20160517       0.122       0.070       0.076       0.134
20160518       0.107       0.064       0.070       0.110
20160519       0.100       0.059       0.065       0.102
20160520  -10000.000       0.058       0.060       0.087
20160521  -10000.000       0.196       0.084       0.085
20160522  -10000.000       0.158       0.115       0.132
20160523       1.179       1.257       0.342       0.352
20160524       1.449       2.355       0.808       0.898
20160525       0.714       0.855       1.175       1.364
20160526       0.455       0.610       0.855       0.548
20160527       0.321       0.432       0.610       0.390
20160528       0.246       0.312       0.443       0.290
20160529  -10000.000       0.231       0.306       0.196
20160530       0.219       0.408       0.282       0.222
20160531       0.197       0.216       0.294       0.317
20160601       0.167       0.136       0.213       0.214
20160602  -10000.000       0.115       0.136       0.109
20160603       0.116       0.106       0.115       0.130
20160604       0.094       0.129       0.125       0.125
20160605       0.077       0.100       0.107       0.092
20160606       0.063       0.092       0.100       0.072
20160607       0.059       0.085       0.092       0.074
20160608       0.058       0.082       0.091       0.091
20160609       0.046       0.073       0.078       0.056
20160610       0.039       0.068       0.099       0.060
20160611       0.033       0.062       0.067       0.037
20160612       0.030       0.057       0.062       0.032
20160613       0.028       0.052       0.057       0.034
20160614       0.025       0.048       0.052       0.026
20160615       0.026       0.044       0.048       0.021
20160616       0.048       0.351       0.118       0.057
20160617       0.050       0.129       0.177       0.060
20160618       0.049       0.177       0.259       0.074
20160619       0.050       0.187       0.126       0.042
20160620       0.044       0.085       0.132       0.048
20160621  -10000.000       0.770       0.327       0.121
20160622  -10000.000       0.324       0.409       0.184
20160623  -10000.000       0.223       0.324       0.324
20160624  -10000.000       0.146       0.236       0.236
20160625  -10000.000       0.104       0.158       0.158
20160626  -10000.000       0.095       0.103       0.103
20160627       0.109       0.476       0.495       0.496
20160628       0.109       0.204       0.271       0.305
20160629       0.086       0.127       0.204       0.204
20160630  -10000.000       0.135       0.136       0.057
20160701  -10000.000       0.386       0.187       0.133
20160702  -10000.000       0.343       0.272       0.298
20160703  -10000.000       0.326       0.503       0.518
20160704  -10000.000       0.256       0.326       0.338
20160705  -10000.000       0.184       0.254       0.262
20160706       0.130       0.181       0.166       0.171
20160707       0.107       0.124       0.142       0.151
20160708       0.087       0.111       0.124       0.124
20160709       0.073       0.102       0.111       0.084
20160710       0.063       0.094       0.102       0.083
20160711  -10000.000       0.091       0.094       0.058
20160712  -10000.000       0.122       0.088       0.058
20160713       0.063       0.099       0.086       0.087
20160714       0.105       0.134       0.105       0.107
20160715       0.099       0.113       0.097       0.100
20160716       0.076       0.090       0.097       0.094
20160717       0.066       0.082       0.090       0.054
20160718       0.059       0.075       0.082       0.072
20160719       0.049       0.069       0.075       0.051
20160720       0.044       0.063       0.069       0.043
20160721       0.040       0.058       0.063       0.040
20160722       0.035       0.053       0.058       0.038
20160723       0.031       0.048       0.053       0.034
20160724       0.028       0.088       0.048       0.029
20160725       0.028       0.053       0.056       0.024
20160726       0.047       0.387       0.053       0.024
20160727       0.074       0.239       0.192       0.046
20160728       0.080       0.338       0.258       0.086
20160729       0.072       0.163       0.229       0.076
20160730       0.079       0.501       0.225       0.075
20160731       0.077       0.327       0.296       0.183
