date          Qobs       Qsimobs        Qsim       Qusi
20150801       6.506       7.545       9.731       7.938
20150802       5.420       6.568       7.730       5.763
20150803       5.616       8.461       7.258       5.512
20150804       5.296       6.168       7.903       5.643
20150805       4.456       6.300       6.525       4.742
20150806       3.985       6.363       6.086       4.111
20150807       3.534       5.472       6.259       4.060
20150808       3.265       6.517       5.407       3.019
20150809       2.922       5.916       6.152       3.195
20150810       2.676       4.356       5.642       2.712
20150811       2.551       4.203       4.339       2.059
20150812       2.621       4.953       4.103       2.401
20150813       2.900       5.645       4.379       2.517
20150814       2.819       5.162       5.381       3.059
20150815       2.466       4.191       4.796       2.801
20150816       2.071       3.820       4.201       2.372
20150817       1.710       3.401       3.816       2.014
20150818       1.471       3.043       3.411       1.628
20150819       1.276       2.737       3.051       1.363
20150820       1.110       2.509       2.744       1.184
20150821       0.977       2.292       2.505       1.035
20150822       0.865       2.135       2.294       0.913
20150823       0.768       2.014       2.139       0.838
20150824       0.711       1.931       2.023       0.752
20150825       0.668       1.873       1.934       0.698
20150826       0.615       1.800       1.873       0.650
20150827       0.571       1.716       1.799       0.610
20150828       0.539       1.675       1.717       0.579
20150829       0.510       3.243       1.672       0.551
20150830       0.530       4.399       3.152       0.703
20150831       0.593       5.138       3.872       0.646
20150901       0.713       4.242       5.201       0.809
20150902       0.715       3.410       4.077       0.736
20150903       0.642       2.862       3.398       0.668
20150904       0.580       2.463       2.862       0.585
20150905       0.555       3.952       2.592       0.563
20150906       0.577       4.179       3.790       0.712
20150907       0.635       3.312       3.745       0.654
20150908       0.669       2.766       3.353       0.659
20150909       0.654       2.441       2.854       0.610
20150910       0.605       2.147       2.481       0.575
20150911       0.560       1.826       2.013       0.526
20150912       0.514       1.613       1.828       0.496
20150913       0.476       1.492       1.614       0.462
20150914       0.440       1.439       1.466       0.428
20150915       0.410       1.392       1.419       0.429
20150916       0.382       1.355       1.400       0.420
20150917       0.360       1.333       1.358       0.375
20150918       0.356       1.343       1.360       0.376
20150919       0.369       1.504       1.608       0.426
20150920       0.547       3.544       2.686       0.746
20150921       0.893       2.183       2.817       0.624
20150922       0.914       1.804       2.170       0.725
20150923       0.783       1.613       1.804       0.768
20150924       0.716       5.109       1.605       0.700
20150925       0.678       2.983       4.043       0.888
20150926       0.663       3.566       3.358       0.736
20150927       1.192       6.246       4.022       0.865
20150928       1.760       4.176       5.203       1.241
20150929       1.759       4.288       4.321       1.741
20150930       4.073       7.532       4.655       1.853
20151001      14.432      11.516       8.069       5.177
20151002      23.946      23.500       9.841      14.774
20151003      27.873      17.853      16.072      22.585
20151004      19.120      13.876      14.389      21.763
20151005      15.433      11.810      12.878      15.050
20151006       8.611       9.828      11.441      15.070
20151007       5.813       8.698       9.839       8.069
20151008       4.470       8.085       8.636       5.244
20151009       3.676       7.301       7.864       4.175
20151010       3.178       6.225       7.241       3.445
20151011       3.056       7.650       6.408       3.285
20151012       3.033       6.387       7.024       3.430
20151013       3.276       6.272       6.272       3.133
20151014       4.976       9.961       6.538       3.618
20151015       5.795       7.355       8.114       5.466
20151016      14.698      14.493       8.989       5.897
20151017      12.464      11.440      11.950      14.532
20151018      10.342      12.480      10.915      11.506
20151019       7.167       9.195      10.827      10.117
20151020       5.350       7.922       9.124       7.013
20151021       4.402       7.753       7.906       5.127
20151022       3.949       7.568       7.535       4.425
20151023       5.199      10.757       7.616       4.299
20151024       5.549       7.869       9.552       5.478
20151025       4.642      10.099       7.942       5.442
20151026       5.306       9.620       9.057       4.852
20151027       4.829       7.635       9.003       4.768
20151028       3.782       6.521       7.617       4.142
20151029       3.287       5.570       6.548       3.428
20151030       2.784       4.747       5.834       3.153
20151031       2.797       4.032       5.864       3.279
20151101       7.355      10.812       5.550       3.352
20151102      10.597      11.868   -9999.000   -9999.000
20151103      15.416      13.491      11.067      11.292
20151104      25.216      28.749      13.505      14.661
20151105      19.974      14.238      19.807      22.862
20151106      11.009      11.420      13.329      16.087
20151107       7.825      10.439      11.670      11.762
20151108       6.303       9.693      10.651       8.890
20151109       5.215       8.563       9.229       6.908
20151110       4.302       8.985       8.375       4.920
20151111       3.820       7.877       8.555       4.997
20151112       3.492       6.830       7.641       3.772
20151113       3.032       5.788       6.790       2.998
20151114       2.699       5.077       5.790       2.791
20151115       2.230       4.293       5.038       2.441
20151116       2.016       3.651       4.292       2.111
20151117       1.835       3.064       3.653       1.855
20151118       1.811       2.659       3.099       1.670
20151119       1.679       2.231       2.656       1.619
20151120       1.437       1.937       2.231       1.486
20151121       1.276       1.733       1.937       1.254
20151122       1.133       1.571       1.729       1.146
20151123       1.235       1.576       1.573       1.052
20151124       1.285       1.568       1.585       1.256
20151125       1.224       1.772       1.592       1.312
20151126       1.223       1.760       1.735       1.430
20151127       1.552       4.506       1.970       1.587
20151128       1.809       3.600       3.649       1.952
20151129       1.718       3.226       3.461       1.726
20151130       1.467       2.877       3.162       1.720
20151201       1.245       2.575       2.862       1.452
20151202       1.317       2.375       2.589       1.167
20151203       1.339       2.509       2.459       1.298
20151204       1.648       6.367       2.426       1.305
20151205       1.684       4.077       7.707       2.147
20151206       1.577       6.657       4.093       1.762
20151207       1.721       5.569       5.631       1.906
20151208       1.795       5.884       5.402       1.839
20151209       1.989       5.234       5.693       1.969
20151210       2.520       6.392       5.107       1.825
20151211       2.327       5.757       5.678       2.788
20151212       1.912       5.846       5.479       2.317
20151213       1.680       4.777       5.447       2.046
20151214       1.612       4.216       4.782       1.614
20151215       1.689       3.735       4.214       1.542
20151216       1.731       3.442       3.741       1.613
20151217       1.655       3.058       3.340       1.607
20151218       1.597       2.802       3.164       1.629
20151219       1.609       2.847       2.783       1.515
20151220       2.242       5.290       3.759       2.103
20151221       4.985       8.648   -9999.000   -9999.000
20151222       5.826       7.137   -9999.000   -9999.000
20151223       4.769       5.814       6.840       5.450
20151224       4.185       6.872       6.042       4.670
20151225       4.057      11.987       6.285       4.127
20151226       3.193       7.862       9.060       4.617
20151227       2.999       6.785       7.853       2.884
20151228       2.818       5.853       6.783       2.716
20151229       2.529       5.032       5.844       2.639
20151230       2.382       4.349       5.031       2.399
20151231       2.440       4.448       4.349       2.234
20160101       2.287       7.079       4.112       2.314
20160102       1.944       7.522       6.026       2.593
20160103       1.358       5.769       6.694       2.118
20160104       1.597       4.981       5.769       1.324
20160105       1.255       4.298       4.981       1.664
20160106       1.439       3.707       4.298       1.191
20160107       1.379       3.195       3.707       1.355
20160108       1.252       2.743       3.195       1.300
20160109       1.144       2.393       2.743       1.153
20160110       1.118       2.124       2.393       1.059
20160111       0.999       1.922       2.124       1.026
20160112       1.041       1.852       1.924       0.906
20160113       0.980       1.757       1.838       1.034
20160114       0.969       1.725       1.756       0.975
20160115       0.976       1.715       1.717       0.985
20160116       1.019       1.705       1.716       0.989
20160117       1.047       1.699       1.705       1.032
20160118       1.092       1.690       1.698       1.054
20160119       1.100       1.681       1.690       1.111
20160120       1.084       1.672       1.681       1.117
20160121       0.919       1.670       1.674       1.106
20160122       0.934       1.675       1.673       0.969
20160123       0.843       1.662       1.671       0.979
20160124       0.823       1.654       1.663       0.893
20160125       0.816       1.650       1.664       0.837
20160126       0.699       1.680       1.651       0.856
20160127       0.870       1.684       1.670       0.730
20160128       1.020       1.667       1.674       0.877
20160129       0.928       1.663       1.665       1.038
20160130       0.799       2.695       1.662       0.992
20160131       0.840       3.604       1.996       0.876
20160201       0.787       2.759       3.587       0.998
20160202       0.777       2.557       2.760       0.803
20160203       0.755       2.386       2.558       0.778
20160204       0.735       2.249       2.391       0.743
20160205       0.728       2.109       2.247       0.738
20160206       0.713       1.990       2.107       0.708
20160207       0.699       1.913       1.993       0.710
20160208       0.677       1.841       1.903       0.679
20160209       0.652       2.226       1.856       0.674
20160210       0.632       2.006       2.007       0.728
20160211       0.628       1.889       1.979       0.628
20160212       0.629       1.814       1.887       0.631
20160213       0.625       1.756       1.805       0.631
20160214       0.625       1.711       1.756       0.633
20160215       0.620       1.676       1.712       0.643
20160216       0.631       1.675       1.688       0.635
20160217       0.639       1.668       1.673       0.631
20160218       0.625       2.628       1.668       0.651
20160219       0.595       1.986       2.118       0.744
20160220       0.552       1.849       1.982       0.580
20160221       0.496       1.978       1.849       0.556
20160222       0.494       1.975       1.899       0.520
20160223       0.503       1.818       1.917       0.512
20160224       0.510       1.749       1.829       0.491
20160225       0.513       1.695       1.746       0.514
20160226       0.522       1.650       1.695       0.504
20160227       0.560       1.623       1.653       0.510
20160228       0.563       1.626       1.624       0.556
20160229       0.570       1.625       1.623       0.584
20160301       0.541       1.623       1.621       0.577
20160302       0.466       1.620       1.619       0.569
20160303       0.522       1.609       1.617       0.476
20160304       0.492       1.601       1.609       0.550
20160305       0.483       1.623       1.601       0.498
20160306       0.465       1.615       1.593       0.502
20160307       0.447       1.624       1.590       0.485
20160308       0.427       1.573       1.602       0.472
20160309       0.419       1.566       1.572       0.444
20160310       0.416       1.558       1.567       0.424
20160311       0.472       1.626       1.571       0.461
20160312       0.492       1.818       1.701       0.506
20160313       0.520       1.946       1.802       0.546
20160314       0.551       2.217       1.857       0.583
20160315       0.609       2.884       2.441       0.707
20160316       1.243       3.867       3.007       0.706
20160317       3.771       5.654       3.310       1.246
20160318       4.553       4.112       4.797       3.436
20160319       3.980       3.663       4.116       3.993
20160320       3.410       3.268       3.661       3.626
20160321       2.779       2.929       3.268       3.141
20160322       2.321       2.927       2.927       2.575
20160323   -9999.000   -9999.000       2.629       2.066
20160324       1.839       2.021   -9999.000   -9999.000
20160325       1.645       1.861   -9999.000   -9999.000
20160326       1.490       1.777   -9999.000   -9999.000
20160327       1.443       3.495       1.882       1.626
20160328       1.914       6.254       3.076       1.969
20160329       2.599       8.605       4.946       2.301
20160330       3.314      11.034       7.201       3.184
20160331       3.190       7.851       8.793       3.537
20160401       2.656       6.715       7.756       2.852
20160402       2.207       5.755       6.690       2.336
20160403       1.990       6.563       5.757       2.060
20160404       2.035       6.235       6.127       2.181
20160405       2.113       5.336       5.959       1.911
20160406       2.169       5.012       5.253       1.958
20160407       2.206       4.773       4.900       2.165
20160408       2.136       4.048       4.592       2.094
20160409       2.215       3.716       4.050       2.077
20160410       2.374       3.593       3.656       1.998
20160411       2.264       3.470       3.417       2.274
20160412       2.259       3.225       3.325       2.192
20160413       2.089       2.795       3.135       2.145
20160414       1.790       2.480       2.785       1.887
20160415       1.710       2.315       2.464       1.560
20160416       1.619       2.592       2.284       1.587
20160417       1.554       2.165       2.385       1.631
20160418       1.587       2.193       2.163       1.455
20160419       1.626       2.310       2.123       1.588
20160420       1.606       2.130       2.163       1.568
20160421       1.672       2.946       2.081       1.509
20160422       1.762       2.960       2.430       1.886
20160423       1.805       2.438       2.692       1.781
20160424       1.723       2.174       2.418       1.618
20160425       1.580       1.964       2.172       1.585
20160426       1.538       1.886       1.963       1.483
20160427       1.666       2.286       1.874       1.498
20160428       2.335       4.204       2.329       2.020
20160429       3.812       5.298       3.420       2.742
20160430       7.230       9.007       5.039       4.399
20160501       8.505      10.472       7.572       8.629
20160502       9.400      13.418       9.537       9.437
20160503      11.381      21.470      11.840      10.821
20160504      17.697      30.209      18.586      13.519
20160505      18.078      21.458      22.936      17.382
20160506      17.093      26.545      20.835      15.607
20160507      18.302      24.548      23.427      17.416
20160508      20.029      27.501      22.133      16.599
20160509      18.631      20.841      20.711      17.421
20160510      14.908      15.771      16.454      13.954
20160511      11.981      10.847      12.795      10.171
20160512       9.828      13.612      11.176      10.133
20160513       8.882      11.263      11.022       9.704
20160514       7.329      14.038      10.727       7.764
20160515       7.224      12.564      10.995       7.191
20160516       7.787      10.989      10.573       6.248
20160517       7.392      14.856      10.148       6.787
20160518       6.346       9.949      11.081       7.094
20160519       5.333       8.748       9.762       5.989
20160520       4.915       7.874       8.622       4.809
20160521       6.907      15.221       8.557       5.157
20160522      12.052      15.811      12.140       8.031
20160523      20.381      35.121      17.265      15.508
20160524      18.505      22.757      25.347      21.994
20160525      15.933      19.966      20.188      15.477
20160526      13.986      15.212      17.623      12.953
20160527      14.282      19.520      17.087      12.996
20160528      15.713      27.148      21.358      16.578
20160529      16.457      32.597      27.414      18.452
20160530      15.731      32.341      31.941      18.140
20160531      14.955      29.049      31.670      16.795
20160601      12.860      26.020      29.563      15.539
20160602      12.135      20.766      24.602      11.596
20160603       9.874      18.042      19.484       9.944
20160604       8.381      11.570      14.963       8.667
20160605       6.931       8.716      10.352       6.028
20160606       5.637       8.106       8.724       5.906
20160607       5.834      10.578       8.379       5.874
20160608       8.785      14.381       9.948       6.871
20160609       8.471       8.600      10.936       8.646
20160610       7.473       7.686       8.560       6.741
20160611       6.580       8.615       7.890       7.058
20160612       5.908       8.593       8.283       7.076
20160613       5.060       7.713       8.112       5.951
20160614       4.730       7.491       7.527       5.176
20160615       4.537       6.361       6.782       4.309
20160616       4.322       7.745       7.018       4.468
20160617       4.441       8.099       8.353       4.909
20160618       5.239       9.159       8.230       4.530
20160619       9.291      12.541       9.326       5.684
20160620      11.565      14.867      11.689       9.713
20160621       8.719       9.135      12.377      11.083
20160622       7.207      10.073       9.733       7.676
20160623       5.762       8.776       9.616       7.314
20160624       5.068      11.335       9.358       5.902
20160625       4.573       7.780      10.276       5.328
20160626       4.023       6.636       7.763       3.522
20160627       3.748       6.836       6.986       3.610
20160628       3.859       7.726       6.901       3.774
20160629       3.665       7.421       7.774       4.256
20160630       3.333       5.887       6.883       3.280
20160701       3.085       6.184       6.147       3.154
20160702       3.129       6.590       6.487       3.131
20160703       2.913       5.843       6.411       3.472
20160704       2.520       4.404       5.362       2.670
20160705       2.056       4.073       4.434       2.332
20160706       1.759       3.809       4.590       2.256
20160707       1.617       3.363       3.773       1.780
20160708       1.467       2.977       3.370       1.538
20160709       1.330       2.921       3.032       1.376
20160710       1.235       2.547       2.837       1.325
20160711       1.133       2.300       2.550       1.192
20160712       1.031       2.182       2.313       1.100
20160713       0.912       2.038       2.395       1.134
20160714       0.812       1.911       2.027       0.925
20160715       0.750       1.777       1.923       0.818
20160716       0.856       2.860       1.802       0.750
20160717       1.423       3.357       2.634       0.856
20160718       1.634       5.000       3.787       1.841
20160719       1.771       3.548       4.489       1.872
20160720       1.546       2.938       3.520       1.598
20160721       1.294       2.490       2.935       1.361
20160722       1.070       2.131       2.492       1.123
20160723       0.863       1.844       2.132       0.939
20160724       0.761       1.764       1.853       0.777
20160725       0.758       1.882       1.789       0.725
20160726       0.730       1.593       1.764       0.724
20160727       1.022       2.401       1.664       0.724
20160728       1.663       2.583       2.480       1.064
20160729       1.799       3.298       2.368       1.606
20160730       2.411       2.500       3.117       1.743
20160731       2.283       2.576       2.454       2.135
