date          Qobs       Qsimobs        Qsim       Qusi
20150801       2.167       1.690       2.336       2.916
20150802       1.702       1.285       1.706       1.496
20150803       2.827       1.901       1.472       1.377
20150804       2.268       1.116       1.535       2.604
20150805       1.961       1.171       1.170       1.641
20150806       2.667       1.395       1.113       1.428
20150807       2.173       1.293       1.304       2.251
20150808       2.124       1.508       1.191       1.931
20150809       2.484       2.629       1.297       1.843
20150810       1.895       1.729       1.870       2.566
20150811       1.683       1.413       1.585       1.409
20150812       4.291       2.969       1.660       1.716
20150813       5.059       2.486       2.067       3.364
20150814       3.922       1.651       2.006       3.911
20150815       2.420       1.222       1.621       2.901
20150816       2.222       1.306       1.279       1.940
20150817       1.909       1.060       1.276       1.967
20150818       1.336       0.929       1.106       1.703
20150819       1.124       0.851       0.972       1.168
20150820       1.027       0.830       0.872       0.960
20150821       0.961       0.783       0.840       0.915
20150822       0.907       0.766       0.808       0.870
20150823       0.882       0.713       0.799       0.886
20150824       0.865       0.795       0.768       0.858
20150825       0.919       0.790       0.798       0.857
20150826       0.941       0.785       0.800       0.838
20150827       1.230       0.861       0.780       0.876
20150828       1.518       0.918       0.723       0.980
20150829       2.994       1.976       0.989       1.586
20150830       5.295       3.208       2.850       4.513
20150831       5.485       3.580       2.103       4.397
20150901       4.075       3.616       2.853       4.065
20150902       2.242       1.260       2.321       3.159
20150903       1.384       0.704       1.175       1.121
20150904       0.978       0.564       0.698       0.827
20150905       0.980       1.153       0.610       0.724
20150906       6.332       4.228       1.110       1.166
20150907       3.799       1.543       2.242       5.455
20150908       2.747       0.899       1.550       2.165
20150909       1.685       0.816       1.004       1.814
20150910       1.221       0.624       0.795       1.133
20150911       0.930       0.413       0.496       0.921
20150912       0.738       0.396       0.430       0.673
20150913       0.647       0.404       0.402       0.691
20150914       0.627       0.448       0.412       0.606
20150915       0.638       0.406       0.407       0.593
20150916       0.624       0.438       0.404       0.566
20150917       0.604       0.390       0.425       0.552
20150918       0.571       0.431       0.390       0.546
20150919       3.111       0.842       0.738       0.920
20150920      10.285      10.380       5.346       8.105
20150921       4.299       2.956       5.139      10.671
20150922       1.999       1.270       2.604       2.028
20150923       1.229       0.858       1.227       0.965
20150924       0.911       2.593       0.964       0.907
20150925       0.755       0.989       1.350       0.988
20150926       3.041       2.827       1.284       0.657
20150927       7.444       5.591       2.940       3.185
20150928       3.437       1.703       3.347       5.591
20150929       2.795       1.538       1.683       1.685
20150930       7.592       5.526       3.370       3.419
20151001      10.123       6.416       6.528      10.194
20151002      11.867       8.387       6.424       9.108
20151003       7.807       6.099       7.771       9.840
20151004       5.633       4.951       4.907       5.527
20151005       3.850       2.162       3.720       3.545
20151006       1.919       0.998       1.758       1.999
20151007       1.147       0.671       0.998       1.088
20151008       0.802       0.452       0.672       0.774
20151009       0.607       0.347       0.452       0.544
20151010       0.506       0.313       0.347       0.486
20151011       1.191       2.407       0.658       0.845
20151012       1.842       1.493       1.296       1.342
20151013       2.390       1.619       1.377       1.626
20151014       4.650       5.875       2.176       2.428
20151015       6.765       3.431       3.585       4.632
20151016       8.228       8.823       4.977       5.200
20151017       5.725       4.383       5.484       7.171
20151018       5.014       5.228       4.583       3.973
20151019       2.361       2.061       3.347       3.920
20151020       1.435       1.095       1.699       1.258
20151021       1.223       1.671       1.251       1.018
20151022       1.316       1.542       1.533       1.453
20151023       4.278       5.377       1.843       1.493
20151024       3.502       2.604       3.465       3.852
20151025       4.381       6.618       3.290       3.101
20151026       3.922       4.034       3.905       3.878
20151027       2.111       2.592       2.962       2.426
20151028       1.270       1.058       1.919       1.406
20151029       0.867       0.716       1.057       0.743
20151030       0.653       0.479       0.765       0.681
20151031       0.776       0.635       0.789       0.706
20151101       5.449       6.014       1.616       1.502
20151102       7.152       4.132   -9999.000   -9999.000
20151103       8.549       4.943       4.956       6.361
20151104       9.774       8.020       5.479       8.526
20151105       5.199       4.851       6.075       8.713
20151106       2.798       2.469       3.631       3.761
20151107       1.736       1.220       2.210       1.833
20151108       1.799       2.528       1.629       1.557
20151109       1.682       1.709       1.370       1.618
20151110       1.134       1.927       1.467       1.316
20151111       1.224       1.532       1.561       1.103
20151112       1.397       4.163       1.479       1.053
20151113       1.059       1.299       2.232       1.562
20151114       0.855       1.281       1.414       0.640
20151115       0.679       0.770       1.072       0.700
20151116       0.556       0.651       0.775       0.565
20151117       0.460       0.601       0.597       0.464
20151118       0.404       0.452       0.563       0.428
20151119       0.398       0.848       0.552       0.437
20151120       0.390       0.579       0.658       0.419
20151121       0.381       0.626       0.585       0.400
20151122       0.361       0.359       0.408       0.288
20151123       0.359       0.412       0.511       0.480
20151124       0.333       0.504       0.457       0.370
20151125       0.295       2.640       0.418       0.394
20151126       0.385       4.720       2.065       1.004
20151127       0.807       6.275       4.351       1.268
20151128       0.990       6.678       4.327       1.155
20151129       0.775       3.900       4.442       1.102
20151130       0.599       1.358       3.028       0.696
20151201       0.523       1.062       1.418       0.442
20151202       0.540       5.483       1.713       0.788
20151203       0.535       3.181       4.065       1.312
20151204       0.672       4.551       2.804       0.709
20151205       0.608       1.773       3.999       1.214
20151206       0.597       4.760       2.402       0.869
20151207       0.662       4.814       2.889       0.986
20151208       0.603       3.145       3.619       1.129
20151209       2.266       4.406       2.933       0.802
20151210       3.260       3.183       2.895       1.904
20151211       1.920       2.961       2.388       2.445
20151212       1.208       2.359       1.928       1.602
20151213       0.862       1.119       1.656       0.960
20151214       0.665       1.228       1.186       0.768
20151215       0.619       0.687       0.922       0.663
20151216       0.601       1.248       0.805       0.678
20151217       0.539       0.622       1.003       0.962
20151218       1.077       2.057       1.498       0.997
20151219       3.255       2.593       2.235       1.914
20151220       8.154       5.629       4.061       4.375
20151221      11.100       7.262   -9999.000   -9999.000
20151222       6.114       5.605   -9999.000   -9999.000
20151223       2.767       2.022       4.275       4.569
20151224       2.297       3.731       2.695       2.136
20151225       2.739       5.169       2.407       2.054
20151226       2.107       2.812       2.674       2.271
20151227       1.377       1.283       2.121       1.559
20151228       0.976       1.654       1.287       1.095
20151229       0.751       0.923       1.401       1.093
20151230       0.635       0.942       1.117       0.672
20151231       0.559       1.223       0.883       0.581
20160101       0.467       1.638       0.930       0.618
20160102       0.379       1.225       1.411       0.638
20160103       0.290       0.661       1.016       0.374
20160104       1.877       0.494       0.661       0.220
20160105       0.285       0.363       0.494       1.060
20160106       0.250       0.311       0.363       0.246
20160107       0.234       0.290       0.316       0.234
20160108       0.222       0.252       0.280       0.224
20160109       0.170       0.227       0.252       0.196
20160110       0.124       0.204       0.227       0.158
20160111       0.152       0.186       0.205       0.130
20160112       0.137       0.240       0.190       0.152
20160113       0.099       0.163       0.178       0.120
20160114       0.070       0.143       0.162       0.088
20160115       0.082       0.127       0.138       0.063
20160116       0.066       0.113       0.174       0.113
20160117       0.069       0.144       0.170       0.100
20160118       0.085       0.104       0.113       0.054
20160119       0.094       0.189       0.134       0.099
20160120       0.091       0.124       0.138       0.086
20160121       1.105       0.227       0.178       0.117
20160122       2.286       0.297       0.187       0.408
20160123       3.460       0.462       0.175       1.914
20160124      14.022       0.338       0.307       2.242
20160125      12.153       0.937       0.736      20.832
20160126      13.450       3.717       0.668       9.412
20160127       8.886       3.337       2.068       9.000
20160128       3.912       2.475       2.365       6.165
20160129       2.122       2.482       1.810       2.413
20160130       0.838       3.390       1.710       1.699
20160131       0.458       5.226       1.855       0.994
20160201       0.467       1.415       3.700       0.505
20160202       0.393       0.861       1.319       0.322
20160203       0.513       0.687       0.909       0.372
20160204       0.430       0.863       0.757       0.436
20160205       0.379       0.528       0.712       0.473
20160206       0.254       0.342       0.434       0.312
20160207       0.242       1.626       0.443       0.290
20160208       0.260       1.154       0.691       0.476
20160209       0.306       2.047       0.830       0.255
20160210       0.261       2.419       1.292       0.398
20160211       0.248       1.040       1.758       0.446
20160212       0.209       0.679       0.861       0.212
20160213       0.245       0.396       0.560       0.168
20160214       0.248       0.274       0.396       0.196
20160215       0.220       0.306       0.362       0.230
20160216       0.203       0.379       0.338       0.256
20160217       0.142       0.330       0.267       0.175
20160218       0.151       2.137       0.320       0.185
20160219       0.157       0.916       0.979       0.323
20160220       0.157       1.177       0.784       0.180
20160221       0.136       0.853       0.853       0.219
20160222       0.127       0.533       0.745       0.164
20160223       0.111       0.361       0.522       0.132
20160224       0.135       1.784       0.640       0.190
20160225       0.139       0.654       0.926       0.231
20160226       0.136       0.414       0.584       0.127
20160227       0.138       0.387       0.467       0.145
20160228       0.149       0.402       0.516       0.200
20160229       0.157       0.382       0.377       0.154
20160301       0.143       0.306       0.304       0.158
20160302       0.111       0.195       0.234       0.113
20160303       0.122       0.162       0.196       0.101
20160304       0.106       0.140       0.166       0.099
20160305       0.104       0.221       0.148       0.108
20160306       0.092       0.209       0.149       0.100
20160307       0.083       0.156       0.164       0.097
20160308       0.079       0.119       0.200       0.098
20160309       0.074       0.110       0.117       0.061
20160310       0.074       0.126       0.169       0.111
20160311       0.225       4.298       0.834       0.369
20160312       0.342       2.360       2.633       0.512
20160313       0.352       1.877       2.226       0.404
20160314       0.556       2.692       2.292       0.453
20160315       2.730       3.658       2.449       0.713
20160316       5.738       4.529       3.882       2.821
20160317       8.426       4.657       3.698       5.156
20160318       3.457       1.267       3.131       6.695
20160319       1.721       0.843       1.212       1.254
20160320       1.067       0.598       0.847       1.090
20160321       0.751       0.374       0.578       0.760
20160322       0.616       0.338       0.335       0.408
20160323   -9999.000   -9999.000       0.285       0.437
20160324       0.436       0.380   -9999.000   -9999.000
20160325       0.406       0.281   -9999.000   -9999.000
20160326       0.386       1.313   -9999.000   -9999.000
20160327       0.438       2.536       1.087       0.711
20160328       0.978       5.603       2.375       0.846
20160329       1.551       4.002       3.875       1.361
20160330       1.689       3.451       3.314       1.376
20160331       1.085       2.304       2.687       1.410
20160401       0.760       1.142       1.763       0.820
20160402       0.623       0.787       1.017       0.493
20160403       0.543       2.265       0.738       0.479
20160404       0.694       2.252       1.524       0.793
20160405       0.632       1.016       1.529       0.642
20160406       0.574       0.825       0.953       0.447
20160407       0.556       1.426       0.905       0.583
20160408       0.551       1.931       1.187       0.827
20160409       0.525       1.765       1.276       0.807
20160410       0.508       1.108       1.160       0.552
20160411       0.459       0.957       0.857       0.370
20160412       0.435       1.237       0.811       0.476
20160413       0.419       0.811       0.985       0.530
20160414       0.535       0.455       0.662       0.308
20160415       0.333       0.626       0.529       0.504
20160416       0.313       0.739       0.646       0.470
20160417       0.298       0.666       0.619       0.366
20160418       0.288       0.800       0.552       0.318
20160419       0.285       0.772       0.681       0.324
20160420       0.298       0.670       0.697       0.290
20160421       0.334       1.020       0.650       0.304
20160422       0.353       1.215       0.888       0.506
20160423       0.365       0.982       0.955       0.419
20160424       0.348       0.587       0.871       0.362
20160425       0.337       0.361       0.617       0.317
20160426       0.302       0.385       0.356       0.262
20160427       0.293       0.868       0.353       0.312
20160428       0.402       1.860       0.811       0.474
20160429       1.535       2.881       1.680       0.716
20160430       2.420       2.682       2.455       1.283
20160501       2.075       2.829       2.198       1.826
20160502       1.817       2.390       2.266       1.792
20160503       2.172       2.393       2.103       1.446
20160504       3.187       2.921       2.249       1.986
20160505       3.074       2.132       2.234       2.778
20160506       2.762       2.456       2.052       2.495
20160507       3.054       2.104       2.145       2.556
20160508       3.328       1.968       1.841       2.315
20160509       2.881       1.349       1.563       2.178
20160510       2.206       0.999       1.093       1.734
20160511       1.665       0.599       0.809       1.344
20160512       1.471       0.859       0.611       1.127
20160513       1.506       2.203       0.989       1.785
20160514       1.792       3.995       1.411       1.559
20160515       2.169       1.731       2.613       1.836
20160516       2.033       1.144       1.706       1.388
20160517       1.768       1.994       1.204       1.486
20160518       1.328       1.752       1.436       1.874
20160519       1.034       1.894       1.116       1.122
20160520       1.027       1.264       1.304       0.846
20160521       2.071       2.112       1.435       0.912
20160522       2.584       1.721       1.891       2.301
20160523       3.647       2.664       1.804       2.151
20160524       3.866       1.713       1.964       2.824
20160525       4.683       1.868       1.746       2.446
20160526       3.505       0.909       1.421       3.030
20160527       3.158       1.143       0.982       2.062
20160528       3.462       1.687       1.202       3.050
20160529       4.061       2.052       1.608       3.577
20160530       4.227       2.108       1.949       3.657
20160531       4.114       1.867       1.978       3.507
20160601       3.882       1.663       2.013       3.604
20160602       3.466       1.458       1.471       2.853
20160603       2.904       1.219       1.271       2.261
20160604       2.507       1.130       1.269       2.466
20160605       1.869       0.588       0.826       1.770
20160606       1.385       0.442       0.553       1.162
20160607       2.676       1.270       0.574       1.284
20160608       4.840       3.676       1.864       3.841
20160609       2.656       1.632       2.065       5.192
20160610       1.917       0.892       1.359       1.453
20160611       1.587       0.821       0.919       1.234
20160612       1.544       0.751       0.756       1.188
20160613       1.292       0.582       0.707       1.129
20160614       1.496       1.148       0.826       1.486
20160615       1.473       1.089       0.719       1.369
20160616       1.301       1.125       0.879       1.285
20160617       1.426       1.332       1.231       1.331
20160618       2.233       1.452       1.128       1.156
20160619       3.913       5.493       1.497       2.051
20160620       4.646       5.422       3.587       5.030
20160621       2.772       1.829       3.566       4.158
20160622       3.076       1.981       2.188       1.636
20160623       2.939       1.442       1.717       2.300
20160624       2.940       2.616       1.518       2.394
20160625       2.737       1.342       1.797       2.537
20160626       2.185       1.098       1.285       1.829
20160627       3.173       1.545       1.267       1.940
20160628       4.406       1.658       1.541       2.696
20160629       2.537       1.143       1.388       3.497
20160630       1.977       1.119       1.103       1.980
20160701       2.971       1.568       1.222       1.869
20160702       2.419       1.352       1.347       2.403
20160703       2.547       1.952       1.872       2.912
20160704       2.158       1.290       1.466       2.289
20160705       1.639       1.038       1.170       1.578
20160706       1.246       0.888       1.164       1.418
20160707       1.622       0.758       0.838       1.058
20160708       1.500       0.706       0.762       1.228
20160709       1.113       0.709       0.699       1.218
20160710       1.093       0.675       0.659       0.920
20160711       1.133       0.605       0.662       0.973
20160712       1.282       0.874       0.743       1.205
20160713       1.432       0.941       0.856       1.381
20160714       1.315       0.685       0.845       1.326
20160715       1.268       0.581       0.664       0.949
20160716       1.170       0.658       0.551       1.004
20160717       1.155       0.684       0.618       1.027
20160718       2.958       2.409       1.343       2.018
20160719       3.043       1.329       1.462       3.171
20160720       1.945       0.906       1.162       1.980
20160721       1.378       0.727       0.904       1.406
20160722       1.475       0.898       0.839       1.234
20160723       1.709       0.859       0.897       1.409
20160724       1.448       0.874       0.979       1.667
20160725       1.254       0.760       0.800       1.194
20160726       1.174       0.755       0.766       1.106
20160727       1.436       1.803       1.018       1.375
20160728       1.445       1.174       1.159       1.539
20160729       1.601       2.079       1.305       1.446
20160730       1.533       1.086       1.375       1.340
20160731       1.198       1.222       1.208       1.218
