date          Qobs       Qsimobs        Qsim       Qusi
20150801       4.714       4.562       5.123       4.663
20150802       4.169       5.014       4.001       4.176
20150803       4.269       5.043       5.144       4.355
20150804       4.466       5.651       5.385       4.540
20150805       7.801       7.479       6.063       5.280
20150806       8.663       7.220       6.895       7.987
20150807      15.355       9.751       8.182       9.462
20150808       9.117       7.961       7.744      11.442
20150809       7.837       6.487       7.310       7.744
20150810      11.336       7.302       6.634       6.711
20150811      13.875       8.386       6.221       8.952
20150812      10.664       9.096       7.125      10.444
20150813       7.280       6.041       8.256       9.957
20150814       6.052       6.025       7.049       6.328
20150815       6.325       7.778       6.949       5.486
20150816       9.081       9.341       7.532       6.790
20150817       8.548       7.938       8.456       8.576
20150818       6.153       6.871       8.075       8.046
20150819       5.151       7.709       7.439       5.920
20150820       5.309       8.987       7.645       5.514
20150821       6.922       8.974       8.473       5.557
20150822       9.719      10.132       8.490       7.387
20150823       8.103       8.862       9.384       9.146
20150824       5.682       8.331       8.779       7.643
20150825       5.976       8.912       8.047       5.446
20150826       9.674       8.852       8.617       6.079
20150827       9.397       8.169       7.848       7.892
20150828       8.905       7.827       7.062       7.918
20150829      10.798       7.579       7.245       6.772
20150830      16.298      13.241       8.120       8.247
20150831      10.669      10.863       9.376      13.591
20150901       5.808       5.689       9.680       9.547
20150902       4.082       5.055       5.801       4.077
20150903       3.684       4.987       5.204       4.152
20150904       3.451       5.095       4.212       3.617
20150905       5.992       5.412       3.914       3.066
20150906       4.080       4.476       4.645       5.487
20150907       3.985       3.992       4.507       4.172
20150908       4.043       4.219       4.279       3.784
20150909       3.311       4.148       5.028       5.205
20150910       3.116       4.031       4.900       3.806
20150911       2.992       3.685       4.448       3.120
20150912       2.786       3.831       3.997       2.633
20150913       3.575       5.920       4.194       3.248
20150914       5.539       6.932       5.937       4.364
20150915       5.432       7.321       5.632       5.137
20150916       5.658       7.044       6.616       5.492
20150917       3.647       4.722       6.061       4.941
20150918       3.881       4.322       4.350       3.317
20150919       6.002       5.665       3.658       2.807
20150920       5.205       5.129       4.330       5.018
20150921       3.131       3.245       4.225       4.415
20150922       2.336       2.350       3.258       2.688
20150923       2.247       2.464       2.679       2.277
20150924       6.101       3.791       2.666       2.128
20150925       6.875       4.845       2.932       4.628
20150926       6.219       5.080       3.697       5.588
20150927       3.448       3.086       4.358       4.993
20150928       2.522       3.318       4.190       4.054
20150929       2.634       4.623       3.518       3.050
20150930       4.460       6.182       4.252       2.894
20151001       5.787       7.312       5.131       4.698
20151002       5.623       6.351       5.356       5.463
20151003       4.292       5.381       5.157       5.035
20151004       4.048       4.791       4.242       3.702
20151005       2.773       3.161       4.438       4.034
20151006       2.035       2.411       3.574       2.680
20151007       1.673       5.626       2.924       2.055
20151008       1.569       5.125       4.583       2.563
20151009       1.818       4.619       4.229       1.921
20151010       1.969       3.850       3.797       1.758
20151011       1.717       2.754       3.034       1.832
20151012       1.476       2.667       2.235       1.385
20151013       1.314       2.281       2.151       1.486
20151014       1.144       2.021       1.886       1.279
20151015       1.002       1.997       1.676       1.064
20151016       0.897       1.988       1.676       1.060
20151017       0.792       1.403       1.658       0.907
20151018       0.736       1.871       1.389       0.734
20151019       0.691       1.388       1.429       0.820
20151020       0.655       1.312       1.346       0.660
20151021       2.036       1.995       1.486       0.961
20151022      14.235       5.232       2.115       3.227
20151023       9.877       6.571       3.574      11.376
20151024      11.889       5.154       4.550       8.107
20151025       9.496       7.649       3.689       5.537
20151026       7.163       3.625       5.174       7.425
20151027       5.016       4.071       2.878       4.159
20151028       2.981       2.866       3.164       4.685
20151029       2.212       2.221       2.780       2.430
20151030       2.064       2.040       2.313       2.192
20151031      13.332       5.783       2.464       2.022
20151101      13.777       9.412       5.019      13.113
20151102       7.675       6.768   -9999.000   -9999.000
20151103       5.811       6.490       6.330       6.581
20151104       6.266       8.047       5.352       5.507
20151105       4.008       5.409       7.233       6.421
20151106       3.005       4.223       5.619       4.559
20151107       5.944       2.491       5.107       3.610
20151108       3.916       5.683       2.447       2.825
20151109       6.008       9.293       2.376       3.967
20151110       6.403       9.547       6.326       5.691
20151111       4.563       5.623       7.261       5.440
20151112       3.942       3.803       4.707       3.599
20151113       4.787       6.024       2.874       2.758
20151114       3.770       5.844       4.113       4.158
20151115       3.375       4.500       4.165       3.503
20151116       3.125       2.498       3.812       3.333
20151117       3.442       4.070       2.576       2.289
20151118       2.869       5.302       3.641       3.040
20151119       1.851       2.328       3.467       3.216
20151120       1.380       2.028       2.313       1.230
20151121       1.145       1.839       2.026       1.284
20151122       1.020       1.662       1.837       1.176
20151123       0.908       1.498       1.673       1.050
20151124       1.297       1.585       1.513       0.915
20151125       1.472       1.974       1.518       1.180
20151126       1.782       1.507       1.731       1.782
20151127      18.358       8.145       1.640       1.949
20151128       8.970      14.046       8.893      12.607
20151129       4.439       3.340       8.291       6.575
20151130       2.988       1.849       3.007       2.109
20151201       2.399       2.332       1.840       1.765
20151202       4.489       2.116       2.356       2.913
20151203       4.234       6.458       1.884       2.954
20151204       2.484       3.527       4.701       4.320
20151205       7.311       8.624       2.535       3.349
20151206       4.383       9.505       6.603       5.730
20151207       3.142       5.990       7.840       4.842
20151208       4.815       2.549       5.090       3.207
20151209       7.942       9.526       2.430       2.170
20151210       7.529      13.717       5.123       7.653
20151211       3.505       8.157      10.766       6.808
20151212       2.439       3.612       6.854       2.301
20151213       1.994       2.498       3.457       1.608
20151214  -10000.000       2.259       2.503       1.676
20151215  -10000.000       2.048       2.255       2.058
20151216  -10000.000       1.854       2.080       2.114
20151217  -10000.000       1.786       2.142       2.186
20151218  -10000.000       2.947       1.999       2.057
20151219  -10000.000       3.776       4.226       3.944
20151220  -10000.000      14.796       8.328      10.846
20151221  -10000.000      23.613   -9999.000   -9999.000
20151222  -10000.000      10.991   -9999.000   -9999.000
20151223  -10000.000      10.226       8.675       8.700
20151224  -10000.000      10.680       6.404       7.610
20151225  -10000.000      19.858       7.331       6.441
20151226  -10000.000       4.771      12.307      10.118
20151227  -10000.000       2.706       4.396       4.498
20151228  -10000.000       2.448       2.802       3.070
20151229  -10000.000       2.355       2.485       2.519
20151230  -10000.000       3.764       2.349       2.376
20151231  -10000.000      12.257       2.739       4.572
20160101  -10000.000       8.364       5.343       5.572
20160102  -10000.000       3.291       5.772       5.717
20160103  -10000.000       2.522       3.001       2.985
20160104  -10000.000       2.245       2.481       2.481
20160105  -10000.000       2.031       2.245       2.245
20160106       0.871       1.837       2.031       2.031
20160107       0.773       1.662       1.837       1.837
20160108       0.692       1.503       1.662       0.824
20160109       0.621       1.360       1.503       0.701
20160110       0.575       1.219       1.360       0.679
20160111       0.553       1.091       1.219       0.600
20160112       0.526       0.970       1.088       0.584
20160113       0.501       0.880       0.968       0.510
20160114       0.480       0.835       0.855       0.506
20160115       0.475       0.711       0.793       0.454
20160116       0.594       0.542       0.694       0.456
20160117       0.447       0.350       0.542       0.506
20160118       0.448       0.227       0.350       0.312
20160119       0.426       0.147       0.227       0.291
20160120       0.453       0.096       0.147       0.266
20160121       0.785       0.062       0.096       0.302
20160122       0.382       0.040       0.114       1.328
20160123       0.449       0.454       0.150       0.903
20160124       0.617       1.000       0.543       1.438
20160125       2.314       1.268       1.081       1.050
20160126       7.731       8.337       1.146       1.344
20160127       3.989       5.634       4.464       9.359
20160128       2.255       2.757       6.274       3.991
20160129       3.967       3.403       2.502       1.713
20160130       3.218      11.487       2.726       3.119
20160131       1.898       3.031       8.947       3.622
20160201       1.493       2.277       2.895       1.246
20160202       1.580       3.747       2.266       1.282
20160203       1.239       2.421       3.007       1.835
20160204       1.126       1.921       2.237       1.036
20160205       0.991       1.750       1.923       1.363
20160206       2.066       3.154       1.745       1.204
20160207       2.157       3.534       2.234       2.437
20160208       2.197       3.698       2.636       2.292
20160209       1.533       2.326       2.591       1.993
20160210       1.109       1.763       2.001       1.155
20160211       0.848       1.501       1.642       0.948
20160212       0.706       1.298       1.483       0.863
20160213       0.619       1.146       1.298       0.713
20160214       1.008       1.019       1.146       0.587
20160215       0.550       0.896       1.019       1.073
20160216       0.487       0.788       0.896       0.538
20160217       0.577       1.428       0.788       0.486
20160218       0.629       1.787       0.993       0.674
20160219       0.565       1.052       1.291       0.760
20160220       0.562       1.693       0.986       0.479
20160221       0.582       1.162       1.260       0.665
20160222       0.599       1.096       1.097       0.534
20160223       0.619       1.048       1.068       0.638
20160224       0.692       1.404       1.032       0.624
20160225       0.663       0.944       1.221       0.653
20160226       0.713       0.866       0.925       0.632
20160227       0.607       1.070       0.849       0.720
20160228       0.586       0.822       0.884       0.586
20160229       0.487       0.772       0.774       0.556
20160301       0.446       0.735       0.750       0.471
20160302       0.419       0.707       0.716       0.464
20160303       0.671       0.608       0.685       0.441
20160304       0.362       0.536       0.606       0.686
20160305       0.346       0.504       0.538       0.342
20160306       0.415       0.443       0.490       0.344
20160307       0.509       0.398       0.442       0.410
20160308       0.450       0.358       0.397       0.504
20160309       0.297       0.322       0.357       0.444
20160310       0.313       0.370       0.329       0.330
20160311       0.302       0.417       0.341       0.334
20160312       0.294       0.458       0.378       0.330
20160313       0.392       0.501       0.473       0.371
20160314       0.849       0.678       0.611       0.474
20160315       0.918       0.666       0.741       1.079
20160316       0.958       0.616       0.843       1.216
20160317       1.013       0.557       0.729       1.056
20160318       1.150       0.587       0.571       0.900
20160319       1.087       0.494       0.556       1.049
20160320       1.093       0.474       0.514       0.944
20160321       1.002       0.426       0.474       0.909
20160322       0.941       0.443       0.435       0.816
20160323   -9999.000   -9999.000       0.415       0.807
20160324       0.692       0.487   -9999.000   -9999.000
20160325       0.809       0.531   -9999.000   -9999.000
20160326       1.425       0.737   -9999.000   -9999.000
20160327       4.784       3.085       0.684       1.125
20160328       3.476       2.797       2.446       3.906
20160329       2.544       2.578       2.152       3.036
20160330       1.849       1.571       1.893       2.353
20160331       1.295       1.410       1.517       1.508
20160401       1.000       1.275       1.395       1.276
20160402       1.395       1.242       1.276       1.024
20160403       1.342       1.230       1.243       1.159
20160404       1.380       1.186       1.204       1.428
20160405       1.606       1.291       1.186       1.347
20160406       1.757       1.245       1.223       1.596
20160407       1.699       1.155       1.204       1.515
20160408       1.423       1.052       1.134       1.462
20160409       1.145       0.911       1.028       1.253
20160410       0.993       0.805       0.910       1.024
20160411       0.904       0.761       0.804       0.834
20160412       0.889       0.708       0.730       0.811
20160413       0.888       0.662       0.675       0.780
20160414       0.850       0.610       0.647       0.798
20160415       0.809       0.606       0.626       0.834
20160416       0.747       0.544       0.570       0.738
20160417       0.702       0.491       0.540       0.651
20160418       1.062       0.541       0.520       0.665
20160419       1.148       0.485       0.505       0.925
20160420       1.081       0.544       0.484       0.999
20160421       1.117       0.563       0.534       0.922
20160422       1.111       0.527       0.534       1.004
20160423       0.946       0.459       0.506       1.004
20160424       0.788       0.402       0.455       0.836
20160425       0.689       0.354       0.400       0.683
20160426       0.611       0.350       0.353       0.585
20160427       0.571       0.343       0.338       0.500
20160428       0.566       0.374       0.329       0.508
20160429       0.598       0.516       0.347       0.593
20160430       0.611       0.593       0.442       0.630
20160501       0.653       0.894       0.527       0.682
20160502       1.199       1.065       0.749       0.736
20160503       3.029       1.890       1.070       1.184
20160504       2.741       2.133       1.598       2.886
20160505       2.502       2.273       1.686       2.742
20160506       2.606       3.057       2.072       2.380
20160507       3.098       3.544       2.782       2.827
20160508       5.101       3.867       3.696       3.934
20160509       5.894       6.002       4.177       5.278
20160510       5.901       7.130       5.597       7.015
20160511       5.250       6.068       5.568       5.611
20160512       4.668       5.982       5.653       5.062
20160513       3.040       2.462       4.119       3.834
20160514       2.368       2.060       2.331       1.908
20160515       2.011       1.971       2.100       2.060
20160516       1.755       1.853       1.944       1.954
20160517       1.688       1.970       1.809       1.564
20160518       1.559       1.724       1.865       1.727
20160519       1.434       1.624       1.685       1.562
20160520       3.060       2.089       1.676       1.558
20160521       4.534       2.733       2.164       3.026
20160522       7.234       4.900       2.868       4.611
20160523       5.990       5.606       3.496       7.013
20160524       4.472       3.247       4.130       5.641
20160525       3.969       3.562       2.911       3.465
20160526       3.810       5.158       3.272       4.099
20160527       3.983       5.765       4.447       4.473
20160528       4.778       6.700       5.256       4.268
20160529       5.965       5.668       6.682       5.159
20160530       6.005       6.380       5.256       5.079
20160531       8.848      10.748       6.861       6.324
20160601       8.366       8.315       8.957       9.175
20160602       8.896       7.304       7.605       7.527
20160603       8.940       8.255       7.209       8.085
20160604       7.458       7.987       7.212       8.447
20160605       6.216       7.357       7.082       7.530
20160606       6.289       7.309       6.740       5.924
20160607       7.368       7.914       6.852       6.208
20160608       7.063       5.903       6.451       6.207
20160609       5.068       4.325       4.495       5.300
20160610       4.134       2.987       3.343       3.692
20160611       3.765       3.887       2.755       3.349
20160612       4.129       4.582       3.447       3.955
20160613       4.493       5.336       3.998       3.987
20160614       4.532       5.941       4.427       4.253
20160615       4.761       6.282       5.164       4.482
20160616       5.306       7.072       5.718       4.721
20160617       6.113       7.057       6.192       5.694
20160618       6.353       6.215       5.991       5.546
20160619       5.192       3.930       4.741       5.250
20160620       4.535       3.663       3.396       3.860
20160621       8.021       5.353       5.102       5.281
20160622       7.437       5.345       4.470       6.986
20160623       8.181       6.008       5.556       7.546
20160624       8.393       6.936       5.374       6.573
20160625       8.125       7.915       6.288       7.941
20160626       7.735       5.234       6.607       7.075
20160627      11.959       7.748       5.777       6.269
20160628      10.236       5.854       6.195       8.460
20160629       7.238       4.841       4.884       7.240
20160630       7.110       5.535       4.655       5.658
20160701       8.790       6.320       5.003       5.842
20160702       8.194       6.027       5.283       7.012
20160703       7.670       6.741       5.677       7.236
20160704       6.060       5.261       4.771       6.114
20160705       5.052       4.779       4.346       4.867
20160706       4.283       4.942       4.019       4.450
20160707       3.844       3.453       4.044       3.686
20160708       4.493       4.220       3.426       3.389
20160709       6.269       6.210       4.571       4.967
20160710       5.900       4.637       4.790       5.535
20160711       6.403       5.482       5.403       5.605
20160712       6.526       6.631       5.040       5.327
20160713       6.213       6.573       5.579       6.189
20160714       5.376       5.941       5.601       5.859
20160715       4.741       4.842       4.915       4.766
20160716       8.847       5.789       4.702       4.180
20160717      12.427       8.108       5.989       7.310
20160718       6.767       5.684       6.271       9.989
20160719       5.922       5.117       5.141       5.034
20160720       7.877       5.866       5.187       5.470
20160721       7.907       6.804       5.981       7.718
20160722       8.987       8.136       7.076       7.954
20160723       8.625       9.128       7.618       8.723
20160724       7.411       7.190       7.903       8.079
20160725       8.433       7.951       7.491       7.315
20160726      10.854       9.736       8.699       8.651
20160727       9.378       7.267       8.512       9.660
20160728      12.090       7.188       7.576       7.615
20160729      12.721       7.579       7.734       9.707
20160730       7.578       5.951       6.486       9.816
20160731       5.688       5.536       5.657       6.476
