date          Qobs       Qsimobs        Qsim       Qusi
20150801       5.715       4.397       4.844       4.934
20150802       5.781       4.847       4.637       5.277
20150803       5.811       5.298       4.390       5.720
20150804       5.804       4.564       4.665       6.130
20150805       5.754       3.995       4.718       5.537
20150806       5.623       4.516       4.174       5.127
20150807       5.540       3.998       4.326       5.599
20150808       5.373       3.725       3.974       5.087
20150809       5.245       3.344       3.665       4.889
20150810       5.112       3.936       3.400       4.808
20150811       4.952       3.550       3.404       5.195
20150812       5.112       5.134       3.506       4.779
20150813       6.356       6.073       5.161       6.866
20150814       8.537       6.855       6.906       8.714
20150815       9.235       5.691       5.763       8.549
20150816       8.880       4.818       5.507       8.101
20150817       8.248       4.167       4.837       7.643
20150818       7.606       3.649       4.175       7.165
20150819       7.054       3.268       3.671       6.591
20150820       6.540       3.004       3.274       6.314
20150821       6.057       2.770       3.009       5.979
20150822       5.630       2.586       2.774       5.567
20150823       5.252       2.430       2.587       5.342
20150824       5.160       2.532       2.586       5.239
20150825       4.926       2.295       2.376       4.992
20150826       4.639       2.136       2.288       4.618
20150827       4.378       2.016       2.140       4.402
20150828       4.188       1.886       2.009       4.198
20150829       3.889       1.767       1.908       3.974
20150830       3.691       1.682       1.769       3.708
20150831       4.082       2.533       2.435       4.919
20150901       5.424       3.565       2.674       5.521
20150902       5.863       3.212       2.849       6.252
20150903       5.908       3.025       3.018       5.599
20150904       6.094       3.222       3.112       5.654
20150905       6.185       3.548       3.315       6.351
20150906       6.273       4.118       3.991       7.369
20150907       6.273       3.680       3.700       6.457
20150908       6.282       3.372       3.728       5.856
20150909       7.206       4.041       3.879       6.436
20150910       8.011       3.788       3.791       6.825
20150911       8.067       3.404       2.849       6.883
20150912       7.781       3.105       3.403       7.244
20150913       7.348       2.847       3.108       7.120
20150914       6.871       2.601       2.836       6.670
20150915       6.392       2.409       2.588       6.354
20150916       5.949       2.246       2.407       6.012
20150917       5.541       2.096       2.246       5.570
20150918       5.191       1.960       2.095       5.282
20150919       4.888       3.069       2.096       5.013
20150920       4.629       2.705       2.472       5.604
20150921       4.410       2.329       2.547       4.393
20150922       4.198       2.112       2.368       4.005
20150923       3.995       2.066       2.216       3.734
20150924       3.823       1.937       2.011       3.664
20150925       3.647       1.803       1.935       3.519
20150926       3.577       2.728       1.812       3.348
20150927       3.629       2.865       2.464       4.463
20150928       3.709       2.526       2.540       3.639
20150929       3.987       2.455       3.441       4.582
20150930       5.296       7.682       3.681       5.421
20151001       9.000      15.434       6.090       8.986
20151002      10.155      11.409       9.105      12.299
20151003      10.335      10.349      10.399       9.107
20151004      10.431      10.675       9.738       9.382
20151005       9.772       9.395       9.716      10.227
20151006       8.948       8.495       9.169       8.869
20151007       8.128       7.777       8.464       8.477
20151008       7.408       7.343       7.818       7.686
20151009       6.789       6.996       7.289       7.046
20151010       6.213       6.424       6.943       6.563
20151011       5.899       6.132       6.521       6.006
20151012       7.003       8.949       7.151       6.404
20151013      13.926      22.533       8.731       9.390
20151014      17.531      16.394      14.573      20.593
20151015      18.809      14.705      17.388      17.348
20151016      23.069      23.137      15.647      17.736
20151017      35.140      42.583      23.253      31.716
20151018      41.659      36.162      32.194      42.831
20151019      39.511      25.572      31.020      35.960
20151020      31.862      19.043      25.223      29.669
20151021      25.421      16.558      20.372      25.837
20151022      20.820      12.201      15.995      21.305
20151023      16.949      10.084      12.132      16.037
20151024      13.967      10.554      10.011      13.812
20151025      12.602      12.189       9.542      13.341
20151026      12.821      14.965       9.528      11.776
20151027      12.388      10.479      15.475      14.434
20151028      13.138      16.882      11.399      10.561
20151029      12.757      14.531      12.622      14.592
20151030      11.435      10.589      13.065      11.982
20151031      10.170       9.032      10.791       9.538
20151101      12.780      12.115      10.068       9.870
20151102      32.502      42.869   -9999.000   -9999.000
20151103      36.749      35.697      27.902      45.624
20151104      35.144      35.725      33.544      36.794
20151105      29.468      29.171      29.557      31.652
20151106      23.433      20.060      25.595      25.146
20151107      18.664      15.478      20.714      18.817
20151108      15.573      14.561      15.826      16.148
20151109      13.617      12.288      12.703      13.608
20151110      11.787      10.718      12.007      11.901
20151111      10.368       9.356      10.520      10.482
20151112       9.145       8.308       9.114       9.135
20151113       8.316       8.368       8.355       8.424
20151114       7.488       7.516       7.864       8.031
20151115       6.880       7.161       7.548       7.099
20151116       6.367       7.321       7.269       6.729
20151117       5.803       6.318       6.833       6.095
20151118       5.345       5.858       6.485       5.499
20151119       4.993       5.487       6.018       5.000
20151120       4.696       5.294       5.681       4.847
20151121       4.644       4.897       5.373       4.605
20151122       4.595       5.061       5.081       4.538
20151123       4.322       4.636       4.918       4.496
20151124       4.112       4.855       4.965       4.359
20151125       4.010       6.124       4.488       4.377
20151126       3.926       5.802       5.573       4.624
20151127       4.096       7.425       5.876       4.305
20151128       4.194       7.267       7.270       4.978
20151129       4.022       6.562       7.041       4.470
20151130       3.816       5.918       6.489       3.943
20151201       3.622       5.434       6.035       3.668
20151202       3.502       5.746       5.551       3.484
20151203       3.564       6.049       5.841       3.629
20151204       3.881       7.173       6.089       3.968
20151205       4.687      16.402       6.783       4.526
20151206       4.684      10.385       8.069       5.644
20151207       4.858      15.100      11.162       4.690
20151208       4.951      17.974      11.246       5.467
20151209       4.886      11.479      10.920       4.267
20151210       5.043      12.897      11.871       4.250
20151211       4.809       9.165      11.405       4.696
20151212       4.591       8.326       9.174       4.325
20151213       4.538       7.790       8.158       4.353
20151214       4.543       7.638       7.875       4.524
20151215       4.751       7.419       7.739       4.627
20151216       4.634       7.130       7.346       4.748
20151217       4.517       6.430       6.974       4.544
20151218       4.482       5.823       6.413       4.248
20151219       4.314       6.003       6.004       4.397
20151220       4.274       6.436       5.671       4.059
20151221       4.339       6.525   -9999.000   -9999.000
20151222       4.176       5.787   -9999.000   -9999.000
20151223       3.990       5.321       5.746       4.021
20151224       3.748       5.326       5.516       3.889
20151225       3.808       6.974       5.313       4.005
20151226       4.087       8.033       6.400       4.223
20151227       4.149       6.593       7.035       4.319
20151228       4.021       6.055       6.404       3.968
20151229       3.895       5.463       5.996       3.902
20151230       3.726       5.102       5.531       3.856
20151231       3.468       5.648       5.243       3.783
20160101       3.284       7.131       5.339       3.631
20160102       3.114       7.703       6.245       3.628
20160103       2.977       6.484       6.921       3.322
20160104       2.869       5.928       6.421       2.896
20160105       2.828       5.475       5.928       2.831
20160106       2.991       5.059       5.476       2.758
20160107       3.000       4.640       5.060       2.803
20160108       2.718       4.295       4.679       2.971
20160109       2.541       3.987       4.658       2.833
20160110       2.637       4.055       4.122       2.552
20160111       2.554       3.620       3.957       2.582
20160112       2.262       3.342       3.622       2.417
20160113       2.079       3.112       3.345       2.231
20160114       1.998       2.877       3.092       1.998
20160115       2.011       2.933       2.900       1.927
20160116       2.041       2.835       2.941       1.965
20160117       1.989       2.619       2.771       1.988
20160118       1.937       2.427       2.639       1.918
20160119       1.856       2.224       2.392       1.828
20160120       1.780       2.050       2.220       1.748
20160121       1.715       1.894       2.055       1.664
20160122       1.913       2.035       1.933       1.698
20160123       2.192       4.959       2.114       1.922
20160124       2.173       3.494       2.215       2.428
20160125       2.169       3.408       3.515       2.043
20160126       2.210       3.228       3.375       2.102
20160127       2.326       4.662       3.364       2.223
20160128       2.411       5.498       4.070       2.821
20160129       2.326       4.877       4.759       2.720
20160130       2.244       4.427       4.762       2.347
20160131       2.187       4.113       4.415       2.172
20160201       2.218       3.995       4.101       2.115
20160202       2.194       3.715       4.890       2.396
20160203       2.178       3.530       3.686       2.146
20160204       2.204       3.402       3.551       2.092
20160205       2.141       3.089       3.334       2.123
20160206       2.062       2.837       3.134       2.040
20160207       1.994       2.602       2.943       1.998
20160208       1.942       2.385       2.689       1.898
20160209       1.960       2.493       2.455       1.820
20160210       1.896       2.236       2.409       1.923
20160211       1.882       2.085       2.212       1.760
20160212       1.902       2.176       2.134       1.777
20160213       1.856       2.153       2.106       1.857
20160214       1.791       1.863       1.934       1.744
20160215       1.731       1.712       1.869       1.660
20160216       1.781       1.808       2.019       1.882
20160217       1.765       2.006       1.892       1.857
20160218       1.770       2.425       1.853       1.831
20160219       1.719       2.315       1.848       1.857
20160220       1.688       2.130       2.155       1.737
20160221       1.639       1.918       2.074       1.606
20160222       1.575       2.032       2.179       1.610
20160223       1.555       1.782       1.927       1.540
20160224       1.544       1.831       1.879       1.511
20160225       1.505       1.622       1.768       1.465
20160226       1.457       1.482       1.631       1.406
20160227       1.432       1.454       1.572       1.430
20160228       1.418       1.342       1.489       1.393
20160229       1.449       1.415       1.467       1.377
20160301       1.432       1.243       1.369       1.408
20160302       1.393       1.193       1.230       1.312
20160303       1.347       1.090       1.129       1.292
20160304       1.305       0.994       1.033       1.224
20160305       1.260       0.910       1.005       1.231
20160306       1.223       0.832       0.910       1.164
20160307       1.188       0.749       0.833       1.138
20160308       1.160       0.689       0.766       1.095
20160309       1.135       0.648       0.751       1.140
20160310       1.107       0.593       0.644       1.081
20160311       1.085       0.546       0.599       1.036
20160312       1.181       1.220       0.814       1.471
20160313       1.352       2.267       1.291       2.446
20160314       1.686       3.361       2.081       2.075
20160315       3.549       4.090       3.307       2.417
20160316       6.854       4.542       3.699       2.830
20160317       7.166       4.500       4.197       6.656
20160318       7.186       4.500       4.363       6.732
20160319       6.918       4.037       4.339       6.796
20160320       6.599       3.677       4.004       6.226
20160321       6.216       3.563       3.744       6.154
20160322       5.920       3.492       3.498       5.678
20160323   -9999.000   -9999.000       3.268       5.423
20160324       5.146       3.284   -9999.000   -9999.000
20160325       4.884       2.888   -9999.000   -9999.000
20160326       4.441       2.697   -9999.000   -9999.000
20160327       4.225       3.316       3.039       4.548
20160328       4.346       4.583       3.344       4.970
20160329       5.021       5.750       4.250       5.364
20160330       5.316       7.374       5.501       5.994
20160331       5.617       7.913       6.892       6.565
20160401       5.563       6.288       6.950       5.912
20160402       5.310       6.010       6.220       5.181
20160403       5.018       5.597       5.934       5.124
20160404       4.740       6.221       5.588       4.882
20160405       4.479       5.863       5.603       4.759
20160406       4.237       5.525       5.404       4.373
20160407       4.022       5.304       5.355       4.089
20160408       3.818       5.244       5.105       3.879
20160409       3.665       5.701       5.106       3.740
20160410       3.536       5.424       5.394       3.777
20160411       3.521       5.002       5.287       3.452
20160412       3.585       4.909       5.145       3.515
20160413       3.581       4.654       5.021       3.505
20160414       3.475       4.247       4.714       3.545
20160415       3.309       3.916       4.268       3.303
20160416       3.161       3.630       3.941       3.113
20160417       3.033       3.550       3.644       3.039
20160418       2.907       3.246       3.481       2.946
20160419       2.805       3.025       3.245       2.757
20160420       2.716       2.959       3.048       2.668
20160421       2.608       2.765       2.891       2.609
20160422       2.520       2.738       2.733       2.455
20160423       2.485       2.944       2.738       2.488
20160424       2.417       2.608       2.735       2.503
20160425       2.352       2.465       2.617       2.240
20160426       2.296       2.519       2.454       2.242
20160427       2.319       3.145       2.528       2.324
20160428       2.746       5.350       3.528       2.938
20160429       3.703       8.313       4.912       3.426
20160430       5.428      13.840       8.323       5.678
20160501       7.306      14.311      12.373       7.181
20160502       8.355      14.944      13.863       7.733
20160503       9.103      14.949      14.401       7.402
20160504       9.942      15.925      14.997       9.626
20160505      11.995      14.301      15.046       9.887
20160506      14.924      14.164      13.993      10.773
20160507      18.696      13.872      13.716      13.659
20160508      23.686      15.498      13.720      17.067
20160509      29.263      22.204      14.454      22.483
20160510      29.435      19.303      16.792      30.922
20160511      25.659      15.574      16.893      24.902
20160512      21.730      13.239      14.658      21.202
20160513      18.885      11.353      12.878      18.242
20160514      16.120      10.742      10.917      16.465
20160515      14.319      10.154      11.060      16.479
20160516      13.419       9.678       9.683      13.370
20160517      12.869       9.891       9.160      12.517
20160518      12.050       9.468       8.875      12.402
20160519      10.979       9.200       7.863      10.305
20160520      10.170       8.034      10.372      12.299
20160521       9.416       7.747       7.840       9.097
20160522       9.259      10.300       8.424       9.812
20160523       9.950      12.657      10.251      11.046
20160524      11.185      11.934      11.808      10.694
20160525      13.727      11.810      11.859      10.739
20160526      14.525      11.215      10.835      12.559
20160527      14.110      10.106       9.841      12.599
20160528      14.544      10.859      10.656      13.526
20160529      15.065      10.256      10.583      14.422
20160530      14.803      11.319      11.117      15.491
20160531      14.349      11.271      11.413      15.379
20160601      13.602       9.602      10.779      13.895
20160602      12.601       7.981       9.085      11.676
20160603      12.653       9.043       8.643      11.323
20160604      13.017      11.337       8.117      12.560
20160605      12.502       9.785       9.191      14.516
20160606      11.338       7.670       8.897      10.763
20160607      10.801       8.305       8.232      10.119
20160608      11.307       8.923       8.111      11.020
20160609      11.550       7.833       8.376      11.480
20160610      10.750       6.730       7.314       9.860
20160611       9.796       6.370       6.729       9.519
20160612       9.061       6.078       6.427       9.082
20160613       8.626       5.870       6.074       8.425
20160614       8.334       6.295       6.304       8.974
20160615       8.008       6.300       5.960       8.210
20160616       7.686       5.818       5.943       7.705
20160617       7.389       6.100       5.885       7.107
20160618       7.402       7.554       6.458       7.913
20160619       7.623       6.951       6.461       7.798
20160620       7.637       5.983       6.293       6.906
20160621       7.514       6.442       6.217       7.051
20160622       7.547       7.517       6.708       7.968
20160623       8.217       7.363       7.188       7.952
20160624       9.200       8.712       7.619       8.710
20160625       9.772       7.871       7.961       9.453
20160626       9.685       7.087       7.642       9.195
20160627       9.327       7.113       7.386       9.264
20160628       9.123       8.838       7.882       9.951
20160629       9.002       7.561       8.308       9.644
20160630       8.690       7.512       7.605       8.469
20160701       8.391       8.204       7.434       8.565
20160702       8.203       7.911       8.134       8.469
20160703       8.039       7.869       8.312       8.552
20160704       7.926       6.777       7.668       7.753
20160705       7.768       5.901       6.724       6.959
20160706       8.492      15.223       6.226       6.950
20160707       8.995      11.949       9.506      11.940
20160708       9.315      12.913      11.017       8.351
20160709       9.185      11.143      11.095       9.135
20160710      10.013      11.966      10.880       8.453
20160711      11.838      13.052      11.107      10.035
20160712      11.490      10.375      11.185      11.995
20160713      10.614       9.471      10.564      10.198
20160714       9.930      10.084       9.553      10.003
20160715       9.798      13.339       9.351       9.786
20160716       9.443      10.109      10.466      10.624
20160717       9.406      12.967      10.699       8.518
20160718       9.443      18.397      10.549       9.814
20160719      11.342      16.879      15.428      12.976
20160720      11.834      14.543      14.836      10.974
20160721      11.328      11.029      13.182      10.452
20160722      10.342       9.612      11.089       9.422
20160723       9.366       8.962       9.712       9.145
20160724       8.569       7.934       8.845       8.605
20160725       7.841       7.079       7.882       7.651
20160726       7.224       6.385       7.135       7.101
20160727       6.616       5.903       6.392       6.566
20160728       6.180       5.704       6.168       6.522
20160729       5.812       5.315       6.425       6.917
20160730       5.544       8.191       5.371       5.431
20160731       5.261       7.190       6.286       6.610
