date          Qobs       Qsimobs        Qsim       Qusi
20150801       1.802       1.850       1.800       1.946
20150802       1.560       1.173       1.324       1.383
20150803       1.458       1.725       1.037       1.030
20150804       1.325       1.354       1.274       1.794
20150805       1.164       1.174       1.586       1.672
20150806       1.719       1.470       1.225       1.201
20150807       1.669       1.474       1.475       1.449
20150808       2.193       2.065       1.526       1.893
20150809       4.290       2.510       1.759       2.093
20150810       3.155       1.678       1.766       2.898
20150811       2.379       1.739       1.146       1.888
20150812       2.275       2.502       1.524       1.919
20150813       2.311       2.600       2.046       2.427
20150814       2.170       2.240       1.574       1.566
20150815       1.652       0.943       1.510       1.485
20150816       1.333       0.919       1.007       0.968
20150817       1.111       0.877       0.937       1.249
20150818       0.956       0.823       0.880       1.082
20150819       0.832       0.833       0.812       0.917
20150820       0.736       0.755       0.821       0.802
20150821       0.655       0.718       0.773       0.713
20150822       0.595       0.723       0.746       0.651
20150823       0.545       0.727       0.730       0.605
20150824       0.510       0.670       0.730       0.558
20150825       0.482       0.652       0.693       0.464
20150826       0.455       0.602       0.668       0.472
20150827       0.431       0.626       0.623       0.414
20150828       0.430       0.793       0.603       0.384
20150829       0.842       0.670       0.857       0.528
20150830       2.537       2.353       2.330       1.604
20150831       5.420       5.912       2.775       5.649
20150901       2.934       1.796       2.571       5.248
20150902       1.821       0.674       1.491       1.372
20150903       1.280       0.384       0.634       0.708
20150904       1.266       0.422       0.388       0.768
20150905       2.099       1.013       1.164       2.624
20150906       1.665       1.102       0.670       2.295
20150907       1.301       0.692       0.815       1.583
20150908       1.139       0.429       0.619       0.850
20150909       1.278       0.394       0.456       0.841
20150910       1.222       0.450       0.388       1.008
20150911       0.978       0.349       0.364       1.257
20150912       0.811       0.312       0.354       0.876
20150913       0.693       0.295       0.309       0.680
20150914       0.604       0.333       0.290       0.669
20150915       0.533       0.283       0.291       0.560
20150916       0.476       0.232       0.255       0.442
20150917       0.430       0.209       0.228       0.402
20150918       0.405       0.220       0.305       0.498
20150919       0.558       0.937       0.302       0.561
20150920       0.856       6.062       1.274       1.448
20150921       0.703       1.573       2.437       1.533
20150922       0.589       0.588       1.353       0.432
20150923       0.521       0.394       0.693       0.327
20150924       0.543       0.580       0.637       0.570
20150925       0.550       0.336       0.373       0.430
20150926       2.965       2.558       1.146       1.446
20150927       2.621       2.713       1.344       1.861
20150928       1.886       0.760       1.516       2.255
20150929       8.094       2.646       2.015       2.054
20150930       8.188       7.476       2.552       5.340
20151001       7.923      12.594       5.320      10.239
20151002       6.200       7.014       6.323       8.303
20151003       5.110       4.476       4.558       4.392
20151004       4.096       6.282       3.587       3.716
20151005       2.959       3.555       3.455       3.304
20151006       2.020       1.286       2.224       1.968
20151007       1.493       0.697       1.260       1.078
20151008       1.164       0.722       0.631       0.733
20151009       0.975       0.853       0.595       0.964
20151010       0.840       0.637       0.736       1.008
20151011       1.097       0.926       1.017       1.050
20151012       8.615       8.430       3.159       3.519
20151013      12.436       6.568       6.379       9.325
20151014       8.396       5.875       5.380       8.259
20151015      10.800       7.870       5.825       7.569
20151016      10.324      12.485       6.298       8.566
20151017      10.639      13.581       8.096      10.390
20151018       7.627       5.747       8.414       9.758
20151019       5.827       2.614       4.258       3.958
20151020       7.959       1.443       3.272       3.526
20151021       8.530       2.920       2.427       4.905
20151022       5.634       1.361       2.531       7.764
20151023       3.392       0.968       1.200       2.838
20151024       6.661       0.675       0.701       1.910
20151025      10.418       7.948       2.162       5.353
20151026       6.441       5.200       3.841      15.556
20151027       3.790       2.158       3.639       4.594
20151028       2.762       2.410       1.989       2.003
20151029       2.186       2.304       1.859       2.107
20151030       1.588       0.861       1.668       1.804
20151031       1.776       1.295       1.227       1.271
20151101      11.979       5.882       3.208       3.567
20151102       8.644       9.942   -9999.000   -9999.000
20151103       7.620      11.617       6.858       9.864
20151104       6.639       9.884       6.878       7.659
20151105       4.567       5.741       6.168       5.643
20151106       2.962       2.445       4.300       3.382
20151107       2.142       1.582       2.312       1.998
20151108       3.748       2.839       1.931       1.820
20151109       3.971       3.113       2.153       2.216
20151110       4.257       1.270       2.266       3.521
20151111       4.825       2.834       1.869       2.842
20151112       4.120       2.046       1.860       5.124
20151113       2.855       1.163       1.481       2.325
20151114       2.344       1.525       1.654       2.812
20151115       2.687       1.767       1.288       2.255
20151116       2.357       1.239       1.256       1.966
20151117       1.668       0.694       0.846       1.567
20151118       1.282       0.754       0.550       0.918
20151119       1.041       1.523       0.504       0.962
20151120       0.967       1.039       0.818       0.927
20151121       0.863       0.841       0.810       0.689
20151122       0.725       0.517       0.620       0.571
20151123       0.782       0.462       0.620       0.784
20151124       1.307       2.309       1.012       2.549
20151125       1.953       3.766       1.698       1.897
20151126       3.207       4.327       3.208       3.045
20151127       4.977       6.685       3.578       3.452
20151128       3.048       4.774       4.369       4.806
20151129       2.410       2.298       3.587       2.862
20151130       1.757       1.253       1.952       1.712
20151201       1.322       0.576       1.239       1.199
20151202       1.091       0.754       0.524       0.659
20151203       1.806       1.222       0.968       1.554
20151204       3.379       5.798       1.041       1.920
20151205       2.208       3.247       3.065       4.468
20151206       4.092      10.611       3.162       2.718
20151207       3.847       6.383       4.898       4.700
20151208       2.533       3.993       4.288       2.649
20151209       5.430       2.638       3.869       2.856
20151210       6.388       7.359       2.172       1.906
20151211       3.323       2.185       4.278       7.655
20151212       2.185       0.967       2.123       1.930
20151213       1.548       0.557       0.933       0.950
20151214       1.286       0.683       0.618       0.931
20151215       1.201       0.711       0.808       1.428
20151216       1.050       0.695       0.569       0.927
20151217       0.906       0.414       0.513       0.796
20151218       4.692       0.644       1.426       2.970
20151219      18.665       1.045       1.035       1.534
20151220      11.345       3.861       2.772      15.764
20151221      18.814      14.163   -9999.000   -9999.000
20151222       7.706       4.027   -9999.000   -9999.000
20151223       4.066       1.486       3.356       3.546
20151224       4.913       3.104       2.561       3.848
20151225       9.727       5.518       2.536       3.716
20151226       5.030       2.246       3.103       6.372
20151227       3.117       1.325       1.921       2.595
20151228       2.207       0.721       0.992       1.361
20151229       1.592       0.744       0.662       1.341
20151230       1.289       2.032       0.685       1.756
20151231       1.063       2.839       1.426       1.885
20160101       0.915       2.924       2.208       1.469
20160102       0.789       2.037       2.414       1.278
20160103       0.624       0.892       1.773       0.868
20160104       0.512       0.458       0.848       0.404
20160105       0.438       0.391       0.458       0.301
20160106       0.382       0.352       0.391       0.364
20160107       0.335       0.318       0.352       0.362
20160108       0.305       0.286       0.317       0.326
20160109       0.284       0.257       0.285       0.260
20160110       0.269       0.231       0.257       0.240
20160111       0.252       0.208       0.231       0.224
20160112       0.239       0.207       0.209       0.210
20160113       0.234       0.174       0.191       0.201
20160114       0.216       0.157       0.170       0.208
20160115       0.194       0.158       0.215       0.258
20160116       0.182       0.136       0.146       0.160
20160117       0.179       0.254       0.166       0.203
20160118       0.185       0.409       0.193       0.196
20160119       0.187       0.177       0.216       0.146
20160120       0.184       0.150       0.194       0.134
20160121       0.179       0.123       0.154       0.150
20160122       0.211       0.570       0.172       0.224
20160123       0.297       2.395       0.347       0.288
20160124       0.308       0.917       1.366       0.720
20160125       0.300       1.041       0.881       0.315
20160126       0.472       2.361       0.910       0.386
20160127       0.849       4.373       1.503       0.677
20160128       0.674       2.642       2.828       1.663
20160129       0.631       2.735       2.163       0.951
20160130       0.569       1.684       1.818       0.835
20160131       0.531       2.282       1.654       0.740
20160201       0.514       0.887       1.206       0.655
20160202       0.483       0.372       0.764       0.410
20160203       0.444       0.492       0.520       0.325
20160204       0.408       0.645       0.432       0.414
20160205       0.369       0.379       0.406       0.372
20160206       0.335       0.261       0.333       0.269
20160207       0.336       0.338       0.361       0.388
20160208       0.344       0.364       0.342       0.387
20160209       0.340       0.423       0.366       0.344
20160210       0.332       0.672       0.307       0.300
20160211       0.338       0.514       0.379       0.282
20160212       0.335       0.399       0.376       0.228
20160213       0.321       0.215       0.279       0.258
20160214       0.299       0.157       0.211       0.231
20160215       0.294       0.208       0.183       0.253
20160216       0.302       0.373       0.197       0.266
20160217       0.313       0.247       0.288       0.330
20160218       0.852       2.813       0.497       1.665
20160219       0.974       1.667       1.620       1.153
20160220       0.690       1.548       1.360       1.037
20160221       0.541       1.353       1.103       0.694
20160222       0.455       1.637       1.184       0.633
20160223       0.392       0.521       1.020       0.519
20160224       0.366       0.759       0.518       0.277
20160225       0.338       0.320       0.457       0.264
20160226       0.306       0.252       0.309       0.239
20160227       0.295       0.359       0.366       0.382
20160228       0.274       0.330       0.292       0.294
20160229       0.268       0.278       0.313       0.258
20160301       0.293       0.369       0.273       0.371
20160302       0.278       0.638       0.238       0.294
20160303       0.262       0.351       0.452       0.289
20160304       0.248       0.211       0.296       0.182
20160305       0.233       0.445       0.418       0.396
20160306       0.218       0.534       0.338       0.291
20160307       0.207       0.459       0.387       0.211
20160308       0.197       0.375       0.413       0.252
20160309       0.187       0.185       0.308       0.195
20160310       0.182       0.166       0.186       0.132
20160311       0.240       0.255       0.285       0.758
20160312       5.438       2.320       0.859       1.664
20160313       4.224       2.383       1.686       5.038
20160314       3.833       2.754       2.215       5.397
20160315       8.813       3.030       2.403       2.883
20160316       8.907       3.748       2.413       2.788
20160317       6.168       2.948       2.435       2.623
20160318       3.102       1.024       1.987       2.165
20160319       1.985       0.543       0.987       1.004
20160320       1.391       0.429       0.509       0.523
20160321       1.005       0.311       0.379       0.388
20160322       0.871       0.311       0.311       0.311
20160323   -9999.000   -9999.000       0.283       0.282
20160324       0.710       0.649   -9999.000   -9999.000
20160325       0.656       0.326   -9999.000   -9999.000
20160326       0.741       0.613   -9999.000   -9999.000
20160327       3.573       2.207       1.463       3.108
20160328       6.050       4.144       2.736       3.312
20160329       4.559       4.378       3.230       3.712
20160330       3.522       4.009       3.623       4.095
20160331       3.176       2.758       3.000       3.125
20160401       2.135       1.552       2.124       2.285
20160402       1.526       0.829       1.249       1.336
20160403       1.216       0.943       0.691       0.880
20160404       1.655       1.469       1.124       1.871
20160405       1.569       1.119       1.129       1.465
20160406       1.341       0.927       0.855       0.912
20160407       1.145       0.927       0.774       0.934
20160408       1.224       0.771       0.738       0.854
20160409       1.171       0.606       0.481       0.532
20160410       1.186       1.107       0.510       0.608
20160411       1.137       0.972       0.773       0.918
20160412       1.101       0.710       0.739       0.793
20160413       0.931       0.492       0.547       0.586
20160414       0.785       0.355       0.406       0.423
20160415       0.722       0.323       0.493       0.493
20160416       0.725       0.546       0.421       0.628
20160417       0.717       0.501       0.527       0.584
20160418       0.754       0.738       0.389       0.389
20160419       0.803       0.607       0.501       0.534
20160420       0.843       0.468       0.474       0.482
20160421       0.882       0.557       0.391       0.415
20160422       0.837       0.907       0.413       0.684
20160423       0.809       0.628       0.617       0.758
20160424       0.752       0.348       0.422       0.516
20160425       0.691       0.409       0.342       0.510
20160426       0.715       0.544       0.294       0.514
20160427       0.927       1.556       0.404       0.953
20160428       2.060       2.667       1.525       1.449
20160429       3.175       3.249       2.291       2.103
20160430       4.468       3.420       2.570       1.646
20160501       3.868       2.653       2.379       2.973
20160502       3.723       2.679       2.142       2.575
20160503       3.837       3.215       2.268       3.006
20160504       4.738       3.156       2.906       3.958
20160505       5.781       3.059       2.644       3.259
20160506       5.261       3.299       2.934       5.313
20160507       7.611       2.702       3.192       4.852
20160508       7.532       3.042       2.799       5.405
20160509       6.440       2.859       2.553       5.468
20160510       4.434       1.735       2.196       4.357
20160511       3.526       1.623       1.447       2.728
20160512       4.747       1.296       1.623       3.138
20160513       4.978       1.170       1.762       4.105
20160514       5.086       1.236       1.321       4.216
20160515       4.710       2.365       1.689       5.371
20160516       4.548       2.437       1.611       3.769
20160517       6.529       2.275       2.290       5.011
20160518       4.007       2.053       1.619       4.390
20160519       3.195       1.479       1.566       3.252
20160520       2.463       1.192       1.182       1.901
20160521       2.260       1.681       1.124       2.217
20160522       3.286       2.143       1.957       2.582
20160523       4.394       3.804       2.264       2.450
20160524       6.983       2.133       2.592       3.463
20160525       6.128       2.020       2.053       3.116
20160526       4.431       1.888       1.636       4.349
20160527       4.100       1.553       1.515       3.503
20160528       4.622       2.265       1.679       3.284
20160529       4.819       2.821       2.209       4.550
20160530       5.048       2.731       2.706       3.525
20160531       4.986       2.628       2.737       3.696
20160601       4.430       1.875       2.458       3.507
20160602       3.496       1.617       1.632       3.150
20160603       3.135       2.219       1.534       2.813
20160604       3.318       2.655       1.569       2.417
20160605       2.318       1.170       1.686       2.718
20160606       1.855       0.637       0.992       1.142
20160607       3.659       1.887       1.058       1.675
20160608       5.291       4.797       1.915       4.652
20160609       3.379       1.711       2.554       4.815
20160610       2.494       1.133       1.533       1.886
20160611       2.163       0.925       0.981       1.408
20160612       1.963       0.876       0.927       1.622
20160613       1.728       0.967       0.866       1.768
20160614       1.697       1.594       0.876       1.480
20160615       1.757       1.232       1.167       1.639
20160616       1.616       1.314       1.474       1.769
20160617       1.750       1.754       1.271       1.607
20160618       3.120       1.172       1.253       1.640
20160619       3.386       1.948       1.455       1.004
20160620       2.627       2.238       1.477       1.754
20160621       2.573       1.654       1.849       2.231
20160622      10.902       2.350       3.388       3.777
20160623       6.448       1.864       2.069       5.707
20160624       6.481       3.006       2.470       6.278
20160625       4.637       1.473       1.715       3.742
20160626       3.427       1.061       1.249       2.163
20160627       3.149       1.567       1.208       2.787
20160628       3.314       2.357       1.816       3.168
20160629       3.170       3.693       2.252       3.083
20160630       2.847       2.720       2.690       3.281
20160701       2.721       2.117       2.422       2.151
20160702       2.488       1.830       2.091       2.208
20160703       2.696       2.379       2.103       2.129
20160704       2.361       2.179       1.884       2.138
20160705       1.958       1.127       1.593       1.724
20160706       2.367       2.460       1.774       1.924
20160707       2.785       3.823       2.335       2.715
20160708       2.174       1.368       2.101       3.018
20160709       1.780       1.086       1.231       1.041
20160710       1.496       1.050       1.130       1.512
20160711       1.465       1.373       1.007       1.228
20160712       1.331       1.062       1.148       1.594
20160713       1.212       1.044       1.503       1.527
20160714       1.089       0.914       1.054       1.068
20160715       0.968       0.764       0.851       0.920
20160716       0.903       0.671       0.693       0.722
20160717       7.212       5.538       1.823       2.098
20160718       9.778       7.220       4.707       5.897
20160719       6.490       3.347       4.271       7.954
20160720       4.038       1.991       2.784       3.835
20160721       2.604       0.901       1.675       2.538
20160722       1.887       0.815       0.990       1.580
20160723       1.478       0.924       0.894       1.708
20160724       1.227       0.897       0.954       1.510
20160725       1.135       1.232       0.892       1.159
20160726       0.982       0.676       0.854       1.079
20160727       0.894       2.067       0.795       0.856
20160728       0.865       0.934       1.812       1.688
20160729       0.805       1.721       1.398       1.017
20160730       0.731       0.968       0.864       0.758
20160731       0.668       0.888       0.792       0.536
