date          Qobs       Qsimobs        Qsim       Qusi
20150801       2.321       1.488       3.097       2.646
20150802       1.868       2.795       3.021       2.396
20150803       1.830       1.427       2.698       1.592
20150804       1.615       0.959       1.800       1.219
20150805       2.103       5.731       4.232       5.167
20150806       2.584       2.561       3.296       1.959
20150807       2.238       1.237       2.248       1.696
20150808       1.806       1.057       1.233       1.280
20150809       1.458       1.002       1.057       1.465
20150810       1.263       0.956       1.003       1.327
20150811       1.151       0.911       0.956       1.165
20150812       1.100       1.152       0.913       1.105
20150813       1.006       0.875       0.923       0.950
20150814       0.930       0.834       0.875       1.633
20150815       1.717       3.629       1.166       1.224
20150816      17.746      42.196       5.442       3.151
20150817      24.819      18.409      21.548      20.169
20150818      12.354       8.603      13.644      16.168
20150819       7.549       5.824       8.601       8.116
20150820       5.248       3.884       5.823       5.589
20150821       4.014       2.463       3.884       3.562
20150822       3.268       1.407       2.463       2.621
20150823       2.716       1.285       1.407       1.785
20150824       2.337       1.225       1.285       2.302
20150825       2.736       4.455       1.877       3.340
20150826       7.046       6.926       7.512       6.553
20150827      20.911      32.744      11.320      14.729
20150828      15.297      10.740      16.031      19.412
20150829       9.383       8.376      10.010      10.211
20150830       7.092       6.218       7.856       7.296
20150831       5.656       3.961       5.629       5.186
20150901       4.837       2.577       4.023       4.473
20150902       9.030       8.686       8.367       8.480
20150903      24.720      25.303      13.885      15.577
20150904      39.622      36.241      24.939      27.206
20150905      21.239      11.988      29.618      32.253
20150906      12.549       8.086      11.594      11.082
20150907       8.636       6.004       8.080       8.866
20150908       6.422       4.212       5.676       6.389
20150909       5.012       2.797       3.962       4.572
20150910       4.181       1.941       2.811       3.361
20150911       3.566       1.861       1.943       2.790
20150912       3.086       1.786       1.861       3.222
20150913       3.926       1.870       2.384       3.678
20150914      36.684      47.817      12.353      15.755
20150915      74.815      69.403      53.450      56.122
20150916      63.548      38.600      55.866      56.732
20150917      51.175      55.746      60.706      62.923
20150918      56.006      34.022      45.248      43.357
20150919      24.538      12.300      26.842      28.684
20150920      14.554       8.800      12.299      12.495
20150921      10.275       6.245       8.847      10.739
20150922      17.920      11.547       8.033       9.747
20150923      29.414      19.548      21.938      21.547
20150924      16.073       8.600      15.939      23.462
20150925      17.184      10.379      11.309      13.014
20150926      16.888       8.119      10.246      13.260
20150927      11.213       5.170       7.574      12.182
20150928       8.361       3.654       5.170       7.838
20150929       6.721       2.555       3.654       5.454
20150930       5.579       2.081       2.555       4.474
20151001       4.745       1.997       2.214       4.278
20151002       4.121       1.916       2.128       3.996
20151003       3.619       1.837       1.916       3.617
20151004       3.230       1.883       1.837       3.255
20151005       2.903       1.808       1.762       2.795
20151006       2.620       1.736       1.691       2.760
20151007       3.624       2.548       1.911       2.764
20151008      14.563       9.204       8.964       8.951
20151009      18.562      11.332      11.825      16.384
20151010      18.568       8.335      11.274      16.681
20151011      12.110       5.165       7.945      15.027
20151012       9.013       3.794       5.164       8.608
20151013       7.657       4.386       4.101       6.857
20151014       6.330       2.583       3.344       6.314
20151015       5.250       2.071       2.582       4.021
20151016       4.555       1.941       2.071       3.879
20151017       4.026       1.870       1.941       3.870
20151018       3.575       1.802       1.870       3.534
20151019       3.216       1.735       1.802       3.186
20151020       2.931       1.671       1.735       2.922
20151021       2.740       1.612       1.671       2.651
20151022       2.712       2.020       1.617       2.473
20151023       2.643       1.592       1.727       2.207
20151024       2.497       1.530       1.591       2.288
20151025       3.182       4.601       2.002       2.895
20151026       3.484       1.783       7.790       4.002
20151027       2.981       1.609       1.777       2.239
20151028       2.633       1.527       1.609       2.537
20151029       2.398       1.470       1.549       2.511
20151030       2.317       1.426       1.505       2.186
20151031       2.254       1.379       1.424       2.218
20151101       2.167       1.324       1.371       2.141
20151102       2.061       1.274   -9999.000   -9999.000
20151103       1.980       1.226       1.274       1.885
20151104       1.916       1.185       1.228       1.884
20151105       1.877       1.139       1.185       1.832
20151106       2.397       3.342       2.727       4.211
20151107      11.451       6.632       4.710       3.844
20151108      30.753      24.232       7.765       8.419
20151109      37.069      27.871      18.400      30.011
20151110      32.285      20.990      29.423      31.640
20151111      17.681       9.599      15.202      19.402
20151112      12.001      18.315      10.128      11.643
20151113      14.120      19.953      26.493      23.108
20151114      17.541      11.957      20.808      17.459
20151115      15.561      11.154      13.320      13.052
20151116      17.891       8.972      12.088      14.290
20151117      21.811      19.211      13.562      16.880
20151118      15.167      10.905      19.048      22.555
20151119      20.610      28.187      12.594      12.909
20151120      20.004      11.158      25.044      23.023
20151121      12.642       7.857      10.424      12.434
20151122       9.204       5.598       7.858       9.582
20151123       7.143       3.809       5.598       6.722
20151124       6.441       3.700       4.816       6.435
20151125       6.677       3.561       3.701       4.802
20151126       5.640       2.378       2.994       6.810
20151127       5.107       2.220       2.401       3.727
20151128       7.991       5.414       3.267       6.236
20151129      14.540      13.222       8.645      16.344
20151130      15.707      10.154      14.456      18.223
20151201      11.049       7.477       8.945      14.527
20151202       8.880       7.309       8.358      10.657
20151203       9.867       6.479       7.217       8.111
20151204      30.324      42.429      14.541      18.052
20151205      56.985      42.067      37.539      37.514
20151206     101.942      83.458      62.649      64.609
20151207      63.011      35.526      67.646      65.897
20151208      28.450      17.104      33.457      34.151
20151209      25.444      21.407      22.126      21.616
20151210      28.455      26.269      25.127      23.824
20151211      30.301      16.752      31.003      29.209
20151212      18.610      10.024      14.267      18.639
20151213      12.968       7.313       9.951      13.064
20151214       9.883       5.340       7.310       9.715
20151215       8.147       4.193       5.728       8.165
20151216       7.003       3.654       5.358       7.233
20151217       7.846       7.646       5.558       8.986
20151218       8.543       6.365       7.094       9.255
20151219       8.304       6.083       5.365       7.720
20151220      11.661      12.926       8.218      11.532
20151221      11.572       8.028   -9999.000   -9999.000
20151222      12.742       9.400   -9999.000   -9999.000
20151223      18.195      13.253      10.553      12.232
20151224      14.311      10.873      13.163      18.323
20151225      23.403      25.626      15.991      17.791
20151226      21.079      12.042      19.959      24.384
20151227      14.222      10.528      12.494      15.864
20151228      10.860       8.768      11.322      11.370
20151229      10.431       5.662      10.030      10.494
20151230      18.700      22.165      14.152      16.146
20151231      24.804      24.457      19.529      25.381
20160101      24.205      31.908      25.914      33.478
20160102      19.900      18.737      27.991      25.083
20160103      14.282      10.996      17.467      15.444
20160104      10.720       8.346      11.925      10.658
20160105       8.462       6.084       8.482       8.157
20160106       6.927       4.669       6.311       6.591
20160107       5.759       3.030       4.646       5.222
20160108       5.028       3.099       3.457       4.335
20160109       4.772       2.854       3.121       4.242
20160110       3.971       3.032       2.982       4.632
20160111       4.695       4.489       4.015       4.970
20160112       4.701       2.850       3.865       3.785
20160113       4.148       2.617       2.895       4.176
20160114       3.748       2.637       2.860       4.139
20160115       3.341       2.337       2.568       3.393
20160116       3.080       2.354       2.374       3.181
20160117       2.511       2.161       2.314       2.898
20160118       2.539       2.079       2.160       2.433
20160119       2.616       2.289       2.429       2.824
20160120       2.393       1.989       2.210       2.367
20160121       2.205       1.906       1.990       2.280
20160122       2.186       1.856       1.920       2.056
20160123       2.184       1.979       1.985       2.299
20160124       2.178       1.768       2.448       2.606
20160125       2.663       2.664       3.449       3.740
20160126       7.257       9.588       5.337       5.119
20160127      42.720      64.300      15.305      17.544
20160128      51.205      50.507      51.906      55.881
20160129      38.097      36.201      41.822      45.828
20160130      52.526      47.363      36.133      32.234
20160131      27.919      28.216      33.750      37.151
20160201      18.247      11.784      23.646      20.824
20160202      28.247      33.998      18.219      15.898
20160203      39.701      28.634      22.236      25.542
20160204      19.941      11.689      20.554      25.228
20160205      12.924       8.175      11.231      11.947
20160206      13.742      12.392      10.434      11.710
20160207      41.948      34.714      22.533      22.421
20160208      46.017      39.161      40.321      43.761
20160209      55.233      46.438      42.752      43.019
20160210      30.386      22.593      31.921      35.638
20160211      19.359      11.299      19.697      19.915
20160212      13.179       8.223      11.190      11.054
20160213       9.516       5.965       8.220      10.145
20160214       7.251       4.294       5.968       6.781
20160215       5.641       2.921       4.293       5.251
20160216       4.818       2.475       2.919       3.792
20160217       4.607       2.392       2.476       3.781
20160218       4.100       2.314       2.436       4.222
20160219       3.790       2.550       2.600       4.860
20160220      12.056      16.055       7.246       8.390
20160221      16.800      16.874      17.474      13.073
20160222      12.038      11.491      14.196      17.376
20160223       9.362       9.176      11.106      10.793
20160224       7.471       8.176       8.723       8.076
20160225       6.096       5.598       7.687       6.655
20160226       4.999       4.083       5.596       4.712
20160227       4.343       3.093       4.084       3.702
20160228       3.877       2.537       3.091       3.365
20160229       3.452       2.324       2.537       3.115
20160301       3.400       2.251       2.370       3.133
20160302       3.501       3.437       3.418       5.123
20160303       3.821       3.518       3.466       4.053
20160304       4.988       6.003       4.211       4.760
20160305       5.428       3.451       4.884       4.899
20160306       4.838       3.276       3.764       5.952
20160307       4.492       2.869       3.302       4.215
20160308       4.021       2.417       2.739       3.835
20160309       3.756       2.466       2.577       3.875
20160310       3.718       4.693       3.044       4.922
20160311       3.869       2.685       3.543       4.730
20160312       3.735       2.324       2.883       3.506
20160313       3.704       4.862       3.146       4.489
20160314       6.425      10.616       6.694       7.232
20160315      11.315      17.072      12.733      11.180
20160316      12.552      15.321      16.555      16.730
20160317      12.995      11.204      15.279      12.532
20160318      13.281       9.522      11.575       9.905
20160319      10.869       6.718       9.072      11.038
20160320       9.228       5.151       6.708       8.665
20160321       8.345       4.142       5.190       7.158
20160322       7.850       4.310       4.000       6.305
20160323   -9999.000   -9999.000       3.546       6.271
20160324       6.199       2.684   -9999.000   -9999.000
20160325       5.912       4.144   -9999.000   -9999.000
20160326       6.717       2.631   -9999.000   -9999.000
20160327      14.153      14.926       8.493      16.850
20160328      22.492      13.863      12.688      15.313
20160329      34.913      39.126      25.369      32.251
20160330      29.287      15.040      25.154      27.534
20160331      15.258       9.749      13.245      15.194
20160401      10.331       7.072       9.751      11.344
20160402       8.286       5.977       7.105       7.939
20160403       8.477       7.758       5.870       7.021
20160404       9.100       8.857       8.461       9.100
20160405       9.542      11.771       8.033       8.717
20160406       9.410       8.664      10.178       9.243
20160407       8.937       8.420       8.791       8.657
20160408       8.085       5.720       7.780       7.809
20160409       6.844       4.610       5.474       6.027
20160410       5.672       3.199       4.124       5.228
20160411       5.019       2.584       3.213       4.115
20160412       4.515       2.456       2.595       3.856
20160413       3.995       2.369       2.491       4.295
20160414       3.607       2.293       2.398       3.677
20160415       3.366       2.225       2.468       3.539
20160416       3.404       2.375       2.258       3.025
20160417       5.484      10.754       5.501       7.204
20160418       5.424       5.229       8.986       6.863
20160419       5.135       6.800       5.771       4.391
20160420       4.453       3.971       5.551       4.622
20160421       3.744       2.708       3.970       3.353
20160422       3.270       2.313       2.710       2.640
20160423       2.907       2.234       2.313       2.670
20160424       2.663       2.221       2.444       2.899
20160425       2.422       2.090       2.164       2.602
20160426       2.339       2.396       2.253       2.525
20160427       2.200       2.079       2.116       2.279
20160428       2.159       2.076       2.067       2.147
20160429       3.118       7.340       2.368       2.164
20160430       7.045      10.439       7.952       5.533
20160501      13.757      12.551       9.676       7.200
20160502       8.213       7.032       9.898      12.893
20160503      10.907      19.142      17.288      16.364
20160504      10.075       8.414      12.989      11.521
20160505       6.916       5.985       8.413       7.716
20160506       5.397       4.221       5.982       5.105
20160507       4.462       2.917       4.222       3.995
20160508       3.811       2.280       2.917       3.185
20160509       3.386       2.183       2.280       2.928
20160510       2.955       2.092       2.183       3.108
20160511       2.604       2.001       2.091       2.683
20160512       2.325       1.913       2.001       2.466
20160513       2.147       1.827       1.935       2.170
20160514       2.215       1.875       2.803       3.007
20160515       2.121       1.682       1.796       2.064
20160516       1.906       1.606       1.682       2.008
20160517       1.719       1.532       1.606       1.819
20160518       1.574       1.461       1.532       1.595
20160519       1.473       1.396       1.461       1.531
20160520       1.445       1.331       1.395       1.353
20160521       1.629       1.675       1.538       1.599
20160522       4.088       2.993       2.601       2.500
20160523      11.969       9.528       5.750       7.397
20160524       6.948       3.618       5.976      11.966
20160525       4.747       2.158       3.477       4.659
20160526       3.683       1.583       2.155       2.801
20160527       3.040       1.453       1.583       2.530
20160528       2.608       1.379       1.454       2.779
20160529       2.278       1.315       1.381       2.455
20160530       2.477       1.593       1.315       2.152
20160531       5.067       7.725       6.490       6.675
20160601       4.043       2.455       4.673       5.546
20160602       3.022       1.562       2.459       2.534
20160603       2.458       1.393       1.561       1.957
20160604       2.065       1.322       1.393       2.131
20160605       1.777       1.258       1.322       1.917
20160606       1.577       1.197       1.258       1.598
20160607       1.437       1.138       1.197       1.493
20160608       1.343       1.082       1.138       1.364
20160609       1.195       1.028       1.082       1.245
20160610       1.102       0.977       1.028       1.137
20160611       1.059       0.928       0.977       1.021
20160612       1.047       0.933       0.928       0.998
20160613       0.981       0.845       0.885       0.988
20160614       0.907       0.803       0.845       0.932
20160615       0.898       0.778       0.805       0.835
20160616       1.217       7.482       2.291       2.503
20160617       2.085       3.345       3.930       1.203
20160618       2.593       3.456       5.694       2.719
20160619       1.890       1.470       2.508       1.794
20160620       3.394       1.044       1.410       1.147
20160621      11.032      13.116       7.415       9.727
20160622       5.485       4.218       7.204      12.657
20160623       3.870       2.548       4.218       3.972
20160624       3.908       3.912       2.907       2.725
20160625       4.227       2.118       2.912       2.960
20160626       4.601       3.666       5.244       6.406
20160627       7.960       4.436       3.348       3.327
20160628       7.111       2.900       3.208       6.549
20160629       5.261       1.623       2.381       4.881
20160630      12.247       9.300       4.894       9.761
20160701      16.343       3.883       6.467      11.520
20160702      20.136      14.813       6.603      16.366
20160703      15.611       8.570      11.919      20.430
20160704       9.913       5.070       7.953      13.026
20160705       6.954       3.598       5.094       7.249
20160706       5.269       2.791       3.386       4.914
20160707       4.201       1.874       2.512       3.478
20160708       3.599       1.705       1.883       3.125
20160709       3.081       1.579       1.707       2.974
20160710       2.755       1.508       1.579       2.659
20160711       2.822       4.922       2.339       3.981
20160712       3.809       6.170       3.044       2.418
20160713       3.085       2.461       4.323       3.537
20160714       2.841       2.134       2.704       2.236
20160715       2.756       2.856       3.997       3.805
20160716       2.314       3.819       2.211       2.140
20160717       1.980       1.857       2.566       1.950
20160718       1.746       1.657       1.862       1.416
20160719       1.567       1.564       1.657       1.546
20160720       1.423       1.491       1.564       1.525
20160721       1.317       1.420       1.491       1.416
20160722       1.259       1.351       1.423       1.247
20160723       1.392       1.510       1.353       1.228
20160724       1.274       1.257       1.334       1.249
20160725       1.158       1.573       1.257       1.244
20160726       1.253       1.618       1.613       1.284
20160727       1.581       1.360       1.270       1.054
20160728       2.741       6.417       1.960       2.042
20160729       2.834       1.866       3.662       2.551
20160730       3.777       5.343       2.211       1.832
20160731       3.188       3.314       3.697       3.431
