date          Qobs       Qsimobs        Qsim       Qusi
20150801      21.212      21.708      25.831      20.456
20150802      18.392      26.029      21.182      19.108
20150803      17.574      21.929      26.997      20.103
20150804      17.121      21.383      24.269      16.839
20150805      29.482      34.962      26.011      21.194
20150806      31.813      26.707      30.265      27.870
20150807      34.093      27.940      25.763      27.549
20150808      32.423      24.191      26.676      29.706
20150809      24.822      25.157      24.656      30.399
20150810      24.253      21.042      22.218      23.779
20150811      28.992      25.709      22.368      22.550
20150812      30.319      28.879      22.932      28.398
20150813      21.881      16.981      26.364      29.459
20150814      17.319      16.340      19.842      19.541
20150815      16.795      19.533      17.165      17.412
20150816      20.711      21.140      19.905      18.956
20150817      23.492      18.866      20.693      20.598
20150818      21.621      17.352      18.496      21.348
20150819      17.702      17.839      17.288      20.685
20150820      15.957      17.285      17.219      17.643
20150821      15.160      15.846      16.806      15.110
20150822      16.449      16.091      15.577      13.900
20150823      17.917      14.704      15.538      15.236
20150824      16.416      13.889      15.721      16.770
20150825      16.299      16.605      13.916      15.584
20150826      22.448      18.908      16.205      16.671
20150827      20.603      18.089      17.646      22.004
20150828      21.548      30.002      27.124      30.299
20150829      17.311      14.987      23.877      18.354
20150830      13.954      13.665      14.809      13.039
20150831      11.897      12.932      13.924      13.618
20150901      10.344      12.011      13.930      12.549
20150902       9.120      11.447      11.996       9.916
20150903       8.573      11.492      11.743       9.165
20150904       8.260      11.009      11.246       8.320
20150905       9.504      17.908      11.983       9.062
20150906       9.271      14.666      14.545       8.677
20150907       8.762      14.167      13.302       9.213
20150908       9.623      12.735      13.405       8.312
20150909       8.891      12.738      13.897       8.866
20150910       7.844      12.114      13.112       8.828
20150911       6.959      11.605      11.516       7.669
20150912       6.343      11.244      11.593       6.812
20150913       5.999      11.127      11.196       6.205
20150914       6.469      11.116      10.981       5.898
20150915       7.780      10.792      10.649       6.178
20150916       9.893      12.950      11.521       7.787
20150917       9.316      10.953      11.582       8.890
20150918       9.537      12.140      12.094      10.238
20150919      13.431      18.873      13.822      10.529
20150920      16.416      23.555      14.250      12.325
20150921      12.639      14.894      15.184      14.159
20150922       9.947      14.327      15.051      12.051
20150923       8.340      14.349      14.366       9.970
20150924       7.309      13.845      14.264       8.096
20150925       7.619      17.456      14.588       7.890
20150926       7.610      16.406      14.790       7.737
20150927       7.066      14.536      14.554       7.271
20150928       6.372      13.344      14.161       6.876
20150929       5.937      12.690      13.502       6.209
20150930       5.255      11.117      12.919       5.812
20151001       6.073      12.356      13.918       5.939
20151002       7.942      11.509      12.879       5.841
20151003       9.355      12.878      14.428       9.919
20151004       8.528      12.299      11.902       8.582
20151005       7.432      11.595      11.251       8.550
20151006       6.332      11.026      10.610       7.088
20151007       5.492      10.454      10.992       6.249
20151008       4.896       9.925      10.439       5.338
20151009       4.652       9.676       9.918       4.995
20151010       4.376       9.165       9.592       4.422
20151011       4.060       8.612       9.120       4.322
20151012       3.811       8.180       8.618       3.988
20151013       3.580       7.709       8.203       3.727
20151014       3.360       7.274       7.709       3.492
20151015       3.135       6.864       7.274       3.299
20151016       2.970       6.475       6.866       3.112
20151017       2.790       6.097       6.477       2.830
20151018       2.661       5.744       6.098       2.628
20151019       2.504       5.409       5.745       2.679
20151020       2.392       5.093       5.409       2.299
20151021       2.498       4.794       5.167       2.263
20151022       2.963       7.738       6.434       3.349
20151023       5.703      18.979       9.367       4.408
20151024       5.511      10.416      12.362       4.418
20151025       5.365      13.533      11.491       6.303
20151026       4.820      11.497      13.135       6.095
20151027       4.693      10.519      11.286       4.595
20151028       4.190       9.879      10.477       4.571
20151029       3.584       9.348       9.879       3.912
20151030       3.380       8.844       9.356       3.208
20151031       3.806       8.966       9.426       3.586
20151101       5.028      10.655      10.532       4.373
20151102       5.468       9.396   -9999.000   -9999.000
20151103       5.583       8.957       8.759       5.516
20151104       5.924      11.254      10.647       6.353
20151105       6.390       9.706      10.016       5.261
20151106       5.793       8.865       9.679       6.123
20151107       5.772       9.137       9.425       6.435
20151108       5.512       9.801       8.747       5.088
20151109       4.780      10.942       9.070       6.152
20151110       4.897      11.471      10.889       5.087
20151111       4.676      11.437      13.429       5.968
20151112       4.316      11.173      11.618       5.030
20151113       3.806       9.036       9.782       3.769
20151114       3.315       9.094       9.003       3.785
20151115       3.551      13.566      10.696       3.879
20151116       3.187       7.999       8.722       2.279
20151117       3.161       7.734       8.775       3.333
20151118       2.946       7.813       7.662       2.836
20151119       2.376       6.716       7.153       2.833
20151120       2.502       6.421       7.431       2.503
20151121       2.515       6.254       7.169       2.705
20151122       2.332       6.099       6.429       2.634
20151123       3.121       5.502       6.270       2.323
20151124       2.798       5.110       5.624       3.320
20151125       2.375       5.092       5.297       2.746
20151126       2.343       6.130       6.177       3.114
20151127      13.015       9.580       9.054       3.711
20151128      16.676       6.067       8.808       9.306
20151129       9.785       4.762       6.303      13.085
20151130       6.598       5.375       4.989       9.190
20151201       5.957      14.418       6.493       7.667
20151202       5.481       9.120       6.727       3.191
20151203       4.886       6.523       5.830       4.066
20151204       4.464       5.336       4.787       3.529
20151205       5.064       5.259       6.184       5.591
20151206       5.258      10.350       8.272       7.583
20151207       4.703      10.642       8.972       4.439
20151208       4.701       4.775       4.331       2.729
20151209       4.919       8.218       4.378       4.048
20151210       5.397      13.127       6.759       6.694
20151211       5.243      12.348      10.823       5.676
20151212       4.880       9.852       9.815       3.568
20151213       4.406       8.194       8.150       3.758
20151214       3.963       9.081       7.256       3.766
20151215       4.215       7.195       7.223       3.957
20151216       3.714       6.092       6.420       3.914
20151217       4.482       6.660       6.232       3.648
20151218       5.059       6.563       6.526       4.348
20151219       6.356       8.936       8.921       5.682
20151220      12.818      14.966       9.822       7.844
20151221      15.211      18.307   -9999.000   -9999.000
20151222      10.881      18.239   -9999.000   -9999.000
20151223       8.362      18.771      18.044      12.794
20151224       7.021      27.685      19.058       9.936
20151225       6.490      43.541      23.020       7.334
20151226       5.396      26.496      37.267       9.361
20151227       5.561      20.116      21.408       3.702
20151228       5.151      18.756      19.852       5.367
20151229       5.005      17.694      18.712       4.979
20151230       4.456      17.632      17.823       4.957
20151231       4.160      30.555      16.988       4.343
20160101       3.894      25.789      23.422       5.184
20160102       3.456      20.598      23.318       3.916
20160103       2.917      19.443      20.499       3.242
20160104       3.265      18.414      19.455       2.900
20160105       3.696      17.461      18.416       3.099
20160106       4.044      16.621      17.463       3.527
20160107       4.285      15.698      16.558       3.838
20160108       6.437      14.888      15.704       4.162
20160109      10.772      14.119      14.890       5.404
20160110      12.224      13.384      14.118      10.232
20160111      11.087      12.832      13.421      11.913
20160112       8.996      12.185      12.753      12.746
20160113       6.886      11.578      12.259      12.259
20160114       4.883      10.844      11.448      11.439
20160115       3.988      10.994      11.259      11.254
20160116       3.784      10.131      10.439      10.423
20160117       3.689       9.403       9.914       9.904
20160118       3.696      14.651      11.183      11.173
20160119       3.774      10.408      10.474       3.168
20160120       3.333       9.558      10.136       4.013
20160121       3.912       8.878       8.907       3.283
20160122       3.110       7.221       7.710       3.625
20160123       2.784       6.925       7.240       3.153
20160124       2.392       6.536       7.041       2.843
20160125       2.273       6.784       6.661       2.409
20160126       4.135      12.171       7.045       2.115
20160127       4.130      10.210       9.836       3.877
20160128       4.334      10.074      10.755       4.323
20160129       2.625       8.848       9.867       3.865
20160130       2.137      16.832      12.271       3.766
20160131       2.657      10.437      11.331       1.688
20160201       2.612      10.242      10.153       2.252
20160202       2.406       9.925      10.627       2.730
20160203       2.258      10.213       9.324       2.304
20160204       2.330      15.840      11.985       2.696
20160205       2.342      10.241       9.068       1.671
20160206       2.284       7.171       8.045       1.878
20160207       2.166       7.630       7.889       2.150
20160208       2.026       9.531       7.794       2.496
20160209       1.939       8.203       8.075       2.331
20160210       1.886       9.302       8.003       1.909
20160211       1.810       7.337       7.741       1.936
20160212       1.791       6.673       7.690       2.026
20160213       6.376       6.362       7.121       2.004
20160214      17.815       5.926       6.351       2.865
20160215       2.389       6.848       6.508      20.570
20160216       1.835       6.443       6.169       6.144
20160217       1.368       5.160       5.606       5.577
20160218       1.853       5.758       5.685       5.682
20160219       8.774       5.052       5.420       5.419
20160220       1.298       4.947       5.165       5.163
20160221       1.256       4.524       5.258       5.261
20160222       1.206       4.848       5.597       5.587
20160223       1.201       5.048       5.277       5.273
20160224       1.302       9.097       6.608       6.591
20160225       1.381       6.912       5.381       5.229
20160226       1.502      12.124       7.331       7.259
20160227       1.646       7.340       6.454       6.194
20160228       1.677       5.543       4.933       4.838
20160229       1.695       3.544       3.889       3.851
20160301       1.520       3.191       3.436       3.420
20160302       1.395       2.949       3.348       3.346
20160303       1.356       2.696       2.964       2.963
20160304       1.316       2.846       3.219       3.223
20160305       1.293       3.335       3.499       3.494
20160306       1.503       2.410       2.465       2.436
20160307       1.208       2.041       2.266       2.258
20160308       4.447       1.975       2.170       2.165
20160309       9.651       1.784       1.915       1.912
20160310       1.109       1.668       1.794       1.793
20160311       1.449       1.559       1.664       1.663
20160312       1.115       1.458       1.563       1.565
20160313       1.010       1.607       1.668       1.666
20160314       1.512       5.608       2.819       3.046
20160315       2.012       1.352       1.861       0.568
20160316       2.012       1.266       1.837       2.388
20160317       2.041       1.117       1.406       1.768
20160318       1.991       2.163       1.325       2.091
20160319       1.895       1.202       1.305       1.320
20160320       1.849       2.360       2.388       3.561
20160321       1.817       1.776       1.862       1.486
20160322       1.826       2.338       1.748       1.560
20160323   -9999.000   -9999.000       1.371       1.103
20160324       1.731       0.561   -9999.000   -9999.000
20160325       1.644       0.560   -9999.000   -9999.000
20160326       1.593       1.256   -9999.000   -9999.000
20160327       1.857       2.912       0.750       0.942
20160328       2.060       3.519       1.400       2.409
20160329       2.213       6.074       3.330       3.250
20160330       2.227       5.122       4.958       2.886
20160331       2.290       4.578       4.328       2.160
20160401       1.740       4.863       4.813       2.806
20160402       1.639       4.017       4.773       1.829
20160403       1.621       3.830       4.221       1.667
20160404       1.900       4.886       3.857       1.777
20160405       2.327       5.935       3.877       2.082
20160406       2.899       5.762       5.778       2.732
20160407       2.873       6.714       5.201       2.834
20160408       2.489       5.846       5.344       2.419
20160409       2.189       4.730       5.028       2.169
20160410       2.038       4.393       4.653       2.237
20160411       1.933       4.009       4.401       1.944
20160412       1.929       3.934       4.156       1.983
20160413       1.915       3.917       3.934       1.925
20160414       1.847       3.719       3.592       1.984
20160415       1.838       3.833       4.046       2.066
20160416       1.826       3.696       3.791       1.888
20160417       1.813       3.328       3.290       1.618
20160418       2.054       3.218       3.626       2.111
20160419       2.398       4.063       3.989       2.454
20160420       2.422       5.730       4.728       2.357
20160421       2.334       4.084       5.027       2.092
20160422       2.317      10.711       5.516       2.700
20160423       2.173       4.571       3.831       0.967
20160424       2.006       2.624       3.013       1.568
20160425       1.885       2.295       2.629       1.940
20160426       1.777       2.171       2.308       1.845
20160427       1.687       1.992       2.162       1.588
20160428       1.680       1.867       1.959       1.635
20160429       1.767       3.114       2.790       2.450
20160430       1.717       3.246       2.788       1.856
20160501       1.989       1.911       1.834       1.027
20160502       2.568       2.379       1.782       1.796
20160503       4.187       6.031       2.194       3.530
20160504       4.922       5.648       4.207       5.596
20160505       5.807      10.923       5.235       5.022
20160506       7.036      16.217       8.930       8.412
20160507       9.097      28.789      17.932      11.601
20160508      16.501      48.575      27.391      14.131
20160509      23.693      62.849      41.609      24.105
20160510      27.378      80.385      54.112      31.174
20160511      29.910      43.817      52.251      31.586
20160512      29.025      52.744      46.828      29.078
20160513      22.152      22.716      36.327      23.913
20160514      16.399      21.284      22.562      14.838
20160515      12.745      21.162      21.686      16.085
20160516      10.859      19.182      19.972      12.285
20160517      10.453      19.527      19.253      10.013
20160518       9.948      17.920      19.441      10.486
20160519       9.364      17.494      18.624      10.164
20160520      10.159      16.864      17.070       8.784
20160521      16.176      20.804      17.176       9.693
20160522      26.991      65.196      20.436      16.043
20160523      38.155      77.527      49.505      59.068
20160524      36.527      28.609      50.774      36.531
20160525      32.337      28.530      25.713      22.776
20160526      30.587      28.472      24.635      30.501
20160527      31.340      44.889      29.551      33.499
20160528      38.668      77.618      44.363      41.565
20160529      49.863     102.244      62.262      48.255
20160530      58.054      99.264      80.632      58.969
20160531      87.648     134.894      96.058      67.585
20160601      97.607     119.178     112.090      86.983
20160602      98.423     106.761     115.214      94.951
20160603      99.980     123.357     100.607      85.314
20160604      74.112      72.078      77.706      74.463
20160605      53.420      49.208      61.202      54.428
20160606      49.378      60.013      53.174      41.997
20160607      58.558      77.952      52.800      46.123
20160608      67.809      65.669      61.385      49.766
20160609      38.399      24.677      47.229      50.376
20160610      27.100      23.944      24.608      21.422
20160611      22.537      23.024      23.709      27.017
20160612      25.024      25.930      23.030      22.407
20160613      29.920      38.013      24.186      25.456
20160614      30.606      31.509      27.696      30.182
20160615      33.819      43.619      29.979      27.310
20160616      39.374      58.145      43.805      38.517
20160617      42.922      58.803      51.621      42.540
20160618      43.849      39.319      50.277      39.105
20160619      35.160      27.135      31.739      30.802
20160620      26.679      21.551      23.656      25.470
20160621      32.128      38.741      24.148      26.340
20160622      34.056      26.917      33.025      38.544
20160623      33.289      27.934      34.260      32.652
20160624      34.407      27.288      30.159      33.380
20160625      44.477      60.469      38.728      43.132
20160626      44.947      33.925      49.895      44.356
20160627      74.858      73.464      39.697      37.350
20160628      51.648      39.756      44.565      62.705
20160629      35.455      28.707      36.525      39.443
20160630      32.199      26.923      29.565      29.051
20160701      34.065      33.003      30.727      30.755
20160702      29.206      30.239      28.643      33.185
20160703      28.512      46.273      35.243      32.825
20160704      23.005      24.014      33.446      24.278
20160705      21.331      23.921      26.716      20.452
20160706      21.521      33.229      22.383      19.342
20160707      19.536      20.525      25.707      17.873
20160708      17.800      21.770      20.804      17.049
20160709      20.173      33.560      24.294      19.585
20160710      21.931      24.938      26.679      20.753
20160711      27.123      31.439      27.846      21.017
20160712      34.338      40.186      29.683      24.569
20160713      33.520      26.781      33.475      30.460
20160714      30.903      25.524      24.743      24.823
20160715      25.408      20.747      22.932      26.232
20160716      23.953      22.930      21.649      23.037
20160717      24.289      21.563      24.841      24.709
20160718      22.782      22.305      20.940      22.934
20160719      20.755      18.554      21.302      19.941
20160720      20.896      21.906      18.924      19.737
20160721      23.709      18.567      21.343      20.151
20160722      27.401      23.418      20.848      22.164
20160723      28.777      34.725      25.327      30.848
20160724      25.763      22.899      28.649      26.718
20160725      25.133      22.304      26.799      26.255
20160726      24.979      26.062      26.601      27.043
20160727      22.292      21.280      23.045      25.227
20160728      19.792      22.604      22.162      20.672
20160729      17.876      23.478      20.494      18.065
20160730      18.352      29.704      23.764      20.239
20160731      16.420      23.878      32.956      21.771
