date          Qobs       Qsimobs        Qsim       Qusi
20150801      12.849      11.734      13.635      12.226
20150802      15.906      27.112      14.510      13.729
20150803      18.831      20.880      24.240      21.556
20150804      18.771      19.821      22.722      18.251
20150805      25.906      30.057      22.573      19.779
20150806      25.427      21.307      24.137      26.612
20150807      24.159      25.299      21.447      21.351
20150808      22.599      22.930      22.337      21.567
20150809      19.022      18.345      20.527      19.745
20150810      16.837      14.831      18.273      16.245
20150811      17.590      19.176      15.619      14.216
20150812      20.242      16.345      16.943      16.988
20150813      18.109      12.746      17.802      18.944
20150814      14.876      11.967      14.439      16.770
20150815      14.476      15.288      12.619      14.578
20150816      25.983      31.874      16.217      16.179
20150817      30.161      24.842      27.048      23.869
20150818      25.388      20.210      21.752      28.383
20150819      20.234      17.779      20.450      22.273
20150820      16.692      16.680      18.483      18.437
20150821      13.988      14.062      17.108      15.411
20150822      12.388      13.123      14.095      12.505
20150823      11.320      11.271      12.996      11.406
20150824      10.203      10.991      11.295      10.128
20150825       9.566      10.539      11.088      10.105
20150826      11.232      20.870      11.369       9.898
20150827      13.678      18.531      20.579      16.022
20150828      19.389      31.463      21.188      16.833
20150829      24.343      39.329      29.545      22.539
20150830      24.450      47.491      31.124      25.325
20150831      20.665      33.371      37.424      24.796
20150901      16.013      23.061      29.815      18.128
20150902      13.389      21.847      25.485      14.961
20150903      11.396      16.528      20.669      12.607
20150904       9.606      13.236      17.746       9.520
20150905       8.679      13.926      13.108       8.221
20150906       7.714       9.834      12.305       7.581
20150907       6.620       8.327       9.851       6.069
20150908       5.697       6.965       8.205       5.684
20150909       4.931       5.905       6.893       4.884
20150910       4.336       5.172       6.016       4.275
20150911       3.861       4.626       5.228       3.828
20150912       3.505       4.477       4.653       3.393
20150913       4.409       4.593       4.451       3.235
20150914      10.113      20.000       6.327       5.181
20150915      12.171      14.859      11.110      13.870
20150916      14.267      16.157      16.167      13.066
20150917      12.544      10.969      15.611      15.087
20150918      10.764      12.914      11.440      10.550
20150919      11.135      10.753      11.621       9.977
20150920      10.627      11.403      10.260       9.731
20150921       9.184       8.673       9.037       9.229
20150922       7.640       7.052       7.339       7.712
20150923       6.432       6.825       6.960       6.513
20150924       5.771       5.609       6.291       5.748
20150925       8.996      29.638       7.837       6.651
20150926      16.487      37.131      25.067      15.299
20150927      17.637      21.365      27.957      16.977
20150928      14.470      14.276      20.463      13.875
20150929      11.318      11.580      16.014      11.448
20150930       8.956       5.849      12.995       9.396
20151001       7.289       5.201       9.211       7.272
20151002       6.260       4.927       7.650       5.955
20151003       6.187       4.798       4.643       5.720
20151004       5.793       5.114       4.378       5.797
20151005       5.139       4.207       4.011       5.146
20151006       4.567       3.879       3.329       4.641
20151007       3.982       3.688       3.771       4.087
20151008       3.444       5.445       4.191       4.406
20151009       3.701       8.131       5.437       4.373
20151010       3.818       5.407       5.944       3.843
20151011       3.656       4.474       5.338       3.154
20151012       3.389       3.614       4.403       2.966
20151013       3.082       3.112       3.704       2.808
20151014       2.797       2.558       3.167       2.662
20151015       2.526       2.181       2.558       2.372
20151016       2.290       1.893       2.181       2.197
20151017       2.079       1.671       1.894       2.029
20151018       1.890       1.501       1.672       1.876
20151019       1.728       1.368       1.501       1.728
20151020       1.599       1.278       1.377       1.659
20151021       1.596       4.414       2.032       2.348
20151022       4.285      20.334       4.254       3.315
20151023      23.269      71.965      21.280       6.429
20151024      24.874      28.411      46.459      34.070
20151025      28.787      52.209      34.053      20.353
20151026      30.231      46.535      41.202      29.602
20151027      25.655      26.289      37.752      26.781
20151028      19.330      18.973      25.222      16.876
20151029      14.392      14.641      19.554      15.550
20151030      10.886      11.363      15.303      11.808
20151031       8.642       9.621      11.838       9.349
20151101       7.805      12.605       9.815       7.679
20151102       7.041       9.033   -9999.000   -9999.000
20151103       6.118       7.189      10.442       6.168
20151104       5.321       6.346       7.176       5.277
20151105       4.636       5.256       6.002       4.777
20151106       4.030       4.575       7.026       5.082
20151107       5.190       9.172       6.464       5.113
20151108       7.159      16.359       7.609       4.933
20151109      13.694      33.565      13.503      10.653
20151110      24.131      46.085      28.047      18.348
20151111      30.425      45.677      35.792      29.628
20151112      35.357      50.077      37.071      29.313
20151113      42.025      60.003      43.707      33.737
20151114      40.239      47.522      48.403      41.758
20151115      42.603      74.748      47.354      37.376
20151116      38.558      46.561      45.913      40.188
20151117      39.472      54.316      47.422      32.897
20151118      37.737      57.444      49.547      39.647
20151119      29.285      34.353      48.984      34.644
20151120      21.181      20.969      29.834      21.099
20151121      15.375      16.246      20.969      15.359
20151122      11.345      12.666      16.246      13.049
20151123       8.694      10.113      12.666       9.263
20151124       7.258       9.476      10.378       7.678
20151125       6.678       9.116       9.134       6.487
20151126       6.029       6.857       9.815       6.931
20151127      17.646      14.578      11.082       8.528
20151128      39.004      36.589      10.524      13.033
20151129      38.695      28.709      21.472      44.837
20151130      30.867      23.079      26.406      34.547
20151201      23.677      19.685      22.648      26.739
20151202      20.613      16.685      20.204      22.198
20151203      29.570      35.028      16.160      15.566
20151204      34.374      36.858      29.306      36.563
20151205      57.455     115.422      35.735      38.583
20151206      90.670     117.866      71.481      73.772
20151207      73.728      96.094      92.681      90.050
20151208      52.034      52.876      76.226      60.252
20151209      52.732      78.158      58.297      40.486
20151210      59.366      96.822      62.342      49.331
20151211      51.837      65.191      73.498      56.944
20151212      37.677      41.329      56.078      40.900
20151213      25.393      25.118      39.186      27.756
20151214      17.733      19.496      24.964      18.221
20151215      12.942      15.310      19.493      15.171
20151216       9.775      12.172      15.713      10.924
20151217       8.814      11.600      15.305      10.210
20151218      16.658      21.864      13.883       8.931
20151219      37.037      24.019      23.698      21.833
20151220      64.242      96.440      31.080      47.206
20151221      76.700     107.522   -9999.000   -9999.000
20151222      65.492      87.637   -9999.000   -9999.000
20151223      54.634      86.409      76.350      57.461
20151224      44.682      65.452      73.059      50.985
20151225      45.244      89.507      54.403      35.492
20151226      35.157      50.600      65.033      44.770
20151227      24.239      28.837      48.313      28.549
20151228      17.011      22.227      29.118      16.953
20151229      12.469      17.473      22.240      13.794
20151230       9.615      17.005      19.027      11.677
20151231       9.969      21.824      18.135      10.993
20160101      11.232      33.646      18.934      11.714
20160102      10.598      19.294      24.072      12.418
20160103       8.538      15.127      19.782       9.287
20160104       6.700      12.058      15.127       7.869
20160105       5.291       9.728      12.058       6.021
20160106       4.293       7.957       9.728       4.859
20160107       3.601       6.585       7.957       3.944
20160108       3.079       5.565       6.611       3.315
20160109       2.702       4.787       5.585       2.778
20160110       2.411       4.199       4.788       2.517
20160111       2.119       4.345       4.202       2.346
20160112       1.932       3.879       4.091       2.111
20160113       1.846       3.497       3.800       1.844
20160114       1.776       3.405       3.440       1.755
20160115       1.682       3.073       3.412       1.719
20160116       1.644       2.888       3.074       1.635
20160117       1.512       2.721       2.882       1.623
20160118       1.439       2.596       2.722       1.498
20160119       1.369       2.495       2.597       1.434
20160120       1.316       2.412       2.495       1.415
20160121       1.288       2.363       2.412       1.336
20160122       1.259       2.331       2.375       1.336
20160123       1.275       3.834       3.425       1.895
20160124       1.443       6.825       5.772       2.757
20160125       2.051       8.890       6.639       2.035
20160126       7.147      18.179       8.233       2.247
20160127      20.791      37.662      15.297       8.785
20160128      26.552      27.658      31.687      24.956
20160129      28.115      40.863      25.324      24.526
20160130      30.454      72.678      30.428      27.656
20160131      24.320      42.325      54.816      36.267
20160201      18.844      26.037      38.133      19.651
20160202      20.177      41.791      26.296      16.611
20160203      19.260      41.552      37.411      22.576
20160204      15.369      25.599      36.557      19.416
20160205      11.896      16.680      23.571      11.997
20160206      12.969      22.326      18.374      10.164
20160207      20.498      33.445      22.416      13.024
20160208      26.253      33.989      27.790      23.413
20160209      22.883      27.993      28.057      24.498
20160210      17.866      18.864      23.483      18.852
20160211      13.439      13.545      17.337      13.168
20160212      10.162      10.878      13.519      11.172
20160213       7.819       8.856      10.878       8.753
20160214       6.226       7.318       8.856       6.820
20160215       5.054       6.147       7.318       5.486
20160216       4.205       5.254       6.147       4.516
20160217       3.886       5.156       5.263       3.901
20160218       3.503       4.581       4.875       3.683
20160219       3.047       4.059       4.532       3.303
20160220       3.483       7.916       4.569       3.372
20160221       4.001       8.410       7.247       4.867
20160222       4.459       8.039       9.438       5.248
20160223       4.470       7.940       9.943       4.790
20160224       4.305       6.324       7.438       4.352
20160225       4.035       5.415       5.992       4.040
20160226       3.650       4.632       5.384       3.662
20160227       3.294       4.073       4.632       3.341
20160228       2.973       3.648       4.073       2.990
20160229       2.678       3.329       3.648       2.795
20160301       2.452       3.077       3.323       2.463
20160302       2.253       3.115       3.087       2.499
20160303       2.107       3.002       3.050       2.409
20160304       1.982       2.800       2.943       2.110
20160305       1.866       2.829       2.841       1.989
20160306       1.763       2.627       2.765       1.881
20160307       1.679       2.723       2.628       1.722
20160308       1.583       2.581       2.636       1.703
20160309       1.504       2.475       2.519       1.544
20160310       1.428       2.428       2.488       1.520
20160311       1.368       2.335       2.407       1.447
20160312       1.330       2.280       2.335       1.385
20160313       1.377       2.840       2.530       1.529
20160314       1.447       2.858       3.237       1.714
20160315       1.723       2.899       3.873       1.855
20160316       2.369       3.178       4.002       2.103
20160317       3.115       3.158       3.722       2.590
20160318       3.873       3.388       3.320       3.003
20160319       4.144       2.836       3.120       3.661
20160320       4.221       2.661       2.839       3.745
20160321       4.391       2.648       2.680       4.183
20160322       4.760       3.378       3.000       5.378
20160323   -9999.000   -9999.000       3.834       5.322
20160324       4.605       3.818   -9999.000   -9999.000
20160325       4.685       4.437   -9999.000   -9999.000
20160326       4.831       4.766   -9999.000   -9999.000
20160327      11.206      28.489       8.513       9.187
20160328      16.279      18.959      17.365      15.516
20160329      16.380      22.648      19.827      18.148
20160330      15.291      15.392      18.100      15.680
20160331      12.511      12.443      15.136      13.137
20160401      10.064       9.716      12.142      10.430
20160402       8.822       9.519      10.040       8.652
20160403       7.802       8.256      10.250       8.481
20160404       7.480       7.901       8.688       7.208
20160405       9.668      13.968       9.259       8.212
20160406      13.216      14.226      12.641      11.758
20160407      14.677      11.873      14.466      13.078
20160408      13.378       9.892      12.321      12.643
20160409      11.394       7.796       9.948      11.619
20160410       9.504       6.325       7.732       9.520
20160411       8.032       8.094       6.469       8.327
20160412       6.999       6.926       6.930       7.925
20160413       6.302       7.538       6.777       6.701
20160414       5.773       7.868       7.408       6.450
20160415       5.881      11.559       8.715       7.021
20160416       5.786       8.085       9.945       6.673
20160417       5.432       6.796       7.857       4.829
20160418       6.234      14.032       7.953       5.751
20160419       8.477      17.429      12.716       9.618
20160420       9.163      12.861      15.127       8.383
20160421       9.763      15.193      13.059       8.939
20160422      10.660      14.452      13.682      10.226
20160423       9.497      10.328      12.476       9.919
20160424       8.080       8.242      10.282       8.081
20160425       6.812       6.662       8.220       6.843
20160426       5.751       5.628       6.656       5.729
20160427       4.932       5.388       5.484       4.889
20160428       4.337       4.767       4.942       4.396
20160429       3.877       4.233       4.690       4.088
20160430       3.572       4.829       4.289       3.578
20160501       3.340       5.829       4.440       3.606
20160502       3.359       6.360       4.723       3.574
20160503       5.138      15.693       9.885       5.252
20160504       6.956      13.106      13.257       6.570
20160505       7.817      13.205      12.609       6.580
20160506       8.930      14.203      13.146       7.654
20160507      10.589      18.583      14.537       9.654
20160508      17.129      24.808      19.129      12.652
20160509      23.341      28.661      24.203      19.299
20160510      25.772      29.541      27.781      24.684
20160511      25.630      29.164      29.868      26.311
20160512      24.568      28.681      28.364      24.265
20160513      22.390      23.396      25.836      21.857
20160514      18.799      15.559      20.910      17.753
20160515      15.064      12.336      14.255      13.869
20160516      12.220      11.285      11.993      12.273
20160517      10.339      10.882      10.691      10.843
20160518       9.344      10.381      10.244       9.529
20160519      11.481      24.994      12.174      10.924
20160520      15.829      19.922      16.446      14.162
20160521      24.653      31.684      20.862      15.322
20160522      30.166      31.031      24.771      25.877
20160523      34.832      34.460      28.811      28.699
20160524      29.828      26.972      30.924      33.470
20160525      25.085      24.994      27.217      27.477
20160526      21.078      23.248      24.368      22.567
20160527      18.219      21.646      23.128      19.428
20160528      16.764      21.684      22.043      18.243
20160529      17.064      21.914      21.336      16.926
20160530      18.276      21.643      21.548      16.395
20160531      26.613      34.399      22.615      18.293
20160601      33.472      31.907      30.172      29.078
20160602      32.860      28.346      29.854      31.300
20160603      30.466      24.946      28.088      31.272
20160604      26.758      25.595      25.777      28.264
20160605      23.150      24.131      25.207      26.614
20160606      20.096      22.968      23.697      21.785
20160607      17.743      21.465      22.720      19.540
20160608      15.990      18.044      20.554      16.341
20160609      14.500      15.705      17.715      13.715
20160610      12.739      12.194      14.778      12.214
20160611      10.890      10.705      12.036      10.310
20160612       9.296      10.068      11.009      10.256
20160613       8.179      10.062      10.179       8.919
20160614       7.543      10.274      10.057       8.168
20160615       7.290      10.788      10.392       7.626
20160616       7.690       9.950      10.445       7.382
20160617       8.294       8.998       9.896       6.960
20160618       8.043       8.228       9.110       7.758
20160619       7.700       7.386       7.986       7.068
20160620       7.799       6.358       7.050       6.822
20160621       9.592      17.304       9.226       9.928
20160622       9.857      10.421      11.982      11.808
20160623       9.199       9.407      10.833       8.809
20160624       9.405       9.072       9.624       8.407
20160625      12.725      19.676       9.706       9.241
20160626      12.934      12.615      14.450      14.439
20160627      13.222      16.135      13.347      11.276
20160628      16.245      20.730      15.237      13.722
20160629      16.060      14.972      18.225      17.393
20160630      15.444      14.368      16.088      14.646
20160701      15.805      13.736      13.461      13.161
20160702      17.374      18.330      14.940      16.497
20160703      19.714      28.816      18.008      20.737
20160704      21.070      22.987      23.909      23.349
20160705      19.400      21.018      22.595      19.784
20160706      15.776      14.965      18.403      17.113
20160707      12.724      11.845      14.886      12.886
20160708      10.519       9.632      12.432      11.242
20160709       8.964       8.555      10.204       8.858
20160710       8.029       7.062       8.379       7.922
20160711       9.620      18.245       8.035       7.812
20160712      13.499      20.116      10.796      10.912
20160713      15.850      14.525      20.084      14.645
20160714      14.444      11.320      13.609      12.686
20160715      12.127       9.304      11.297      12.041
20160716      10.635      10.312       9.955      10.999
20160717      15.460      22.787      12.658      13.092
20160718      21.096      19.132      18.251      17.922
20160719      19.250      13.134      15.515      17.578
20160720      16.546      12.718      13.591      15.521
20160721      13.728       9.579      11.740      14.183
20160722      11.658       7.871      10.859      12.956
20160723       9.914       6.420       7.785       9.379
20160724       8.357       5.387       6.407       8.042
20160725       7.110       4.663       5.744       7.265
20160726       7.727       8.611       5.313       6.701
20160727      11.670      15.620      10.328      10.966
20160728      18.220      22.099      13.559      16.018
20160729      23.665      28.033      19.120      20.828
20160730      25.536      26.007      21.807      22.695
20160731      24.608      25.348      24.956      25.590
