date          Qobs       Qsimobs        Qsim       Qusi
20150801       0.385       0.503       0.692       0.589
20150802       0.325       0.366       0.503       0.321
20150803       0.284       0.344       0.454       0.305
20150804       0.237       0.238       0.307       0.264
20150805       0.198       0.183       0.238       0.186
20150806       0.170       0.144       0.192       0.174
20150807       0.150       0.158       0.160       0.142
20150808       0.148       0.356       0.202       0.207
20150809       0.190       0.558       0.275       0.232
20150810       0.225       0.541       0.387       0.276
20150811       0.224       0.370       0.447       0.264
20150812       0.252       0.446       0.457       0.264
20150813       0.433       0.513       0.490       0.308
20150814       0.925       0.803       0.533       0.550
20150815       1.046       0.453       0.540       0.843
20150816       0.683       0.330       0.455       0.792
20150817       0.428       0.240       0.330       0.529
20150818       0.298       0.182       0.240       0.332
20150819       0.219       0.137       0.182       0.240
20150820       0.172       0.099       0.137       0.176
20150821       0.137       0.075       0.099       0.132
20150822       2.747       0.061       0.075       0.114
20150823       2.089       0.049       0.061       2.812
20150824       0.142       0.039       0.049       1.871
20150825       0.077       0.031       0.039       0.187
20150826       0.087       0.025       0.031       0.065
20150827       0.087       0.020       0.025       0.071
20150828       0.076       0.016       0.022       0.071
20150829       0.136       0.112       0.021       0.074
20150830       0.728       2.930       0.340       0.727
20150831       1.565       3.438       1.957       3.135
20150901       2.051       1.984       1.931       1.543
20150902       1.405       0.950       1.473       1.414
20150903       0.917       0.711       0.955       0.890
20150904       0.636       0.560       0.713       0.671
20150905       0.487       0.471       0.736       0.714
20150906       0.511       0.946       0.561       0.483
20150907       0.533       0.595       0.633       0.586
20150908       0.518       0.438       0.615       0.506
20150909       0.477       0.385       0.465       0.452
20150910       0.457       0.306       0.374       0.377
20150911       0.405       0.220       0.229       0.334
20150912       0.346       0.170       0.220       0.294
20150913       0.298       0.127       0.170       0.280
20150914       1.149       0.097       0.130       0.235
20150915       0.635       0.080       0.098       0.198
20150916       0.193       0.066       0.080       0.491
20150917       0.171       0.055       0.067       0.149
20150918       0.153       0.045       0.058       0.142
20150919       0.179       0.124       0.055       0.138
20150920       1.255       1.532       0.594       1.010
20150921       1.348       0.577       0.584       2.083
20150922       0.927       0.422       0.575       0.909
20150923       0.643       0.334       0.422       0.706
20150924       0.531       0.729       0.327       0.484
20150925       0.455       0.423       0.451       0.676
20150926       1.849       2.613       0.576       0.448
20150927       3.550       2.666       1.583       2.558
20150928       2.208       1.026       1.468       2.614
20150929       1.620       1.221       1.079       1.269
20150930       3.651       4.974       1.355       1.764
20151001       6.526       6.590       5.197       6.921
20151002       6.404       6.730       5.358       6.368
20151003       4.634       3.959       5.164       6.074
20151004       4.349       5.271       3.261       3.485
20151005       3.605       1.978       3.339       3.452
20151006       1.968       1.129       1.567       1.828
20151007       1.184       0.862       1.129       1.291
20151008       0.799       0.657       0.870       0.962
20151009       0.583       0.499       0.657       0.616
20151010       0.461       0.379       0.499       0.474
20151011       0.427       0.697       0.493       0.482
20151012       0.457       0.616       0.644       0.684
20151013       1.268       1.294       0.829       0.636
20151014       2.844       4.076       1.260       1.657
20151015       5.738       2.721       2.873       4.447
20151016       7.023       7.392       3.162       3.848
20151017       5.982       3.625       4.763       7.508
20151018       7.639       6.469       4.236       4.117
20151019       4.260       1.902       3.814       6.287
20151020       2.390       1.230       1.690       1.921
20151021       1.726       1.565       1.343       1.795
20151022       1.527       1.253       1.309       1.672
20151023       1.447       2.237       1.178       1.358
20151024       1.267       1.128       1.342       1.586
20151025       2.778       5.020       1.702       1.494
20151026       4.164       4.596       3.065       3.827
20151027       2.896       3.136       2.709       3.281
20151028       1.704       1.332       2.461       2.067
20151029       1.120       1.177       1.310       0.926
20151030       0.824       0.888       1.115       1.022
20151031       0.723       0.903       1.056       0.851
20151101       1.974       5.033       1.551       1.235
20151102       3.018       3.047   -9999.000   -9999.000
20151103       3.720       3.571       4.006       3.439
20151104       6.945       7.915       4.470       5.221
20151105       4.755       4.732       4.850       6.438
20151106       3.068       1.920       3.435       3.415
20151107       1.739       1.198       1.515       1.506
20151108       1.252       1.445       1.388       1.594
20151109       1.154       1.164       1.262       1.392
20151110       0.963       0.914       1.192       1.118
20151111       1.042       1.906       1.217       0.980
20151112       1.402       3.245       1.377       1.543
20151113       1.678       2.626       1.985       1.781
20151114       1.494       1.686       1.446       1.171
20151115       1.406       2.003       1.397       1.115
20151116       1.010       1.077       1.093       1.151
20151117       0.705       0.826       1.080       0.817
20151118       0.521       0.712       0.827       0.618
20151119       0.426       0.748       0.691       0.457
20151120       0.374       0.678       0.789       0.460
20151121       0.331       0.481       0.626       0.334
20151122       0.295       0.371       0.481       0.264
20151123       0.283       0.278       0.601       0.395
20151124       0.293       0.706       0.548       0.402
20151125       0.360       1.062       0.680       0.534
20151126       0.747       2.113       1.166       0.588
20151127       3.090       6.199       2.522       1.636
20151128       4.054       5.372       3.863       4.337
20151129       2.496       2.624       3.400       3.280
20151130       1.366       1.178       1.861       1.563
20151201       0.837       0.921       1.215       0.853
20151202       0.605       1.137       0.991       0.788
20151203       0.697       1.500       1.141       0.761
20151204       1.638       3.242       1.416       1.139
20151205       1.774       1.304       1.597       1.828
20151206       1.772       4.198       2.250       1.950
20151207       1.984       3.067       3.029       3.054
20151208       1.690       2.054       2.117       1.471
20151209       2.397       3.853       2.094       1.606
20151210       3.076       2.314       2.916       2.663
20151211       1.886       1.332       1.708       1.949
20151212       1.121       1.176       1.222       1.425
20151213       0.737       0.916       1.050       1.044
20151214       0.549       0.750       0.884       0.655
20151215       0.459       0.586       0.727       0.473
20151216       0.406       0.463       0.572       0.388
20151217       0.349       0.417       0.530       0.428
20151218       0.609       1.420       0.990       0.810
20151219       4.137       1.678       1.403       1.292
20151220       7.276       6.346       3.194       5.271
20151221      14.620       7.280   -9999.000   -9999.000
20151222       7.177       3.917   -9999.000   -9999.000
20151223       3.033       1.324       2.778       4.021
20151224       1.756       1.412       1.882       1.785
20151225       2.029       3.641       1.349       1.778
20151226       2.382       2.342       1.831       2.141
20151227       1.679       1.109       1.979       1.546
20151228       1.036       1.144       1.130       1.288
20151229       1.206       0.944       1.169       1.020
20151230       0.593       0.894       0.933       1.115
20151231       0.463       0.918       0.867       0.576
20160101       0.392       0.850       0.852       0.442
20160102       0.466       0.643       0.796       0.401
20160103       0.686       0.487       0.635       0.313
20160104       0.389       0.373       0.487       0.571
20160105       0.421       0.299       0.373       0.300
20160106       0.392       0.239       0.299       0.338
20160107       0.322       0.202       0.239       0.306
20160108       0.261       0.170       0.197       0.255
20160109       0.203       0.147       0.165       0.226
20160110       0.162       0.131       0.147       0.183
20160111       0.133       0.116       0.131       0.156
20160112       0.110       0.102       0.116       0.122
20160113       0.096       0.091       0.103       0.100
20160114       0.082       0.080       0.091       0.082
20160115       0.071       0.071       0.080       0.072
20160116       0.064       0.063       0.071       0.063
20160117       0.064       0.056       0.063       0.054
20160118       0.075       0.050       0.056       0.058
20160119       0.118       0.044       0.050       0.061
20160120       0.144       0.039       0.044       0.103
20160121       0.168       0.035       0.039       0.130
20160122       0.233       0.068       0.035       0.148
20160123       0.200       0.705       0.159       0.786
20160124       0.153       0.602       0.578       0.621
20160125       0.244       1.989       1.022       0.332
20160126       1.347       3.350       1.802       0.632
20160127       3.612       2.341       2.168       1.277
20160128       3.376       2.090       1.651       2.048
20160129       3.385       1.232       1.488       2.146
20160130       3.369       1.079       1.167       1.903
20160131       4.435       3.546       0.936       2.371
20160201       4.383       1.028       1.915       4.571
20160202       3.686       0.784       1.028       1.863
20160203       2.941       0.597       0.787       2.647
20160204       2.380       0.488       0.597       2.131
20160205       2.022       0.433       0.471       1.751
20160206       1.705       0.311       0.407       1.628
20160207       1.474       0.265       0.421       1.466
20160208       1.561       1.058       0.299       1.253
20160209       1.867       1.605       0.739       2.075
20160210       1.981       1.169       1.046       1.869
20160211       1.936       0.922       1.014       1.519
20160212       1.830       0.675       0.881       1.472
20160213       1.693       0.518       0.675       1.363
20160214       1.562       0.398       0.518       1.179
20160215       1.436       0.306       0.398       1.096
20160216       1.347       0.230       0.306       0.996
20160217       1.324       0.265       0.230       0.998
20160218       1.522       0.756       0.339       1.360
20160219       1.415       0.473       0.558       1.801
20160220       1.364       0.394       0.479       1.032
20160221       1.277       0.368       0.381       1.025
20160222       1.111       0.358       0.343       1.072
20160223       0.887       0.264       0.330       0.940
20160224       0.810       0.374       0.290       0.730
20160225       0.785       0.243       0.264       0.858
20160226       0.634       0.200       0.243       0.574
20160227       0.491       0.168       0.200       0.542
20160228       0.386       0.143       0.168       0.414
20160229       0.303       0.203       0.143       0.338
20160301       0.285       0.282       0.177       0.314
20160302       0.289       0.334       0.229       0.278
20160303       0.265       0.254       0.298       0.282
20160304       0.250       0.220       0.247       0.209
20160305       0.258       0.310       0.220       0.220
20160306       0.274       0.240       0.258       0.250
20160307       0.295       0.270       0.229       0.218
20160308       0.325       0.194       0.243       0.260
20160309       0.359       0.155       0.192       0.242
20160310       0.553       0.143       0.155       0.290
20160311       2.316       3.235       0.538       0.975
20160312       4.538       1.429       1.737       4.581
20160313       5.325       1.444       1.182       2.478
20160314       6.802       1.914       1.518       4.793
20160315      14.130       2.092       1.928       5.686
20160316      14.148       2.250       1.886       7.428
20160317       9.225       2.606       1.743       8.943
20160318       4.082       1.106       1.658       6.439
20160319       2.057       0.844       1.106       2.473
20160320       1.178       0.644       0.844       1.512
20160321       0.736       0.490       0.644       0.938
20160322       0.557       0.490       0.490       0.545
20160323   -9999.000   -9999.000       0.370       0.422
20160324       0.352       0.260   -9999.000   -9999.000
20160325       0.333       0.286   -9999.000   -9999.000
20160326       0.555       1.439   -9999.000   -9999.000
20160327       1.122       1.306       1.187       1.043
20160328       2.515       3.309       1.314       1.135
20160329       2.272       2.128       1.878       3.186
20160330       1.961       1.481       1.821       1.738
20160331       1.431       1.657       1.279       1.348
20160401       1.132       1.080       1.239       1.367
20160402       0.767       0.803       0.997       0.906
20160403       0.628       0.836       0.776       0.685
20160404       0.639       0.903       0.790       0.690
20160405       0.664       0.587       0.686       0.583
20160406       0.619       0.464       0.573       0.486
20160407       0.564       0.599       0.533       0.596
20160408       0.652       0.755       0.506       0.546
20160409       0.715       0.757       0.688       0.788
20160410       0.640       0.692       0.667       0.761
20160411       0.566       0.505       0.637       0.550
20160412       0.546       0.677       0.554       0.524
20160413       0.525       0.571       0.497       0.584
20160414       0.451       0.437       0.518       0.458
20160415       0.373       0.492       0.441       0.376
20160416       0.332       0.505       0.577       0.458
20160417       0.298       0.499       0.499       0.364
20160418       0.279       0.389       0.423       0.286
20160419       0.289       0.323       0.385       0.231
20160420       0.291       0.262       0.315       0.253
20160421       0.282       0.303       0.267       0.262
20160422       0.269       0.247       0.276       0.280
20160423       0.268       0.265       0.299       0.281
20160424       0.262       0.312       0.224       0.263
20160425       0.251       0.384       0.270       0.308
20160426       0.231       0.292       0.296       0.311
20160427       0.225       0.548       0.328       0.237
20160428       0.261       0.681       0.463       0.370
20160429       0.388       0.614       0.595       0.298
20160430       0.646       0.752       0.638       0.345
20160501       0.633       0.922       0.744       0.727
20160502       0.579       0.843       0.868       0.666
20160503       0.586       0.900       0.811       0.524
20160504       0.674       0.924       1.000       0.744
20160505       0.728       0.932       0.826       0.659
20160506       0.697       0.939       0.904       0.816
20160507       0.717       1.026       0.890       0.733
20160508       0.714       0.849       0.889       0.770
20160509       0.762       0.995       0.886       0.651
20160510       0.827       0.819       0.736       0.752
20160511       0.783       0.558       0.628       0.675
20160512       0.728       0.593       0.566       0.626
20160513       1.325       2.025       0.642       0.718
20160514       1.992       2.886       0.882       1.564
20160515       2.231       2.072       2.035       2.595
20160516       1.735       1.335       1.697       1.891
20160517       1.710       1.921       1.456       1.556
20160518       1.976       2.087       1.445       1.851
20160519       1.909       2.716       1.466       1.549
20160520       1.441       1.525       1.385       1.670
20160521       1.163       1.517       1.398       1.052
20160522       1.057       1.310       1.532       1.302
20160523       0.911       1.316       1.410       1.164
20160524       0.822       0.887       1.165       0.880
20160525       0.861       0.949       0.908       0.619
20160526       0.770       0.703       0.716       0.748
20160527       0.631       0.624       0.719       0.631
20160528       0.524       0.779       0.718       0.632
20160529       0.448       0.750       0.828       0.617
20160530       0.413       0.607       0.766       0.457
20160531       0.415       0.484       0.623       0.347
20160601       0.348       0.410       0.508       0.381
20160602       0.314       0.325       0.410       0.319
20160603       0.300       0.349       0.333       0.295
20160604       0.282       0.298       0.337       0.318
20160605       0.259       0.188       0.246       0.242
20160606       0.242       0.180       0.191       0.200
20160607       0.396       0.636       0.376       0.458
20160608       1.256       2.517       0.805       0.860
20160609       1.299       0.947       1.189       1.833
20160610       1.038       0.638       0.938       0.815
20160611       0.749       0.487       0.634       0.754
20160612       0.573       0.370       0.487       0.610
20160613       0.471       0.295       0.369       0.400
20160614       0.468       1.454       0.359       0.467
20160615       0.438       0.617       0.745       0.885
20160616       0.390       0.467       0.647       0.366
20160617       0.330       0.347       0.469       0.314
20160618       0.304       0.257       0.347       0.247
20160619       0.609       3.402       0.427       0.387
20160620       0.941       1.784       1.706       1.992
20160621       0.998       1.147       1.386       0.823
20160622       0.976       1.641       1.429       1.010
20160623       0.944       1.041       1.152       1.081
20160624       0.854       1.176       1.092       0.881
20160625       0.818       0.749       0.928       0.760
20160626       0.656       0.560       0.747       0.603
20160627       0.526       0.415       0.561       0.521
20160628       0.419       0.359       0.435       0.444
20160629       0.388       0.672       0.374       0.412
20160630       0.354       0.397       0.458       0.480
20160701       0.316       0.288       0.398       0.278
20160702       0.293       0.363       0.295       0.252
20160703       0.272       0.243       0.320       0.344
20160704       0.252       0.194       0.237       0.225
20160705       0.228       0.144       0.199       0.224
20160706       0.217       0.145       0.226       0.278
20160707       0.204       0.113       0.136       0.198
20160708       0.194       0.086       0.107       0.144
20160709       0.186       0.067       0.088       0.146
20160710       0.179       0.058       0.067       0.119
20160711       0.166       0.046       0.056       0.136
20160712       0.144       0.037       0.046       0.143
20160713       0.130       0.030       0.037       0.124
20160714       0.130       0.024       0.030       0.096
20160715       0.128       0.026       0.025       0.085
20160716       0.131       0.064       0.023       0.098
20160717       0.172       0.438       0.065       0.238
20160718       0.726       1.940       0.463       0.555
20160719       1.341       0.941       1.171       1.562
20160720       1.201       0.660       0.770       0.825
20160721       0.850       0.464       0.608       0.885
20160722       0.585       0.332       0.464       0.633
20160723       0.410       0.233       0.332       0.444
20160724       0.349       0.218       0.233       0.304
20160725       0.330       0.369       0.189       0.273
20160726       0.287       0.208       0.244       0.377
20160727       0.396       0.394       0.259       0.242
20160728       0.732       0.701       0.387       0.518
20160729       0.940       1.699       0.580       1.058
20160730       0.992       0.689       0.860       1.249
20160731       0.768       0.688       0.695       0.572
