date          Qobs       Qsimobs        Qsim       Qusi
20150801       1.925       1.163       1.545       2.015
20150802       1.523       1.291       1.232       1.590
20150803       1.315       1.122       1.339       1.634
20150804       1.347       1.195       1.186       1.297
20150805       2.475       2.923       1.455       1.573
20150806       2.776       1.730       3.187       3.236
20150807       2.512       2.219       1.763       2.179
20150808       2.267       1.707       1.802       2.202
20150809       1.814       1.322       1.697       1.948
20150810       1.469       1.289       1.433       1.614
20150811       1.683       1.423       1.282       1.308
20150812       2.077       1.759       1.328       1.521
20150813       1.786       0.978       1.552       2.093
20150814       1.382       1.074       1.147       1.478
20150815       1.178       1.105       1.139       1.394
20150816       1.316       1.117       1.098       1.153
20150817       1.473       0.902       1.041       1.162
20150818       1.407       0.808       0.893       1.282
20150819       1.212       0.722       0.814       1.224
20150820       1.064       0.695       0.747       1.114
20150821       0.973       0.651       0.705       0.974
20150822       0.875       0.622       0.682       0.978
20150823       0.854       0.526       0.647       0.872
20150824       0.818       0.536       0.587       0.806
20150825       1.306       0.982       0.582       0.838
20150826       3.197       3.361       1.276       1.769
20150827       2.804       2.227       2.424       3.441
20150828       2.302       1.647       2.016       2.243
20150829       1.894       1.589       1.588       1.824
20150830       1.550       1.339       1.475       1.667
20150831       1.299       1.208       1.317       1.390
20150901       1.077       1.061       1.195       1.232
20150902       1.748       1.406       1.156       1.077
20150903       3.816       2.942       1.483       1.644
20150904       2.912       1.646       1.763       3.521
20150905       2.131       1.783       1.619       2.303
20150906       1.542       1.406       1.612       1.933
20150907       1.167       1.310       1.411       1.405
20150908       0.924       1.176       1.260       1.092
20150909       0.768       1.100       1.134       0.868
20150910       0.653       0.986       1.081       0.722
20150911       0.567       0.889       0.962       0.609
20150912       0.541       0.811       0.888       0.514
20150913       0.803       1.139       0.851       0.538
20150914       1.283       0.988       0.917       0.770
20150915       2.257       1.311       1.035       1.195
20150916       3.904       2.940       1.494       2.452
20150917       3.084       1.638       2.235       4.324
20150918       2.465       2.373       1.766       2.534
20150919       1.879       1.710       1.951       2.412
20150920       1.477       1.552       1.697       1.692
20150921       1.189       1.367       1.539       1.410
20150922       0.997       1.240       1.374       1.151
20150923       0.913       1.304       1.306       0.966
20150924       0.844       1.117       1.254       0.914
20150925       1.135       1.529       1.206       0.839
20150926       1.187       1.433       1.432       1.252
20150927       1.096       1.209       1.369       1.180
20150928       0.949       1.075       1.216       1.019
20150929       0.806       0.964       1.089       0.882
20150930       0.706       0.603       0.979       0.748
20151001       0.700       0.571       0.906       0.651
20151002       0.707       0.512       0.839       0.668
20151003       0.709       0.529       0.569       0.711
20151004       0.704       0.665       0.505       0.659
20151005       0.657       0.604       0.461       0.659
20151006       0.592       0.562       0.421       0.595
20151007       0.531       0.505       0.569       0.574
20151008       0.473       0.457       0.510       0.508
20151009       0.432       0.418       0.468       0.463
20151010       0.403       0.387       0.421       0.406
20151011       0.377       0.396       0.385       0.380
20151012       0.356       0.339       0.376       0.362
20151013       0.332       0.310       0.343       0.334
20151014       0.306       0.279       0.318       0.310
20151015       0.284       0.252       0.279       0.284
20151016       0.264       0.229       0.252       0.264
20151017       0.246       0.207       0.229       0.244
20151018       0.231       0.188       0.207       0.224
20151019       0.216       0.173       0.188       0.212
20151020       0.204       0.161       0.173       0.200
20151021       0.211       0.160       0.164       0.192
20151022       0.284       0.350       0.276       0.312
20151023       0.523       1.286       0.406       0.452
20151024       0.553       0.794       0.961       0.662
20151025       0.586       0.757       0.818       0.524
20151026       0.565       0.706       0.784       0.616
20151027       0.493       0.656       0.710       0.557
20151028       0.432       0.571       0.653       0.480
20151029       0.385       0.510       0.577       0.414
20151030       0.352       0.456       0.522       0.347
20151031       0.420       0.415       0.499       0.351
20151101       0.607       0.661       0.469       0.384
20151102       0.767       0.599   -9999.000   -9999.000
20151103       0.841       0.524       0.516       0.692
20151104       0.854       0.440       0.532       0.764
20151105       0.813       0.395       0.473       0.748
20151106       0.741       0.355       0.424       0.744
20151107       0.983       0.484       0.423       0.738
20151108       1.025       0.733       0.461       0.748
20151109       0.844       0.832       0.446       1.048
20151110       0.764       0.801       0.828       0.940
20151111       0.630       0.872       0.868       1.000
20151112       0.788       0.827       0.917       0.627
20151113       0.636       0.725       0.811       0.716
20151114       0.573       0.616       0.754       0.610
20151115       0.915       1.407       0.706       0.570
20151116       0.687       0.838       0.863       0.832
20151117       0.714       0.762       0.828       0.639
20151118       0.681       0.624       0.922       0.690
20151119       0.587       0.518       0.623       0.565
20151120       0.850       0.438       0.516       0.520
20151121       2.063       0.375       0.439       0.603
20151122       3.015       0.325       0.375       1.472
20151123       1.700       0.292       0.326       2.255
20151124       0.519       0.320       0.299       1.622
20151125       0.403       0.257       0.269       0.470
20151126       0.348       0.241       0.258       0.366
20151127       0.715       0.454       0.336       0.394
20151128       0.756       0.661       0.545       0.420
20151129       0.663       0.502       0.667       0.618
20151130       0.584       0.446       0.506       0.481
20151201       0.609       0.523       0.463       0.460
20151202       0.639       0.517       0.514       0.544
20151203       0.552       0.489       0.534       0.497
20151204       0.541       0.562       0.462       0.449
20151205       0.573       0.554       0.610       0.562
20151206       0.654       1.070       0.675       0.627
20151207       0.329       0.850       0.890       0.730
20151208       0.704       0.617       0.714       0.706
20151209       0.844       0.608       0.627       0.627
20151210       0.558       0.702       0.604       0.592
20151211       0.696       0.920       0.738       0.674
20151212       0.692       0.594       0.710       0.643
20151213       0.536       0.500       0.605       0.603
20151214       0.949       0.424       0.499       0.499
20151215       6.410       0.381       0.425       0.425
20151216      14.636       0.322       0.375       0.372
20151217       0.536       0.398       0.364       0.337
20151218       0.479       0.492       0.422       0.365
20151219       0.514       0.605       0.669       0.540
20151220       0.950       0.933       0.775       0.842
20151221       1.260       2.205   -9999.000   -9999.000
20151222       1.415       1.397   -9999.000   -9999.000
20151223       1.354       1.209       1.327       1.300
20151224       0.921       1.351       1.212       1.201
20151225       0.847       1.686       1.293       1.170
20151226       1.640       1.183       1.462       1.401
20151227  -10000.000       1.012       1.176       1.151
20151228  -10000.000       0.908       1.021       1.021
20151229  -10000.000       0.804       0.905       0.902
20151230  -10000.000       0.724       0.806       0.806
20151231  -10000.000       0.666       0.733       0.733
20160101  -10000.000       0.597       0.674       0.675
20160102  -10000.000       0.556       0.600       0.599
20160103  -10000.000       0.489       0.555       0.548
20160104  -10000.000       0.438       0.489       0.488
20160105  -10000.000       0.393       0.438       0.438
20160106  -10000.000       0.354       0.393       0.393
20160107       0.285       0.319       0.354       0.354
20160108       0.263       0.291       0.319       0.319
20160109       0.237       0.265       0.291       0.290
20160110       0.221       0.287       0.283       0.277
20160111       0.217       0.317       0.292       0.278
20160112       0.205       0.246       0.305       0.283
20160113       0.195       0.234       0.250       0.249
20160114       0.187       0.231       0.242       0.234
20160115       0.182       0.197       0.226       0.218
20160116       0.190       0.372       0.232       0.230
20160117       0.180       0.234       0.317       0.266
20160118       0.179       0.235       0.248       0.248
20160119       0.175       0.213       0.235       0.227
20160120       0.164       0.184       0.211       0.206
20160121       0.154       0.164       0.183       0.182
20160122       0.144       0.150       0.164       0.164
20160123       0.143       0.221       0.154       0.154
20160124       0.142       0.197       0.210       0.187
20160125       0.154       0.213       0.196       0.184
20160126       0.181       0.248       0.232       0.217
20160127       0.178       0.231       0.234       0.229
20160128       0.177       0.215       0.245       0.232
20160129       0.177       0.188       0.236       0.226
20160130       0.304       0.694       0.254       0.251
20160131       0.322       0.487       0.465       0.370
20160201       0.304       0.345       0.448       0.420
20160202       0.317       0.483       0.423       0.415
20160203       0.291       0.411       0.462       0.403
20160204       0.279       0.338       0.415       0.385
20160205       0.279       0.263       0.333       0.319
20160206       0.264       0.282       0.275       0.272
20160207       0.254       0.283       0.293       0.277
20160208       0.246       0.259       0.289       0.269
20160209       0.255       0.306       0.269       0.250
20160210       0.233       0.219       0.284       0.250
20160211       0.211       0.176       0.215       0.211
20160212       0.193       0.150       0.177       0.176
20160213       0.179       0.130       0.150       0.151
20160214       0.166       0.114       0.130       0.130
20160215       0.154       0.102       0.114       0.114
20160216       0.145       0.092       0.102       0.102
20160217       0.128       0.084       0.094       0.094
20160218       0.129       0.078       0.085       0.085
20160219       0.125       0.075       0.081       0.081
20160220       0.121       0.197       0.093       0.092
20160221       0.117       0.146       0.160       0.136
20160222       0.117       0.136       0.175       0.165
20160223       0.115       0.127       0.148       0.140
20160224       0.115       0.103       0.138       0.131
20160225       0.112       0.090       0.105       0.104
20160226       0.111       0.088       0.098       0.097
20160227       0.111       0.077       0.093       0.091
20160228       0.107       0.068       0.080       0.079
20160229       0.103       0.062       0.068       0.068
20160301       0.098       0.057       0.062       0.062
20160302       0.097       0.100       0.074       0.074
20160303       0.101       0.078       0.101       0.088
20160304       0.100       0.092       0.089       0.086
20160305       0.103       0.138       0.102       0.099
20160306       0.100       0.108       0.127       0.107
20160307       0.097       0.091       0.105       0.103
20160308       0.094       0.074       0.088       0.085
20160309       0.090       0.067       0.074       0.074
20160310       0.086       0.059       0.064       0.065
20160311       0.083       0.053       0.057       0.057
20160312       0.080       0.048       0.053       0.053
20160313       0.078       0.052       0.049       0.049
20160314       0.082       0.066       0.051       0.050
20160315       0.080       0.066       0.069       0.136
20160316       0.076       0.057       0.086       0.126
20160317       0.074       0.101       0.074       0.081
20160318       0.072       0.131       0.082       0.093
20160319       0.067       0.098       0.108       0.081
20160320       0.071       0.101       0.105       0.067
20160321       0.076       0.095       0.103       0.068
20160322       0.078       0.093       0.103       0.078
20160323   -9999.000   -9999.000       0.089       0.072
20160324       0.078       0.081   -9999.000   -9999.000
20160325       0.078       0.084   -9999.000   -9999.000
20160326       0.076       0.083   -9999.000   -9999.000
20160327       0.072       0.127       0.089       0.087
20160328       0.075       0.120       0.120       0.087
20160329       0.079       0.166       0.147       0.118
20160330       0.084       0.123       0.166       0.082
20160331       0.083       0.112       0.122       0.074
20160401       0.082       0.109       0.114       0.080
20160402       0.083       0.115       0.138       0.101
20160403       0.082       0.093       0.126       0.092
20160404       0.083       0.092       0.103       0.087
20160405       0.087       0.168       0.107       0.100
20160406       0.088       0.132       0.150       0.085
20160407       0.086       0.116       0.136       0.089
20160408       0.083       0.095       0.124       0.087
20160409       0.080       0.081       0.095       0.074
20160410       0.076       0.070       0.081       0.072
20160411       0.073       0.063       0.070       0.067
20160412       0.071       0.055       0.061       0.062
20160413       0.069       0.049       0.054       0.059
20160414       0.066       0.044       0.062       0.080
20160415       0.070       0.103       0.071       0.103
20160416       0.070       0.071       0.103       0.082
20160417       0.069       0.054       0.067       0.061
20160418       0.067       0.054       0.068       0.070
20160419       0.067       0.077       0.081       0.091
20160420       0.068       0.071       0.074       0.070
20160421       0.067       0.068       0.076       0.074
20160422       0.070       0.066       0.086       0.076
20160423       0.071       0.081       0.068       0.066
20160424       0.075       0.054       0.076       0.064
20160425       0.070       0.062       0.057       0.067
20160426       0.070       0.077       0.090       0.090
20160427       0.067       0.050       0.063       0.061
20160428       0.064       0.043       0.051       0.052
20160429       0.070       0.133       0.111       0.144
20160430       0.075       0.134       0.146       0.092
20160501       0.077       0.087       0.126       0.068
20160502       0.077       0.072       0.090       0.069
20160503       0.076       0.072       0.082       0.089
20160504       0.078       0.120       0.078       0.081
20160505       0.076       0.116       0.116       0.092
20160506       0.075       0.170       0.125       0.093
20160507       0.087       0.248       0.184       0.114
20160508       0.143       0.419       0.306       0.135
20160509       0.221       0.624       0.419       0.192
20160510       0.323       1.022       0.714       0.348
20160511       0.462       1.161       1.084       0.449
20160512       0.624       1.197       1.208       0.550
20160513       0.755       1.247       0.999       0.581
20160514       0.851       0.856       0.965       0.630
20160515       0.917       0.775       0.857       0.748
20160516       0.989       0.708       0.774       0.834
20160517       1.062       0.784       0.716       0.944
20160518       1.029       0.791       0.749       1.106
20160519       1.039       0.881       0.849       1.244
20160520       1.157       1.022       0.874       1.075
20160521       1.573       1.758       1.038       1.386
20160522       2.379       2.608       1.651       1.994
20160523       4.096       4.581       2.491       2.791
20160524       4.773       3.606       3.977       4.281
20160525       5.481       3.323       3.197       4.114
20160526       5.282       3.129       3.095       4.543
20160527       4.065       3.650       3.233       5.514
20160528       3.736       6.132       4.574       5.064
20160529       3.952       6.028       5.055       4.421
20160530       5.094       4.665       5.348       4.064
20160531       7.458       5.569       5.494       5.106
20160601       9.281       7.452       6.266       7.376
20160602       9.322       9.205       9.231      10.916
20160603       8.793       8.390       9.340       9.942
20160604       8.056       8.649       8.446       7.760
20160605       6.344       7.105       8.277       7.780
20160606       5.600       6.806       7.387       5.840
20160607       6.710       6.542       6.334       5.378
20160608       7.712       5.964       6.107       5.468
20160609       4.925       3.115       4.771       5.560
20160610       3.191       2.653       2.746       3.021
20160611       2.455       2.067       2.480       2.582
20160612       2.054       2.326       2.314       2.297
20160613       2.045       2.556       2.496       2.133
20160614       2.235       3.015       2.765       2.215
20160615       2.601       3.114       2.992       2.311
20160616       3.084       2.895       2.843       2.447
20160617       3.367       2.871       2.962       2.681
20160618       3.608       4.754       3.146       3.265
20160619       3.631       3.165       3.697       3.339
20160620       3.039       1.680       2.698       2.602
20160621       3.167       2.984       2.417       2.660
20160622       3.081       2.220       2.418       3.163
20160623       2.751       2.101       2.394       2.787
20160624       3.005       2.296       2.298       2.676
20160625       4.125       3.674       3.086       3.719
20160626       4.948       2.535       3.145       3.828
20160627       7.362       5.408       2.965       3.739
20160628       4.777       2.739       3.449       6.258
20160629       3.009       1.818       2.561       3.260
20160630       2.875       2.466       1.958       2.303
20160701       3.194       2.154       2.215       2.595
20160702       2.894       2.005       2.009       2.662
20160703       2.578       1.850       1.971       2.628
20160704       2.095       1.608       1.772       2.297
20160705       1.659       1.471       1.606       1.954
20160706       1.567       1.651       1.493       1.618
20160707       1.504       1.233       1.471       1.477
20160708       1.423       1.244       1.267       1.330
20160709       1.406       1.527       1.606       1.705
20160710       1.489       1.314       1.386       1.414
20160711       1.723       1.843       1.525       1.575
20160712       1.761       1.656       1.799       1.914
20160713       1.759       2.042       1.539       1.572
20160714       1.749       1.664       1.876       1.820
20160715       1.728       1.351       1.658       1.575
20160716       1.590       1.439       1.360       1.498
20160717       1.474       1.112       1.419       1.537
20160718       1.410       1.293       1.173       1.363
20160719       1.288       0.977       1.170       1.369
20160720       1.231       1.291       1.039       1.095
20160721       1.295       1.190       1.267       1.255
20160722       1.481       1.339       1.355       1.369
20160723       1.603       2.052       1.395       1.506
20160724       1.638       1.271       1.853       1.756
20160725       1.630       1.344       1.452       1.365
20160726       1.553       1.635       1.399       1.574
20160727       1.440       1.198       1.424       1.529
20160728       1.369       1.437       1.204       1.254
20160729       1.366       1.057       1.206       1.280
20160730       1.646       1.828       1.149       1.171
20160731       1.513       1.534       1.554       1.830
