date          Qobs       Qsimobs        Qsim       Qusi
20150801       3.363       0.749       1.670       2.413
20150802       2.197       1.541       0.828       1.648
20150803       1.463       0.701       1.021       1.486
20150804       1.172       0.620       0.747       1.169
20150805       6.704       6.591       2.184       2.605
20150806       3.183       1.294       4.234       4.358
20150807       2.043       0.876       1.276       1.348
20150808       1.509       0.745       0.834       1.230
20150809       1.110       0.657       0.741       1.238
20150810       0.880       0.580       0.659       0.865
20150811       0.723       0.516       0.580       0.788
20150812       0.595       0.455       0.516       0.644
20150813       0.491       0.402       0.455       0.503
20150814       0.414       0.355       0.401       0.444
20150815       0.359       0.314       0.355       0.354
20150816       0.311       0.302       0.317       0.334
20150817       0.276       0.251       0.278       0.265
20150818       0.238       0.222       0.250       0.238
20150819       0.210       0.196       0.221       0.224
20150820       0.191       0.172       0.197       0.192
20150821       0.174       0.152       0.172       0.178
20150822       0.154       0.133       0.152       0.150
20150823       0.140       0.117       0.133       0.136
20150824       0.151       0.104       0.117       0.130
20150825       9.025       2.976       0.485       0.579
20150826       8.275       8.380       3.098       4.629
20150827      10.522       7.908       8.112       8.239
20150828       7.297       6.963       5.870       5.383
20150829       4.499       2.173       4.940       4.723
20150830       2.937       0.892       2.172       2.287
20150831       1.889       0.710       0.886       1.140
20150901       1.606       0.629       0.825       1.429
20150902      34.166      23.946       6.515       8.834
20150903      32.652      22.955      24.298      29.032
20150904      20.295      14.193      20.598      15.957
20150905      12.074       6.380      11.425      11.805
20150906       7.554       4.106       6.531       6.822
20150907       4.612       1.439       3.423       3.954
20150908       2.754       1.058       1.322       1.774
20150909       1.667       0.947       1.061       1.978
20150910       1.172       0.846       0.946       1.512
20150911       0.938       0.756       0.845       1.006
20150912       0.815       0.674       0.756       0.852
20150913       1.388       1.201       0.682       0.748
20150914       3.696       2.721       2.062       2.231
20150915      26.563      11.342       8.963      10.444
20150916      20.642      22.132      14.351      19.098
20150917      26.344      14.720      22.112      18.892
20150918      23.514      23.269      22.606      23.012
20150919      12.860       7.643      17.259      15.778
20150920       7.717       3.941       7.645       6.986
20150921       4.702       1.889       3.951       3.694
20150922       3.478       1.260       2.953       3.037
20150923       8.839       6.950       3.393       4.200
20150924       5.722       2.347       5.196       6.694
20150925       5.689       5.849       3.542       4.216
20150926       4.232       1.681       4.419       3.960
20150927       2.921       1.282       1.673       1.978
20150928       2.036       1.147       1.282       2.263
20150929       1.516       1.027       1.147       1.866
20150930       1.224       0.627       1.027       1.365
20151001       1.050       0.560       0.918       1.103
20151002       0.921       0.499       0.821       0.950
20151003       0.806       0.446       0.499       0.754
20151004       0.714       0.588       0.446       0.699
20151005       0.647       0.528       0.398       0.615
20151006       0.596       0.472       0.356       0.526
20151007       0.545       0.422       0.471       0.504
20151008       0.508       0.377       0.422       0.464
20151009       0.489       0.355       0.762       0.914
20151010       0.490       0.317       0.347       0.425
20151011       0.456       0.280       0.314       0.374
20151012       0.435       0.260       0.291       0.364
20151013       0.421       0.278       0.255       0.360
20151014       0.390       0.256       0.237       0.410
20151015       0.378       0.231       0.244       0.349
20151016       0.361       0.210       0.228       0.311
20151017       0.348       0.189       0.206       0.296
20151018       0.336       0.172       0.188       0.305
20151019       0.323       0.158       0.169       0.284
20151020       0.322       0.157       0.154       0.264
20151021       0.328       0.161       0.142       0.279
20151022       0.333       0.478       0.146       0.292
20151023       0.319       0.311       0.270       0.317
20151024       0.307       0.275       0.288       0.312
20151025       0.314       0.726       0.383       0.357
20151026       0.303       0.395       0.386       0.302
20151027       0.288       0.363       0.391       0.276
20151028       0.278       0.327       0.355       0.260
20151029       0.273       0.296       0.319       0.260
20151030       0.266       0.268       0.293       0.242
20151031       0.276       0.436       0.266       0.246
20151101       0.277       0.340       0.275       0.304
20151102       0.271       0.306   -9999.000   -9999.000
20151103       0.264       0.277       0.300       0.255
20151104       0.254       0.249       0.274       0.247
20151105       0.251       0.260       0.249       0.246
20151106       0.282       0.370       0.236       0.216
20151107       1.081       2.813       1.552       1.191
20151108       4.504       8.717       2.146       0.968
20151109       3.838       5.568       4.646       4.112
20151110       2.954       2.237       4.572       3.575
20151111       2.130       1.049       2.079       1.712
20151112       1.593       1.019       0.935       0.876
20151113       1.525       2.559       2.068       2.243
20151114       1.584       1.887       1.789       1.438
20151115       1.270       1.039       1.089       0.923
20151116       1.299       1.030       1.025       1.104
20151117       2.050       2.838       2.670       2.600
20151118       1.714       1.234       2.315       2.050
20151119       1.490       1.134       1.309       1.076
20151120       1.218       0.903       0.989       1.268
20151121       1.040       0.810       0.903       1.056
20151122       0.885       0.727       0.810       0.947
20151123       0.745       0.652       0.734       0.886
20151124       0.781       0.585       1.091       0.859
20151125       0.890       1.605       0.612       0.666
20151126       0.848       0.668       1.141       1.163
20151127       0.908       0.673       1.738       1.472
20151128       1.625       4.073       1.121       1.096
20151129       4.757       5.741       3.931       2.848
20151130       3.747       2.058       2.755       2.843
20151201       2.576       1.129       1.701       1.893
20151202       1.913       0.919       1.101       1.320
20151203       1.524       0.930       0.909       1.429
20151204       7.782       1.623       4.689       5.058
20151205       7.122       7.187       6.750      11.476
20151206       5.345       3.815       7.044       7.734
20151207       3.624       1.812       3.519       3.490
20151208       2.431       1.181       1.713       2.057
20151209       2.996       4.114       1.433       1.658
20151210       2.408       1.243       2.078       2.614
20151211       1.858       1.134       1.227       1.204
20151212       1.477       1.016       1.117       1.728
20151213       1.199       0.915       1.016       1.399
20151214       0.959       0.821       0.914       1.131
20151215       0.820       0.738       0.821       0.877
20151216       0.734       0.668       0.739       0.768
20151217       0.792       0.600       0.811       0.806
20151218       0.820       0.649       1.485       1.405
20151219       0.969       1.778       1.597       2.159
20151220       1.209       0.973       2.029       1.472
20151221       1.298       0.787   -9999.000   -9999.000
20151222       1.225       0.735   -9999.000   -9999.000
20151223       1.285       1.279       0.870       1.099
20151224       1.194       0.790       0.782       1.208
20151225       1.933       3.207       1.706       1.756
20151226       1.513       0.950       1.038       1.598
20151227       1.156       0.854       0.947       0.735
20151228       1.064       0.767       0.854       1.050
20151229       0.978       0.689       0.767       0.976
20151230       0.990       0.620       1.827       1.838
20151231       5.059       8.617       0.619       0.943
20160101       4.810       7.142       5.699       7.568
20160102  -10000.000       7.223       5.074       3.747
20160103  -10000.000       2.733       4.909       4.146
20160104  -10000.000       1.310       2.733       2.733
20160105  -10000.000       0.934       1.310       1.310
20160106  -10000.000       0.840       0.934       0.934
20160107       1.391       0.751       0.840       0.840
20160108       1.228       0.675       0.755       0.755
20160109       1.052       0.607       0.678       1.042
20160110       1.005       0.545       0.607       1.041
20160111       0.981       0.490       0.545       0.864
20160112       0.885       0.441       0.490       0.900
20160113       0.800       0.396       0.441       0.762
20160114       0.710       0.356       0.396       0.699
20160115       0.606       0.320       0.356       0.652
20160116       0.636       0.288       0.320       0.532
20160117       0.614       0.259       0.288       0.548
20160118       0.592       0.233       0.259       0.562
20160119       0.540       0.209       0.233       0.542
20160120       0.485       0.188       0.209       0.472
20160121       0.417       0.169       0.188       0.426
20160122       0.405       0.152       0.169       0.380
20160123       0.455       0.137       0.152       0.362
20160124       0.445       0.123       0.136       0.388
20160125       0.441       0.111       0.549       0.465
20160126       0.486       0.100       0.949       1.100
20160127       0.870       3.818       1.208       1.440
20160128       1.665       7.179       3.480       2.272
20160129       2.186       6.412       5.500       2.159
20160130       3.246       7.831       4.772       2.421
20160131       2.529       3.738       5.529       3.734
20160201       1.899       1.627       3.591       1.751
20160202       1.547       1.339       2.010       1.156
20160203       1.330       2.085       1.104       0.970
20160204       1.132       1.405       1.285       1.224
20160205       1.006       0.897       1.175       0.976
20160206       1.016       0.939       1.661       1.507
20160207       4.122       6.611       2.990       2.361
20160208      11.877       7.942       5.677       4.441
20160209      13.114      17.011       7.160       9.380
20160210       8.773       5.668      11.397      10.905
20160211       5.645       2.919       5.472       5.170
20160212       3.398       1.338       2.810       3.075
20160213       2.205       1.130       1.338       1.650
20160214       1.432       1.017       1.130       1.840
20160215       1.113       0.915       1.017       1.364
20160216       0.948       0.823       0.915       0.974
20160217       0.928       0.741       0.823       0.819
20160218       0.842       0.765       0.740       0.812
20160219       0.748       0.644       0.716       0.790
20160220       0.859       0.777       0.676       0.846
20160221       0.866       0.606       0.680       1.254
20160222       0.780       0.551       0.659       0.979
20160223       0.696       0.489       0.543       0.822
20160224       0.614       0.440       0.515       0.858
20160225       0.549       0.396       0.447       0.761
20160226       0.538       0.356       0.418       0.746
20160227       0.504       0.464       0.473       1.413
20160228       0.470       0.335       0.380       0.756
20160229       0.444       0.302       0.335       0.522
20160301       0.441       0.271       0.302       0.416
20160302       0.481       0.247       0.271       0.411
20160303       0.509       0.222       0.244       0.492
20160304       0.500       0.269       0.220       0.498
20160305       0.481       0.198       0.213       0.512
20160306       0.495       0.221       0.200       0.762
20160307       0.479       0.176       0.196       0.482
20160308       0.454       0.191       0.176       0.474
20160309       0.438       0.178       0.170       0.464
20160310       0.435       0.223       0.185       0.584
20160311       0.448       0.205       0.191       0.458
20160312       0.440       0.165       0.209       0.591
20160313       0.429       0.149       0.214       0.520
20160314       0.451       1.604       1.323       2.236
20160315       1.010       6.091       3.861       2.461
20160316       2.334       8.115       6.226       2.264
20160317       2.758       5.971       8.204       3.699
20160318       3.478       4.243       6.671       2.409
20160319       2.743       4.631       4.671       3.107
20160320       2.636       3.979       4.353       2.825
20160321       2.577       3.243       3.989       2.482
20160322       2.516       3.250       3.174       2.449
20160323   -9999.000   -9999.000       2.450       1.874
20160324       2.229       1.233   -9999.000   -9999.000
20160325       2.072       1.091   -9999.000   -9999.000
20160326       2.470       1.443   -9999.000   -9999.000
20160327       5.089       3.421       2.345       3.846
20160328       8.911       5.488       3.361       6.303
20160329      16.838      11.538       7.316      10.768
20160330      10.864       5.752       8.886      12.919
20160331       7.299       2.641       4.866       7.144
20160401       4.805       1.409       2.608       3.592
20160402       3.326       2.095       1.513       2.042
20160403       3.137       1.681       1.791       2.726
20160404       3.940       2.118       1.766       2.434
20160405       8.308       6.356       3.409       5.131
20160406       6.307       2.512       5.030       7.824
20160407       5.156       1.754       2.657       3.002
20160408       4.253       1.705       2.650       4.190
20160409       3.261       2.276       1.950       3.255
20160410       2.641       1.332       1.510       2.442
20160411       2.164       1.231       1.342       2.095
20160412       1.939       1.112       1.177       1.723
20160413       1.657       0.962       1.064       1.625
20160414       1.512       0.879       1.007       1.528
20160415       1.532       0.879       0.923       1.300
20160416       1.489       1.610       0.811       1.355
20160417       5.162      11.786       5.726       6.412
20160418       4.857       3.821       8.333       6.000
20160419       3.306       1.942       3.519       3.314
20160420       2.257       1.128       1.839       1.838
20160421       1.691       1.014       1.128       1.356
20160422       1.376       0.913       1.014       1.507
20160423       1.128       0.840       0.913       1.109
20160424       0.984       0.777       1.450       1.463
20160425       0.909       0.833       0.783       0.942
20160426       0.862       1.252       1.454       1.323
20160427       0.797       0.876       0.916       0.869
20160428       0.735       0.793       0.861       0.820
20160429       0.722       0.806       1.862       1.478
20160430       1.719       7.674       3.686       3.106
20160501       3.343       7.358       6.737       3.938
20160502       3.225       2.806       5.836       4.091
20160503       2.773       2.113       2.845       2.296
20160504       2.588       2.574       2.444       2.005
20160505       1.796       1.120       2.061       1.590
20160506       1.430       1.004       1.120       1.405
20160507       1.192       0.900       1.004       1.318
20160508       1.035       0.806       0.900       1.078
20160509       0.902       0.720       0.806       0.956
20160510       0.786       0.643       0.720       0.773
20160511       0.694       0.574       0.643       0.712
20160512       0.632       0.511       0.573       0.641
20160513       0.558       0.457       0.511       0.574
20160514       0.506       0.405       0.458       0.504
20160515       0.456       0.360       0.405       0.462
20160516       0.422       0.320       0.360       0.386
20160517       0.396       0.284       0.320       0.374
20160518       0.372       0.252       0.284       0.332
20160519       0.371       0.223       0.252       0.286
20160520       0.423       0.202       0.225       0.281
20160521       0.470       0.527       0.364       0.529
20160522       0.480       0.328       0.448       0.462
20160523       2.107       2.582       1.141       1.350
20160524       2.161       2.408       1.675       1.260
20160525       1.210       0.604       1.737       1.377
20160526       0.857       0.528       0.600       0.570
20160527       0.662       0.468       0.528       0.760
20160528       0.563       0.415       0.468       0.607
20160529       1.128       0.500       0.431       0.460
20160530       3.661       3.126       0.650       0.707
20160531       1.884       0.637       2.952       3.396
20160601       1.123       0.546       0.628       0.782
20160602       0.834       0.482       0.546       0.817
20160603       0.656       0.427       0.482       0.730
20160604       0.524       0.379       0.463       0.613
20160605       0.432       0.334       0.377       0.468
20160606       0.375       0.296       0.333       0.370
20160607       0.335       0.262       0.295       0.346
20160608       0.281       0.229       0.261       0.298
20160609       0.237       0.201       0.230       0.256
20160610       0.218       0.181       0.270       0.286
20160611       0.184       0.157       0.179       0.192
20160612       0.173       0.138       0.157       0.168
20160613       0.145       0.121       0.138       0.154
20160614       0.125       0.106       0.121       0.134
20160615       0.164       0.095       0.107       0.106
20160616       0.270       0.979       0.344       0.433
20160617       0.212       0.224       0.316       0.172
20160618       0.176       0.261       0.229       0.188
20160619       0.184       0.247       0.238       0.170
20160620       0.208       0.188       0.224       0.170
20160621       0.496       2.201       0.685       0.565
20160622       0.380       0.393       1.153       0.260
20160623       0.264       0.347       0.393       0.302
20160624       0.215       0.311       0.442       0.378
20160625       0.205       0.276       0.310       0.194
20160626       0.440       0.479       0.351       0.262
20160627       1.105       2.248       0.655       0.424
20160628       0.679       0.983       1.297       0.725
20160629       0.429       0.511       0.712       0.388
20160630       0.605       1.037       0.557       0.388
20160701       0.990       0.766       1.245       0.671
20160702       1.254       1.587       0.804       0.830
20160703       1.573       1.221       1.946       1.351
20160704       0.929       0.692       0.931       1.091
20160705       1.172       0.737       0.694       0.684
20160706       1.004       0.613       1.187       1.435
20160707       0.676       0.525       0.712       0.885
20160708       0.506       0.463       0.524       0.630
20160709       0.420       0.408       0.462       0.464
20160710       0.363       0.362       0.408       0.368
20160711       0.317       0.323       0.368       0.310
20160712       0.352       0.884       0.371       0.312
20160713       0.980       2.647       0.908       0.424
20160714       2.024       6.231       1.549       0.552
20160715       1.159       1.539       4.789       3.263
20160716       0.918       0.836       1.435       0.560
20160717       0.692       0.683       0.768       0.558
20160718       0.545       0.603       0.682       0.670
20160719       0.445       0.534       0.602       0.506
20160720       0.372       0.471       0.533       0.395
20160721       0.312       0.415       0.471       0.352
20160722       0.263       0.370       0.415       0.286
20160723       0.234       0.328       0.368       0.252
20160724       0.205       0.290       0.370       0.264
20160725       0.279       0.256       0.288       0.195
20160726       0.642       2.460       0.256       0.194
20160727       0.443       0.463       2.076       0.717
20160728       0.485       0.733       1.896       1.493
20160729       0.474       0.457       0.604       0.344
20160730       0.523       0.735       0.892       0.857
20160731       0.484       0.529       0.556       0.412
