date          Qobs       Qsimobs        Qsim       Qusi
20150801      77.976      29.018      40.413      79.360
20150802      81.463      51.717      35.459      62.224
20150803      74.550      41.809      44.540      70.305
20150804      63.860      30.123      38.295      58.491
20150805      54.291      26.622      29.746      51.636
20150806      50.216      25.425      26.959      50.355
20150807      47.906      33.318      27.570      50.626
20150808      50.205      31.845      29.646      47.478
20150809      48.708      29.757      29.711      45.211
20150810      45.151      26.202      34.145      47.529
20150811      40.504      24.073      25.988      41.904
20150812      46.544      29.464      25.532      40.203
20150813      47.712      24.652      27.483      41.188
20150814      39.850      23.769      25.437      46.313
20150815      35.589      22.241      23.563      37.343
20150816      32.960      20.774      22.185      33.599
20150817      31.009      19.485      20.777      31.199
20150818      29.335      18.403      19.491      29.257
20150819      27.795      17.225      18.382      27.659
20150820      25.392      16.077      17.218      26.153
20150821      23.118      15.006      16.078      24.179
20150822      21.859      14.065      15.006      21.709
20150823      20.983      13.123      14.058      20.572
20150824      20.363      12.454      13.171      19.709
20150825      19.754      11.664      12.416      18.938
20150826      19.297      10.934      11.647      18.485
20150827      18.808      10.289      10.934      18.038
20150828      19.000      10.347      10.333      17.298
20150829      23.175       9.838      12.004      20.353
20150830      25.584      10.122       9.769      21.091
20150831      23.506       9.560       9.972      24.755
20150901      23.028      12.103      11.350      26.935
20150902      21.165       9.646      11.188      21.803
20150903      19.830       9.190       9.777      19.700
20150904      19.232       8.885       9.376      19.288
20150905      20.684      10.495       9.839      20.326
20150906      24.224      18.157      12.887      25.256
20150907      23.419      13.375      15.807      23.773
20150908      21.399      11.719      13.152      21.117
20150909      19.965      11.504      12.250      20.520
20150910      18.907      10.417      11.814      19.026
20150911      17.815       9.708      10.132      17.635
20150912      16.878       9.121       9.708      16.702
20150913      16.240       8.930       9.122      15.772
20150914      15.817       8.554       8.771      15.661
20150915      15.518       8.318       8.454      15.104
20150916      15.280       8.765       8.306      14.889
20150917      15.103       8.636       8.070      14.825
20150918      15.761       8.342       8.094      14.525
20150919      41.115      29.435      16.045      28.213
20150920      44.744      27.808      28.361      45.087
20150921      34.493      21.027      25.571      43.862
20150922      30.472      18.634      20.847      32.156
20150923      29.089      22.381      20.188      29.985
20150924      29.216      22.223      22.382      28.986
20150925      27.985      18.985      21.277      27.385
20150926      27.757      20.840      21.360      29.336
20150927      33.048      23.873      22.434      29.045
20150928      31.855      19.740      22.622      31.370
20150929      29.680      18.978      20.492      31.027
20150930      32.337      29.419      20.190      30.293
20151001      30.659      39.667      27.759      35.047
20151002      29.597      30.373      36.424      30.920
20151003      28.709      30.090      30.342      28.435
20151004      25.323      26.212      29.312      27.476
20151005      24.325      25.546      26.656      23.823
20151006      21.254      22.705      24.971      22.889
20151007      19.881      21.021      22.652      20.013
20151008      21.059      19.794      20.970      17.776
20151009      19.743      18.600      19.689      19.901
20151010      18.862      17.502      18.600      19.209
20151011      18.870      16.462      17.855      18.724
20151012      19.212      23.855      19.802      20.779
20151013      20.358      28.758      17.069      18.915
20151014      21.099      26.384      25.160      22.936
20151015      21.356      28.926      30.740      22.326
20151016      21.804      33.161      28.984      22.183
20151017      21.304      29.981      35.212      25.209
20151018      27.436      36.353      31.729      22.055
20151019      29.028      32.321      34.360      25.114
20151020      25.035      29.592      31.863      27.232
20151021      22.595      31.629      29.829      24.290
20151022      20.834      30.544      28.237      21.494
20151023      16.732      28.501      26.747      19.838
20151024      16.025      26.865      28.492      16.495
20151025      17.667      26.487      27.266      15.755
20151026      17.084      29.514      26.339      17.216
20151027      13.880      28.698      27.203      17.234
20151028      13.150      21.895      26.052      13.530
20151029      15.076      20.178      25.633      12.095
20151030      12.148      18.822      23.710      14.563
20151031      15.907      17.509      18.961      11.907
20151101      20.433      17.646      18.981      14.637
20151102      22.003      50.277   -9999.000   -9999.000
20151103      19.391      42.838      43.161      29.297
20151104      17.601      48.034      41.136      20.612
20151105      15.800      44.033      38.013      18.005
20151106      13.282      41.580      36.186      15.730
20151107      14.814      38.637      41.057      14.443
20151108      14.376      36.582      38.759      13.396
20151109      13.036      34.056      36.141      13.727
20151110      14.466      32.086      34.442      11.041
20151111      13.281      32.432      32.104      14.328
20151112      12.010      30.860      30.709      13.233
20151113      11.282      29.493      29.247      11.689
20151114      13.565      27.523      29.435      10.977
20151115      12.308      26.680      28.183      13.338
20151116      13.698      24.622      26.352      11.954
20151117      14.321      21.717      24.596      12.714
20151118      12.022      20.501      23.354      14.548
20151119      10.969      19.946      21.771      11.796
20151120       9.444      18.338      19.646      10.646
20151121      11.261      20.196      18.525       9.220
20151122      14.460      17.040      18.905      10.207
20151123      19.435      16.459      17.055      12.357
20151124      25.459      15.027      16.187      18.192
20151125      36.112      14.070      15.198      22.494
20151126      44.124      13.132      14.050      32.078
20151127      33.228      12.838      13.546      41.884
20151128      21.398      12.600      13.234      33.662
20151129      28.871      12.071      12.624      20.886
20151130      16.281      11.889      12.357      25.995
20151201      13.202      12.051      12.393      17.764
20151202      11.700      12.231      12.194      13.389
20151203      11.150      11.497      12.064      11.577
20151204      10.252      11.450      11.638      10.838
20151205       9.833      10.991      11.348      10.119
20151206       9.803      12.535      11.483      10.131
20151207       9.442      12.134      12.041       9.624
20151208       9.369      12.938      12.692       9.912
20151209       9.033      11.712      12.638       9.512
20151210       9.001      14.365      11.880       8.606
20151211       9.008      11.503      13.278       8.878
20151212      10.099      10.949      11.742       8.542
20151213      10.886      10.603      11.159       9.861
20151214      12.598      11.455      10.766      10.145
20151215      13.815      12.761      11.971      12.850
20151216      15.092      13.688      12.746      13.933
20151217      20.226      11.161      12.758      13.805
20151218      23.388      10.311      11.213      17.614
20151219      24.743      10.620      10.630      21.858
20151220      19.120       9.957      10.215      23.255
20151221      12.834      12.222   -9999.000   -9999.000
20151222      11.349      11.094   -9999.000   -9999.000
20151223      12.737       9.711      10.362      10.354
20151224      14.232       9.083       9.836      11.924
20151225      12.207       8.911       9.206      13.373
20151226      11.779      12.058      10.087      13.848
20151227      13.697      12.359      12.079      12.231
20151228      16.773      10.024      11.223      12.726
20151229      19.256       8.992       9.851      14.157
20151230      20.808       8.511       8.985      17.105
20151231      21.949       8.115       8.506      19.080
20160101      21.403       7.984       8.161      20.109
20160102      19.290       7.600       7.911      20.323
20160103      20.076       7.366       7.600      18.030
20160104      22.093       7.273       7.396      19.111
20160105      24.630       7.154       7.243      20.906
20160106      24.696       7.014       7.134       7.123
20160107      23.407       6.867       6.982       6.990
20160108      21.352       6.981       6.868       6.856
20160109      20.581       8.633       7.089       7.064
20160110      18.659       7.519       8.570       8.422
20160111      17.052       6.960       7.407       7.382
20160112      16.414       6.745       7.057       7.029
20160113  -10000.000       6.521       6.714       6.704
20160114      14.267       6.379       6.496       6.503
20160115      13.544       6.307       6.498       6.497
20160116      13.188       6.598       6.472       6.454
20160117      13.612       8.807       7.249       7.203
20160118      14.038       7.088       7.928       7.704
20160119  -10000.000       6.480       7.211       7.155
20160120      13.228       6.155       6.532       6.533
20160121      12.758       5.883       6.140       6.140
20160122      12.297       6.375       5.925       5.927
20160123      12.066       6.516       6.316       6.256
20160124      11.885       5.955       6.211       6.148
20160125      11.782       6.000       6.052       6.046
20160126      11.633       6.356       5.954       5.929
20160127      12.348       8.053       6.687       6.607
20160128      12.710       6.320       7.150       6.943
20160129      12.665       5.861       6.240       6.232
20160130      12.306       5.527       6.067       6.062
20160131      12.507       5.574       5.861       5.858
20160201      12.730       7.891       5.887       5.865
20160202      13.064       7.308       6.819       6.585
20160203      12.746       5.924       6.708       6.571
20160204      12.542       5.366       5.928       5.930
20160205      12.574       5.075       5.447       5.434
20160206      12.284       4.814       5.126       5.129
20160207      12.001       5.416       5.560       5.562
20160208      11.998       5.323       5.322       5.257
20160209      12.223       5.718       5.749       5.689
20160210      12.227       7.322       6.389       6.313
20160211      12.583       6.727       6.680       6.466
20160212      12.742       6.286       6.389       6.271
20160213      12.877       5.304       5.887       5.808
20160214      12.834       4.991       5.566       5.552
20160215      13.242       5.559      15.773      14.256
20160216      13.131       4.741       5.406       5.327
20160217      12.771       4.937       5.467       5.451
20160218      13.062       4.296       4.596       4.558
20160219      12.785       4.184       4.375       4.363
20160220      12.700       4.043       4.145       4.147
20160221      12.420       3.900       4.243       4.226
20160222      12.558       3.892       4.566       4.567
20160223      13.140       3.939       3.960       3.956
20160224      13.453       7.824       4.750       4.732
20160225      13.501       5.726       6.318       5.965
20160226      13.612       4.671       5.418       5.356
20160227      12.952       4.149       4.653       4.637
20160228      12.724       3.811       4.139       4.149
20160229      13.062       3.698       3.930       3.918
20160301      13.104       3.496       3.642       3.635
20160302      12.401       3.473       3.462       3.480
20160303      12.174       3.333       3.466       3.463
20160304      12.048       4.159       3.374       3.365
20160305      11.747       3.438       3.837       3.751
20160306      11.460       3.385       3.517       3.521
20160307      11.236       3.266       3.393       3.392
20160308      11.281       3.487       3.505       3.492
20160309      11.244       3.304       3.538       3.509
20160310      10.633       3.768       3.240       3.208
20160311       9.958       3.175       3.466       3.416
20160312       9.900       3.212       3.234       3.230
20160313      10.595       7.330       3.134       3.123
20160314      10.606       4.483       5.570       5.204
20160315      10.550       4.443       4.498       4.472
20160316      10.300       4.428       4.189       4.179
20160317      11.536       5.000       4.820       4.829
20160318      12.648       4.868       5.474       5.344
20160319      13.058       4.933       4.995       4.884
20160320      13.163       4.616       4.875       4.764
20160321      13.659       4.110       4.501       4.415
20160322      14.069       3.830       3.866       3.811
20160323   -9999.000   -9999.000       3.347       3.356
20160324      14.575       1.364   -9999.000   -9999.000
20160325      14.021       1.131   -9999.000   -9999.000
20160326      12.235       1.542   -9999.000   -9999.000
20160327       9.594       2.671       1.591       1.548
20160328       6.295       3.074       1.292       1.326
20160329       3.878       5.513       1.282       1.337
20160330       3.186       7.229       4.526       4.819
20160331       2.884       6.284       5.709       5.714
20160401       2.556       5.723       5.748       5.748
20160402       2.342       5.284       5.683       5.677
20160403       2.259       4.911       5.281       5.291
20160404       2.252       4.439       5.035       5.038
20160405       2.278       4.290       4.857       4.850
20160406       2.234       4.462       4.470       4.453
20160407       2.267       6.401       4.777       4.773
20160408       2.291       6.217       5.969       5.792
20160409       2.445       5.669       5.868       5.747
20160410       2.535       5.131       5.523       5.545
20160411       2.533       4.623       5.047       5.035
20160412       2.531       4.576       4.810       4.802
20160413       2.316       5.678       5.153       5.115
20160414       2.236       4.408       5.224       5.089
20160415       2.403       3.930       4.623       4.608
20160416       2.032       3.698       3.967       3.977
20160417       2.558       4.242       4.172       4.167
20160418       2.178       3.441       3.884       3.814
20160419       2.256       3.177       3.447       3.439
20160420       2.396       3.129       3.272       3.286
20160421       1.697       2.873       3.094       3.066
20160422       2.437       2.777       2.894       1.530
20160423       2.336       2.699       2.832       2.359
20160424       1.870       2.651       2.815       2.393
20160425       1.985       2.482       2.660       1.801
20160426       2.386       2.901       3.155       2.410
20160427       2.491       4.629       3.503       3.206
20160428       3.901      10.159       5.030       3.556
20160429       5.849      14.683       8.034       5.279
20160430       8.284      46.309      13.552       7.882
20160501      11.515      51.049      30.752      14.155
20160502      13.824      78.256      42.009      15.503
20160503      17.260      89.385      55.279      18.519
20160504      21.440     134.370      83.197      25.160
20160505      24.019     126.610      96.957      34.124
20160506      28.242     144.156     111.080      31.158
20160507      35.222     184.234     118.739      36.241
20160508      50.560     218.675     150.921      50.968
20160509      73.121     183.169     168.108      63.173
20160510      87.523     131.133     137.600      64.707
20160511      90.627      92.153     105.147      67.734
20160512      87.018     106.464      87.592      83.242
20160513      92.461     125.445      78.502      77.804
20160514      92.106     114.510      91.524      94.694
20160515      91.844     136.901      94.306      94.588
20160516      87.890     130.476     104.081      97.381
20160517      79.206     128.398     106.555      97.732
20160518      73.157      79.879      94.033      65.121
20160519      65.130      80.525      64.028      49.365
20160520      62.062     134.856      69.712     104.848
20160521      61.386     124.749     107.555      75.076
20160522      98.556     243.336     156.586      98.141
20160523     166.814     268.377     225.540     141.438
20160524     268.888     331.048     290.779     213.265
20160525     305.412     234.602     273.841     236.743
20160526     240.534     179.298     202.848     235.797
20160527     205.572     171.241     180.012     217.224
20160528     263.385     230.564     200.078     220.091
20160529     273.128     235.205     225.667     281.816
20160530     259.339     228.622     245.995     284.497
20160531     284.242     242.167     221.178     235.942
20160601     203.270     173.650     216.853     237.071
20160602     146.409     101.514     150.847     146.208
20160603      99.951     102.843     108.165     115.128
20160604      70.299      59.194      84.736      82.466
20160605      56.235      42.016      55.736      47.912
20160606      46.878      39.300      41.570      43.912
20160607      46.408      52.159      40.234      47.677
20160608      57.520     127.129      53.957      68.326
20160609      57.136      56.068      92.400      64.166
20160610      44.997      42.095      51.904      39.523
20160611      39.638      40.605      41.848      36.999
20160612      42.771      40.661      41.532      40.582
20160613      45.500      53.846      45.036      49.543
20160614      59.039      70.402      65.557      64.398
20160615      60.266      70.255      63.809      62.993
20160616      64.137      64.124      69.736      60.483
20160617     110.296      85.822      88.800      83.555
20160618     318.843     606.063     157.404     163.344
20160619     200.463     234.789     449.609     362.337
20160620     126.684     119.719     209.414     139.450
20160621     116.357      91.747     131.164      83.836
20160622     131.573      99.455     102.773      93.425
20160623     104.675      79.413      88.732     108.610
20160624      98.615      84.405      84.484     100.167
20160625      92.243      88.019      85.727     100.837
20160626      76.398      76.494      85.202      91.309
20160627      78.631      74.814      78.016      75.401
20160628      90.543      83.134      80.814      73.656
20160629      84.176      72.000      84.936      93.278
20160630     100.203      92.469      97.419      97.546
20160701      77.394      73.195      87.131      97.925
20160702      67.305      64.046      79.679      77.365
20160703      69.652      58.993      66.168      59.151
20160704      55.769      69.222      57.975      59.576
20160705      55.993      75.483      70.240      59.404
20160706     150.854     248.125      99.803      68.880
20160707     336.023     332.529     233.992     213.537
20160708     217.531     126.464     258.697     239.988
20160709     129.285      64.337     123.272     127.785
20160710     117.400     109.595      66.526      75.275
20160711     138.066     186.020     105.561      94.942
20160712     107.009      65.017     144.048     115.364
20160713      86.775      52.343      67.931      62.811
20160714      73.445      49.513      53.523      68.209
20160715      63.927      42.753      48.161      60.550
20160716      56.689      40.184      42.645      55.653
20160717      98.242     152.398      49.206      62.112
20160718      80.402      51.957     111.641      98.898
20160719      62.846      43.672      51.832      62.305
20160720      53.147      42.128      44.547      53.808
20160721      46.721      38.922      41.789      48.587
20160722      41.804      36.568      38.925      44.144
20160723      37.920      34.413      36.572      39.557
20160724      36.815      32.448      34.608      36.240
20160725      40.520      32.098      33.550      35.840
20160726      43.217      29.890      32.211      36.094
20160727      39.160      28.117      31.192      41.184
20160728      43.123      29.220      32.377      41.316
20160729      46.192      29.703      29.377      39.952
20160730      48.959      36.371      34.139      47.731
20160731      45.728      36.520      37.279      49.111
