date          Qobs       Qsimobs        Qsim       Qusi
20150801       6.947       7.785      10.314       8.872
20150802       9.290      10.339      11.139       7.935
20150803       7.795      10.144      11.836      11.888
20150804      12.255      11.087      10.761      10.167
20150805      15.830      14.927      14.780      12.825
20150806      11.924      11.669      14.527      15.681
20150807      21.967      19.668      12.963       9.731
20150808      11.077      13.570      16.196      19.173
20150809       9.488      10.322      13.209      10.404
20150810      11.727      11.148      10.805       8.847
20150811      17.979      15.190      10.425       9.421
20150812      13.950      12.279      12.986      12.072
20150813       7.493       6.913      11.775      10.306
20150814       6.911       8.168       9.419       6.351
20150815      10.818      11.423       9.556       8.091
20150816      28.957      22.241      12.482      11.337
20150817      16.359      14.611      18.668      21.684
20150818      10.327      11.132      13.917      12.906
20150819       9.236      11.179      11.676       9.758
20150820       8.022      11.359      11.222       8.588
20150821       7.750       9.906      11.243       8.726
20150822       8.721       9.397      10.016       6.895
20150823       6.117       7.446       9.162       8.107
20150824       6.039       7.817       7.611       5.447
20150825       9.004       7.144       7.389       6.134
20150826       9.599      12.838       7.781       8.463
20150827      19.832      12.422      11.223       8.998
20150828      21.847      19.599      15.185      15.635
20150829      23.581      23.131      19.289      19.780
20150830      28.841      24.804      20.291      16.499
20150831      14.590      21.355      19.512      15.643
20150901       5.943       5.156      16.314      10.082
20150902       4.590       5.497       5.305       3.419
20150903       3.991       5.725       5.086       3.586
20150904       3.032       4.349       4.197       3.649
20150905       4.599       8.590       5.234       3.436
20150906       2.683       3.322       5.880       4.638
20150907       1.877       2.316       2.606       1.568
20150908       1.804       3.291       3.641       3.048
20150909       1.670       3.477       3.898       2.839
20150910       1.535       4.317       4.435       1.964
20150911       1.470       3.358       4.289       1.733
20150912       1.610       3.459       3.294       1.167
20150913       2.011       2.421       3.327       1.852
20150914       3.043       4.112       2.970       1.502
20150915       3.695       3.177       2.710       1.870
20150916       7.038      10.525       4.896       4.861
20150917       2.733       2.183       6.897       6.052
20150918       2.231       2.066       2.241       1.420
20150919       2.459       3.320       1.923       1.930
20150920       2.294       2.344       2.705       2.343
20150921       1.535       1.368       1.649       1.688
20150922       1.189       1.090       1.321       1.192
20150923       1.195       2.173       1.339       1.199
20150924       1.746       2.088       1.935       1.230
20150925      17.391      18.816       5.036       3.737
20150926      19.154      19.590      14.492      18.529
20150927       5.704       3.748      13.722      10.970
20150928       2.808       1.548       3.360       2.008
20150929       1.860       1.315       1.580       1.562
20150930       1.851       2.039       1.359       1.639
20151001       3.036       4.820       1.821       1.598
20151002      11.277       5.942       3.501       2.110
20151003       6.736       8.320       4.217       5.896
20151004       4.252       4.144       5.272       4.582
20151005       2.668       1.866       3.297       2.609
20151006       1.715       1.432       1.653       1.362
20151007       1.291       1.477       1.249       1.268
20151008       1.580       1.878       1.253       1.180
20151009       5.602       6.981       1.894       1.301
20151010       2.331       1.519       4.442       3.925
20151011       1.593       0.998       1.328       1.038
20151012       1.277       0.807       0.808       0.908
20151013       1.078       0.747       0.679       0.908
20151014       0.918       0.622       0.618       0.853
20151015       0.801       0.390       0.544       0.808
20151016       0.713       0.372       0.463       0.733
20151017       0.634       0.396       0.399       0.752
20151018       0.567       0.444       0.351       0.623
20151019       0.515       0.318       0.377       0.532
20151020       0.518       0.324       0.331       0.488
20151021       7.255       5.426       1.522       2.269
20151022      43.631      17.379       9.001       6.758
20151023      26.796      45.687      30.214      47.070
20151024       7.641       4.839      32.390      18.779
20151025      21.113      28.136       7.059       4.098
20151026      26.427      25.677      24.357      16.852
20151027      11.291       8.694      22.319      16.105
20151028       4.978       1.472       5.982       3.599
20151029       2.731       0.629       1.590       1.911
20151030       1.985       0.851       1.059       2.046
20151031       6.745       3.078       2.941       6.059
20151101      12.678      10.076       5.753       9.579
20151102       5.353       3.771   -9999.000   -9999.000
20151103       3.107       1.246       3.033       2.246
20151104       3.136       2.518       1.275       1.780
20151105       2.204       1.250       1.953       2.518
20151106       1.650       1.174       1.219       1.528
20151107      16.013       9.241       3.937       4.264
20151108       6.970       5.179       6.635       5.973
20151109      27.558      22.467       6.386       7.264
20151110      39.664      43.286      30.089      32.614
20151111      24.010      27.804      41.288      39.087
20151112      20.535      30.019      28.927      15.311
20151113      17.522      23.742      25.679      18.723
20151114      23.145      20.574      24.970      13.904
20151115      24.585      57.444      21.377      16.778
20151116      13.116      17.109      36.645      23.761
20151117      14.301      27.644      19.578       9.651
20151118      11.942      28.002      30.590      19.524
20151119       5.011       3.814      21.708       5.213
20151120       2.181       0.950       2.541       1.639
20151121       1.266       0.561       0.950       0.879
20151122       0.955       0.526       0.561       0.736
20151123       1.023       0.493       0.527       0.902
20151124       1.730       2.330       1.532       1.660
20151125       2.421       9.362       1.232       1.403
20151126       3.913       2.049       7.928       5.252
20151127      94.133      61.235      17.023      10.370
20151128      22.612      53.545      34.327      65.454
20151129       6.692      11.566      34.101      18.668
20151130       3.986       9.540       8.972       3.214
20151201       2.778      11.259       7.265       3.873
20151202      16.462       5.881      11.364       4.061
20151203      19.543      29.571       3.239       2.787
20151204       6.722      13.400      27.421      21.725
20151205      61.455      42.866      17.242      10.107
20151206      27.143      57.597      37.105      36.707
20151207      11.616      38.841      42.437      36.349
20151208       9.105       6.517      31.718      15.377
20151209      30.534      37.075      13.203       5.476
20151210      45.593      51.884      29.786      28.160
20151211      10.647      31.918      39.415      39.085
20151212       5.144      15.208      21.777       4.653
20151213       2.925       1.938      18.210       2.835
20151214       2.101       0.702       4.999       1.397
20151215       1.332       0.547       0.702       0.794
20151216       1.389       0.512       1.409       2.262
20151217      18.588       3.752      14.760      21.265
20151218      67.986      21.616      17.718      54.840
20151219      49.978      28.686      30.607      68.942
20151220     102.227      53.409      33.725      32.624
20151221      56.152      74.988   -9999.000   -9999.000
20151222      18.528      38.476   -9999.000   -9999.000
20151223      13.338      34.824      33.688      20.329
20151224      17.488      30.412      30.453      15.463
20151225      17.422      37.557      22.605       7.956
20151226       4.856       7.448      30.585      13.136
20151227       2.410       1.444       4.312       1.782
20151228       2.547       0.576       1.450       1.015
20151229       1.768       0.654       0.643       2.612
20151230       1.639       8.274       2.358       5.668
20151231      11.398      21.471       5.662       6.348
20160101       5.154      18.055      18.317       9.711
20160102       2.570       3.490      10.181       5.314
20160103       5.753       0.981       2.900       1.275
20160104      10.069       0.557       0.965       1.262
20160105       3.660       0.522       0.557       4.169
20160106       1.609       0.490       0.522       2.829
20160107       0.690       0.455       0.490       1.182
20160108       0.563       0.427       0.459       0.675
20160109       0.479       0.400       0.431       0.534
20160110       0.454       0.375       0.400       0.460
20160111       0.482       0.391       0.375       0.366
20160112       0.475       0.348       0.353       0.456
20160113       0.465       0.326       0.348       0.384
20160114       0.455       0.306       0.326       0.395
20160115       0.447       0.298       0.306       0.419
20160116       0.427       0.271       0.290       0.377
20160117       0.409       0.254       0.271       0.339
20160118       0.390       0.238       0.254       0.373
20160119       0.379       0.224       0.238       0.363
20160120       0.358       0.210       0.224       0.353
20160121       0.327       0.197       0.210       0.336
20160122       0.305       0.184       0.197       0.311
20160123       0.323       2.160       1.761       1.659
20160124       1.384      18.768      10.899       5.764
20160125      11.299      14.987      14.185       2.224
20160126      32.383      38.246      11.808       7.669
20160127      27.078      44.583      27.326      32.029
20160128       7.444      11.353      34.146      24.663
20160129      15.682      21.495      11.721       7.225
20160130       6.746      37.249      15.278       7.245
20160131       2.963       8.534      18.894       4.727
20160201       2.141       4.094       6.087       2.531
20160202       3.954      19.347       2.656       2.735
20160203       2.491      10.109      14.683       3.365
20160204       1.541       1.549       3.502       1.309
20160205       1.273       0.599       1.417       0.788
20160206       3.306      15.610       1.208       3.862
20160207       6.454      21.482      11.012       5.952
20160208       5.005      23.444      15.287       5.372
20160209       3.028       8.004      12.634       5.061
20160210       1.947       6.665       5.158       2.093
20160211       1.121       1.178       2.702       1.161
20160212       0.741       0.417       1.144       0.562
20160213       0.711       0.358       0.417       0.299
20160214       0.686       0.336       0.358       0.571
20160215       0.698       0.315       0.336       0.514
20160216       0.737       0.295       0.315       0.616
20160217       0.863       5.235       0.295       0.667
20160218       0.749       1.669       1.464       1.107
20160219       0.690       0.417       1.362       0.498
20160220       0.700       9.109       0.420       0.574
20160221       0.769      12.123       4.728       2.538
20160222       0.847      12.034       5.690       1.833
20160223       1.000       4.227       8.387       1.825
20160224       0.946       1.124       2.541       0.677
20160225       0.804       0.341       0.818       0.434
20160226       0.717       0.319       0.341       0.346
20160227       0.644       0.821       0.272       0.445
20160228       0.587       0.672       0.592       0.964
20160229       0.544       0.259       0.506       0.365
20160301       0.545       0.243       0.259       0.310
20160302       0.569       0.397       0.243       0.584
20160303       0.563       0.444       0.305       0.617
20160304       0.536       0.348       0.341       0.528
20160305       0.510       0.449       0.288       0.533
20160306       0.488       0.202       0.344       0.406
20160307       0.463       0.189       0.202       0.358
20160308       0.454       0.178       0.189       0.382
20160309       0.453       0.167       0.178       0.416
20160310       0.426       0.217       0.167       0.752
20160311       0.426       0.169       0.165       0.378
20160312       0.424       0.374       0.159       0.381
20160313       0.545       3.269       0.810       1.639
20160314       1.273       2.399       2.827       1.095
20160315       2.713       2.139       4.215       1.485
20160316       3.009       1.985       5.670       6.691
20160317       3.248       2.960       4.492       3.442
20160318       3.405       3.390       2.206       2.724
20160319       2.660       0.667       2.088       2.401
20160320       2.169       0.307       0.702       1.192
20160321       2.138       0.492       0.429       1.155
20160322       2.002       0.749       0.705       4.107
20160323   -9999.000   -9999.000       0.664       1.918
20160324       1.289       0.247   -9999.000   -9999.000
20160325       1.796       2.060   -9999.000   -9999.000
20160326       2.313       5.999   -9999.000   -9999.000
20160327      12.714      24.960       9.047       6.271
20160328       9.665      11.304      19.254       9.709
20160329       9.409      13.955      10.548       8.581
20160330       4.557       2.659       6.599       6.072
20160331       2.346       1.539       2.273       2.039
20160401       1.577       0.486       1.123       0.921
20160402       1.920       2.186       0.857       3.109
20160403       3.632       7.260       2.069       2.211
20160404       6.775       4.545       4.716       4.749
20160405      11.256      15.793       5.221       5.232
20160406      10.410       7.053      13.312      15.155
20160407       8.254       6.049       4.921       4.211
20160408       5.372       1.909       3.697       4.252
20160409       3.642       0.643       1.531       2.219
20160410       3.275       0.477       0.604       1.110
20160411       3.187       1.451       0.449       1.900
20160412       3.242       2.094       0.945       2.881
20160413       3.535       2.161       1.256       2.367
20160414       2.952       3.304       1.507       2.478
20160415       3.035       3.062       2.221       3.096
20160416       2.282       0.882       2.124       1.781
20160417       2.332       0.447       0.738       0.889
20160418       6.653       7.734       1.859       7.402
20160419       4.455       6.191       6.380       8.729
20160420       3.594       2.507       5.073       2.784
20160421       9.818      14.134       5.576       7.864
20160422       4.380       5.070       9.392       6.418
20160423       2.466       1.115       3.233       2.198
20160424       1.792       0.424       1.025       0.985
20160425       1.602       0.371       0.423       0.639
20160426       1.465       0.623       0.372       1.176
20160427       1.590       0.889       0.454       1.369
20160428       1.761       1.638       0.726       1.486
20160429       1.930       2.332       1.183       2.124
20160430       2.073       3.287       1.564       1.962
20160501       2.483       7.258       2.128       2.379
20160502       4.563       7.122       4.214       3.882
20160503      15.059      21.910      10.856       4.927
20160504      11.941      11.660      16.587      11.041
20160505      11.474      13.204       9.107       6.245
20160506      11.865      13.676       9.784      10.359
20160507      14.970      16.031      12.610      12.258
20160508      26.302      21.199      16.187      14.481
20160509      22.376      22.173      19.265      22.940
20160510      19.214      21.906      19.486      17.702
20160511      19.413      20.299      18.917      16.709
20160512      16.290      18.560      17.921      17.275
20160513      10.915      11.633      13.976      12.710
20160514       6.357       2.366       6.670       6.653
20160515       5.461       2.282       1.877       1.871
20160516       6.301       4.107       2.084       5.165
20160517       6.839       8.123       3.001       6.134
20160518       6.459       5.138       4.745       8.115
20160519      10.350      12.140       8.380       7.753
20160520      20.180      13.681      11.851      10.352
20160521      19.993      20.851      13.830      16.619
20160522      30.662      17.088      19.235      16.931
20160523      20.832      21.639      17.810      23.535
20160524      15.967      10.324      17.622      14.509
20160525      13.771      12.837      10.562      11.110
20160526      11.877      13.291      11.517      12.886
20160527      11.803      12.620      12.591      11.210
20160528      12.619      14.965      12.530      10.183
20160529      15.226      16.211      15.027      12.133
20160530      18.598      13.867      15.432      11.027
20160531      35.323      27.491      16.333      17.202
20160601      25.773      17.342      23.447      27.983
20160602      23.219      17.904      16.065      17.721
20160603      18.847      16.293      17.083      14.924
20160604      16.471      15.969      15.786      15.669
20160605      14.606      14.128      15.218      13.634
20160606      12.800      13.134      13.442      12.062
20160607      12.707      11.958      12.544      10.590
20160608      11.465       8.906      10.838       8.966
20160609       7.506       7.083       8.150       8.950
20160610       5.853       5.872       6.302       5.632
20160611       4.488       4.830       5.818       6.052
20160612       4.775       5.835       4.810       3.890
20160613       5.633       5.624       5.942       5.032
20160614       6.823       5.492       5.676       4.859
20160615       7.919       5.812       5.576       5.961
20160616       9.544       5.947       4.929       5.290
20160617       7.421       5.605       5.838       8.880
20160618       7.394       5.858       5.627       5.966
20160619       6.555       4.100       4.611       5.374
20160620       6.213       3.385       3.646       5.163
20160621      12.165      13.802       6.115       7.056
20160622       7.066       5.112      10.488      10.296
20160623       6.503       4.258       5.005       4.015
20160624       7.880       3.700       4.341       5.274
20160625      11.824      10.379       5.299       6.529
20160626       8.984       3.530       7.068       8.234
20160627      15.820       7.018       5.559       6.979
20160628      16.785      17.709       6.578       9.079
20160629       7.132       4.117      12.865      10.374
20160630       7.774       2.694       4.355       3.620
20160701      10.100       6.071       4.487       6.551
20160702      13.008       9.111       8.530       9.953
20160703      26.787      24.207      14.661      19.307
20160704      11.060      11.345      13.481      18.276
20160705       5.941       4.132       8.376       5.346
20160706       3.699       1.878       3.952       3.010
20160707       2.777       1.344       1.664       2.131
20160708       3.476       3.342       1.855       2.458
20160709       4.563       3.337       3.532       4.682
20160710       4.863       4.239       2.367       2.117
20160711      16.232      14.180       7.230       7.341
20160712      15.574      16.962      13.382      13.973
20160713       7.350       4.403      10.844       8.736
20160714       4.373       1.652       4.994       4.251
20160715       3.064       1.130       1.588       2.254
20160716      10.176       7.089       2.086       3.830
20160717      30.379      22.315      14.157      18.375
20160718      12.839      19.154      19.841      21.224
20160719      13.347       3.598      13.205       7.038
20160720      11.037      21.849       4.915       5.136
20160721       4.630       2.503      12.593       8.062
20160722       3.839       2.261       4.800       2.782
20160723       2.933       2.269       2.682       3.303
20160724       2.064       1.245       1.896       2.208
20160725       1.771       1.207       1.462       1.938
20160726       5.527       5.379       4.519       5.798
20160727       7.882       7.421       5.933       4.462
20160728      21.813      13.022      13.897      12.601
20160729      13.932      18.312      12.342      10.223
20160730       9.050       5.836      14.835       9.119
20160731      11.239       7.054       7.271       5.355
