date          Qobs       Qsimobs        Qsim       Qusi
20150801       1.040       1.328       1.473       1.023
20150802       1.197       2.922       1.626       1.180
20150803       1.280       1.957       2.007       1.228
20150804       1.336       1.659       1.980       1.103
20150805       2.082       4.572       2.584       1.688
20150806       2.429       2.893       3.507       2.080
20150807       2.367       2.529       3.139       2.259
20150808       2.154       2.139       2.524       2.138
20150809       1.997       1.828       2.140       1.966
20150810       1.814       2.775       1.827       1.781
20150811       1.841       2.406       1.584       1.628
20150812       1.952       3.019       2.596       1.747
20150813       1.876       2.019       3.079       2.093
20150814       1.728       1.723       2.528       1.682
20150815       1.594       1.549       1.721       1.530
20150816       3.096       7.178       2.169       1.997
20150817       4.889       6.000       3.768       2.393
20150818       4.773       4.442       5.369       4.530
20150819       4.188       3.826       4.438       4.339
20150820       3.581       3.299       3.826       3.984
20150821       3.032       2.846       3.299       3.279
20150822       2.564       2.454       2.846       2.792
20150823       2.222       2.128       2.454       2.362
20150824       1.972       1.871       2.129       1.990
20150825       3.080       3.913       2.880       2.662
20150826       5.649       8.586       4.615       3.389
20150827       9.653      10.444       6.918       7.275
20150828      12.022       8.703      10.890      10.430
20150829      10.254       6.182       7.792      10.342
20150830       8.391       5.324       6.358       8.566
20150831       6.795       4.575       5.290       7.402
20150901       5.682       3.970       4.698       6.214
20150902       6.852       9.896       4.796       5.893
20150903      12.378      13.437       8.012       7.574
20150904      11.883       7.992      10.326      11.384
20150905       9.618       6.321       7.873       9.510
20150906       7.621       5.261       6.397       8.268
20150907       6.039       4.596       5.264       6.718
20150908       4.901       4.006       4.583       5.420
20150909       4.064       3.493       3.991       4.380
20150910       3.421       3.043       3.491       3.744
20150911       2.921       2.689       3.043       3.114
20150912       2.711       3.163       2.701       2.740
20150913       3.691       5.021       3.496       3.167
20150914       5.991       5.695       5.015       3.990
20150915      13.511      10.867       5.831       5.709
20150916      18.526      13.953      10.649      13.318
20150917      16.426       9.374      12.175      20.026
20150918      14.401       9.875       9.812      14.222
20150919      11.276       6.804       8.718      12.829
20150920       8.754       5.634       6.805       9.067
20150921       6.947       4.877       5.638       7.719
20150922       5.810       4.378       5.082       6.621
20150923       5.203       4.735       4.728       5.739
20150924       4.830       4.167       4.521       5.115
20150925       5.122       5.353       4.684       5.065
20150926       4.797       4.052       4.740       4.901
20150927       4.324       3.516       4.066       4.395
20150928       3.839       3.077       3.515       3.890
20150929       3.348       2.693       3.063       3.444
20150930       2.983       1.681       2.675       3.040
20151001       2.546       1.491       2.371       2.740
20151002       2.325       1.347       2.090       2.401
20151003       2.180       1.247       1.347       2.128
20151004       1.987       1.453       1.247       1.992
20151005       1.831       1.326       1.177       1.917
20151006       1.713       1.289       1.122       1.802
20151007       1.614       1.421       1.268       1.673
20151008       1.538       1.336       1.491       1.714
20151009       1.641       2.172       1.500       1.700
20151010       1.707       2.292       2.208       1.977
20151011       1.721       2.090       2.187       1.862
20151012       1.739       2.011       2.113       1.585
20151013       1.721       1.889       1.941       1.580
20151014       1.650       1.575       1.779       1.576
20151015       1.568       1.389       1.576       1.450
20151016       1.478       1.277       1.389       1.420
20151017       1.389       1.211       1.277       1.389
20151018       1.305       1.153       1.211       1.320
20151019       1.233       1.103       1.153       1.270
20151020       1.151       1.064       1.103       1.195
20151021       1.116       1.039       1.062       1.146
20151022       1.081       1.142       1.046       1.116
20151023       1.075       1.043       1.143       1.149
20151024       1.113       1.013       1.031       0.973
20151025       1.086       1.104       1.103       1.188
20151026       1.100       1.007       1.056       1.083
20151027       1.074       0.982       1.003       1.043
20151028       1.043       0.960       0.982       1.032
20151029       1.009       0.938       0.960       1.031
20151030       0.980       0.927       0.938       1.006
20151031       1.013       1.520       1.109       1.125
20151101       1.010       1.192       1.141       1.086
20151102       1.000       1.002   -9999.000   -9999.000
20151103       1.025       0.932       0.998       0.834
20151104       1.005       0.907       0.932       0.968
20151105       0.987       0.895       0.911       0.993
20151106       0.996       0.992       0.915       1.002
20151107       1.463       2.526       1.493       1.526
20151108       2.396       4.827       2.022       2.164
20151109       3.635       5.015       3.694       1.874
20151110       4.232       4.379       4.647       3.248
20151111       4.146       3.724       4.238       3.966
20151112       4.044       4.068       3.727       3.734
20151113       4.288       4.612       3.882       4.087
20151114       4.413       3.849       4.189       3.908
20151115       4.114       3.585       3.755       4.039
20151116       3.884       3.366       3.546       3.798
20151117       3.606       3.277       3.317       3.638
20151118       3.243       2.702       3.132       3.326
20151119       2.972       2.493       2.722       2.955
20151120       2.591       2.023       2.339       2.651
20151121       2.292       1.700       2.016       2.289
20151122       2.032       1.428       1.699       1.965
20151123       1.837       1.219       1.428       1.776
20151124       1.741       1.214       1.276       1.695
20151125       1.642       1.092       1.184       1.647
20151126       1.514       1.037       1.165       1.653
20151127       1.499       1.041       1.541       1.476
20151128       1.952       3.118       1.111       1.109
20151129       2.281       2.272       2.266       2.331
20151130       2.344       2.083       2.177       2.153
20151201       2.300       1.740       2.073       2.047
20151202       2.250       1.658       1.854       1.832
20151203       2.138       1.394       1.620       1.602
20151204       2.218       2.168       1.661       1.607
20151205       2.759       2.155       2.643       2.361
20151206       6.803       8.820       2.154       2.109
20151207       8.758       4.801       5.247       4.986
20151208       8.289       3.988       4.841       4.843
20151209       8.127       4.935       4.294       4.252
20151210       8.157       4.585       4.049       4.031
20151211       7.848       3.899       4.299       4.267
20151212       6.842       3.258       3.812       3.788
20151213       5.832       2.836       3.257       3.258
20151214       4.876       2.463       2.833       2.831
20151215       4.107       2.154       2.464       2.463
20151216       3.539       1.890       2.152       2.153
20151217       3.222       1.862       2.485       2.357
20151218       3.141       2.136       2.523       2.502
20151219       2.958       2.831       2.803       2.765
20151220       5.133       6.169       4.511       4.556
20151221       8.453       9.879   -9999.000   -9999.000
20151222       8.989       6.566   -9999.000   -9999.000
20151223       8.243       5.943       6.396       6.335
20151224       7.316       5.413       6.070       6.006
20151225       7.375       5.490       5.499       5.462
20151226       6.657       4.570       5.142       5.097
20151227       5.699       4.000       4.590       4.576
20151228       4.860       3.519       4.000       3.992
20151229       4.231       3.035       3.488       3.479
20151230       3.799       2.742       3.084       3.082
20151231       3.564       2.636       2.819       2.808
20160101       3.392       2.552       2.579       2.564
20160102       3.150       2.368       2.486       2.447
20160103       2.883       2.052       2.237       2.209
20160104       2.611       1.763       1.996       1.979
20160105       2.388       1.499       1.736       1.729
20160106       2.184       1.336       1.502       1.499
20160107       1.988       1.239       1.337       1.337
20160108       1.848       1.180       1.245       1.245
20160109       1.747       1.126       1.178       1.178
20160110       1.719       1.485       1.167       1.165
20160111       1.642       1.507       1.417       1.382
20160112       1.559       1.262       1.246       1.242
20160113       1.507       1.259       1.266       1.266
20160114       1.474       1.554       1.303       1.293
20160115       1.393       1.223       1.400       1.362
20160116       1.324       1.161       1.272       1.271
20160117       1.248       1.053       1.158       1.154
20160118       1.178       0.977       1.053       1.052
20160119       1.122       0.919       0.978       0.977
20160120       1.065       0.873       0.919       0.919
20160121       1.014       0.833       0.872       0.872
20160122       0.966       0.798       0.832       0.832
20160123       0.953       1.008       0.831       0.830
20160124       0.921       0.855       0.930       0.914
20160125       0.889       0.821       1.105       1.034
20160126       0.900       1.249       0.908       0.892
20160127       0.952       1.159       1.035       1.085
20160128       1.045       1.434       1.124       1.115
20160129       1.113       1.130       1.269       1.220
20160130       1.234       1.834       1.317       1.311
20160131       1.251       1.694       1.517       1.452
20160201       1.292       1.288       1.595       1.550
20160202       1.446       2.201       1.489       1.488
20160203       1.387       1.725       1.850       1.756
20160204       1.334       1.338       1.647       1.621
20160205       1.307       1.139       1.331       1.331
20160206       1.296       1.287       1.207       1.206
20160207       1.375       1.393       1.299       1.276
20160208       1.510       1.524       1.469       1.433
20160209       1.556       1.791       1.542       1.502
20160210       1.480       1.239       1.552       1.492
20160211       1.405       1.051       1.240       1.238
20160212       1.317       0.908       1.050       1.050
20160213       1.264       0.800       0.908       0.908
20160214       1.193       0.713       0.799       0.798
20160215       1.133       0.646       0.713       0.713
20160216       1.084       0.595       0.648       0.646
20160217       1.044       0.559       0.597       0.596
20160218       0.960       0.538       0.567       0.565
20160219       0.897       0.602       0.553       0.553
20160220       0.898       0.846       0.697       0.687
20160221       0.927       0.796       0.836       0.807
20160222       0.872       0.650       0.773       0.757
20160223       0.834       0.576       0.645       0.645
20160224       0.801       0.525       0.575       0.574
20160225       0.770       0.486       0.526       0.527
20160226       0.737       0.451       0.485       0.485
20160227       0.711       0.425       0.451       0.451
20160228       0.684       0.401       0.424       0.425
20160229       0.660       0.384       0.403       0.401
20160301       0.647       0.371       0.385       0.385
20160302       0.701       0.794       0.517       0.517
20160303       0.712       0.845       0.768       0.730
20160304       0.704       0.724       0.785       0.759
20160305       0.678       0.603       0.701       0.689
20160306       0.675       0.626       0.632       0.629
20160307       0.663       0.612       0.644       0.636
20160308       0.633       0.492       0.578       0.569
20160309       0.612       0.443       0.496       0.496
20160310       0.589       0.410       0.456       0.455
20160311       0.565       0.369       0.406       0.404
20160312       0.545       0.340       0.368       0.368
20160313       0.522       0.320       0.342       0.342
20160314       0.553       0.986       0.354       0.366
20160315       0.643       1.967       0.952       1.336
20160316       0.760       2.572       2.134       1.439
20160317       0.912       4.739       2.990       1.227
20160318       1.137       5.947       4.412       1.942
20160319       1.231       4.886       5.106       1.280
20160320       1.305       4.479       4.808       1.282
20160321       1.316       4.011       4.386       1.304
20160322       1.324       4.031       3.896       1.397
20160323   -9999.000   -9999.000       3.564       1.338
20160324       1.243       2.615   -9999.000   -9999.000
20160325       1.201       2.365   -9999.000   -9999.000
20160326       1.176       2.009   -9999.000   -9999.000
20160327       1.357       3.484       2.432       1.274
20160328       1.642       3.268       2.992       1.510
20160329       2.045       3.766       3.437       1.901
20160330       2.128       2.781       3.376       1.906
20160331       2.041       2.315       2.750       1.836
20160401       1.934       1.958       2.314       1.743
20160402       1.858       1.833       2.017       1.754
20160403       1.756       2.143       1.975       1.917
20160404       1.737       2.628       2.249       1.953
20160405       1.955       5.016       3.137       2.340
20160406       2.556       6.403       4.599       2.558
20160407       3.223       6.378       5.066       2.761
20160408       3.586       6.054       5.912       3.221
20160409       3.622       4.670       5.457       3.334
20160410       3.488       3.962       4.747       3.334
20160411       3.299       4.030       4.168       3.322
20160412       3.167       3.571       3.859       3.269
20160413       3.368       3.824       3.775       3.081
20160414       3.413       4.489       4.108       3.676
20160415       3.510       5.831       4.273       3.747
20160416       3.521       4.295       4.809       3.805
20160417       3.437       4.281       4.351       3.210
20160418       3.361       4.443       4.248       3.524
20160419       3.235       3.934       4.259       3.504
20160420       3.203       4.163       4.002       3.188
20160421       3.202       4.346       4.101       3.338
20160422       3.368       4.020       4.095       3.341
20160423       3.350       3.394       3.840       3.204
20160424       3.218       3.001       3.395       3.026
20160425       3.087       2.648       2.997       2.864
20160426       2.937       2.529       2.749       2.829
20160427       2.741       2.130       2.486       2.716
20160428       2.591       1.851       2.124       2.412
20160429       2.481       1.693       1.903       2.408
20160430       2.486       1.912       1.779       2.434
20160501       2.461       1.931       1.896       2.548
20160502       2.455       2.650       1.919       2.507
20160503       2.677       3.247       2.765       3.430
20160504       3.268       3.717       2.954       2.648
20160505       3.844       4.976       3.685       3.463
20160506       4.635       6.609       4.979       4.656
20160507       5.908      11.361       6.883       5.828
20160508       8.044      16.461      11.690       8.457
20160509      11.039      20.809      16.888       9.980
20160510      13.853      23.543      20.753      12.139
20160511      16.103      25.046      23.304      14.543
20160512      17.605      24.538      24.211      15.870
20160513      18.329      23.747      23.869      16.644
20160514      16.481      18.341      22.896      17.741
20160515      13.907      14.665      17.883      14.363
20160516      11.924      12.655      14.714      12.257
20160517      10.647      12.476      12.942      10.937
20160518       9.862      12.056      12.458      10.636
20160519       9.984      13.235      12.725      10.467
20160520      12.012      14.867      13.111      10.180
20160521      14.311      15.557      14.562      11.675
20160522      16.930      18.777      16.007      14.750
20160523      22.465      22.869      19.954      18.093
20160524      21.484      19.277      20.578      22.458
20160525      18.869      16.896      18.620      19.977
20160526      15.295      15.432      16.527      17.803
20160527      12.665      14.714      15.433      17.512
20160528      11.138      14.459      15.018      12.904
20160529      10.206      14.542      14.079      10.904
20160530      11.113      12.623      13.811      10.024
20160531      16.423      27.849      15.050      10.584
20160601      14.661      18.368      21.869      18.865
20160602      11.965      15.612      18.943      14.037
20160603       9.679      13.110      15.575      10.899
20160604       7.935      11.067      13.118       8.822
20160605       6.501       9.309      11.002       7.006
20160606       5.382       7.986       9.323       6.053
20160607       4.506       6.725       7.962       4.915
20160608       3.835       5.656       6.717       3.949
20160609       3.233       4.812       5.613       3.636
20160610       2.780       4.123       4.769       3.173
20160611       2.387       3.495       4.164       2.681
20160612       2.096       3.014       3.532       2.209
20160613       1.869       2.602       3.014       1.909
20160614       1.669       2.333       2.604       1.704
20160615       1.509       2.119       2.336       1.571
20160616       1.431       2.457       2.278       1.509
20160617       1.358       2.527       2.471       1.508
20160618       1.257       2.043       2.826       1.598
20160619       1.127       1.799       2.035       1.177
20160620       1.154       1.632       1.798       1.061
20160621       1.257       4.257       2.311       1.377
20160622       1.243       2.721       3.301       1.532
20160623       1.176       2.347       2.723       1.085
20160624       1.172       2.025       2.347       1.066
20160625       1.191       2.973       3.074       1.498
20160626       1.276       2.646       3.002       1.416
20160627       1.432       3.237       2.749       1.228
20160628       1.475       2.892       3.100       1.449
20160629       1.498       2.322       2.740       1.309
20160630       1.655       2.886       2.777       1.570
20160701       1.987       2.695       2.860       1.578
20160702       2.416       3.226       3.208       2.143
20160703       2.588       2.840       3.307       2.596
20160704       2.480       2.342       2.748       2.328
20160705       2.308       2.006       2.336       2.218
20160706       2.075       1.751       2.062       2.124
20160707       1.886       1.556       1.748       1.850
20160708       1.709       1.430       1.557       1.698
20160709       1.489       1.300       1.552       1.724
20160710       1.419       1.226       1.300       1.457
20160711       1.387       1.865       1.468       1.617
20160712       1.322       1.795       2.177       1.993
20160713       1.313       1.385       1.726       1.339
20160714       1.352       2.621       1.496       1.216
20160715       1.288       2.903       3.057       2.050
20160716       1.197       2.150       1.908       1.206
20160717       1.117       2.056       2.143       1.086
20160718       1.048       1.663       1.998       1.046
20160719       0.974       1.438       1.662       0.958
20160720       0.926       1.326       1.456       0.893
20160721       0.879       1.222       1.318       0.853
20160722       0.869       1.208       1.821       1.249
20160723       1.278       2.756       1.193       0.817
20160724       1.500       1.885       3.525       2.026
20160725       2.170       2.739       2.344       1.643
20160726       4.874       6.037       2.958       1.940
20160727       5.341       3.805       4.627       4.834
20160728       5.572       4.847       4.192       4.827
20160729       5.337       3.724       4.329       5.157
20160730       5.483       5.249       4.063       5.075
20160731       5.234       4.448       4.497       5.224
