date          Qobs       Qsimobs        Qsim       Qusi
20150801       0.375       0.296       0.337       0.318
20150802       0.394       0.253       0.293       0.338
20150803       0.464       0.276       0.281       0.378
20150804       0.510       0.241       0.307       0.440
20150805       0.453       0.194       0.251       0.432
20150806       0.433       0.237       0.212       0.370
20150807       0.424       0.334       0.235       0.392
20150808       0.414       0.266       0.252       0.334
20150809       0.405       0.227       0.257       0.321
20150810       0.388       0.180       0.254       0.360
20150811       0.371       0.178       0.208       0.298
20150812       0.379       0.290       0.197       0.355
20150813       0.373       0.312       0.249       0.362
20150814       0.362       0.231       0.273       0.316
20150815       0.350       0.160       0.229       0.297
20150816       0.330       0.153       0.172       0.281
20150817       0.316       0.145       0.159       0.303
20150818       0.304       0.136       0.149       0.288
20150819       0.294       0.142       0.140       0.230
20150820       0.286       0.130       0.144       0.236
20150821       0.279       0.124       0.136       0.220
20150822       0.272       0.119       0.130       0.215
20150823       0.267       0.116       0.123       0.219
20150824       0.263       0.103       0.117       0.212
20150825       0.258       0.108       0.106       0.202
20150826       0.228       0.097       0.109       0.198
20150827       0.196       0.097       0.102       0.194
20150828       0.190       0.102       0.093       0.158
20150829       0.188       0.092       0.102       0.168
20150830       0.185       0.133       0.092       0.152
20150831       0.183       0.259       0.107       0.196
20150901       0.183       0.165       0.333       0.248
20150902       0.180       0.088       0.141       0.128
20150903       0.175       0.058       0.081       0.102
20150904       0.171       0.054       0.061       0.112
20150905       0.168       0.109       0.063       0.131
20150906       0.185       0.101       0.122       0.214
20150907       0.189       0.061       0.084       0.134
20150908       0.179       0.050       0.062       0.124
20150909       0.168       0.056       0.061       0.127
20150910       0.163       0.051       0.055       0.113
20150911       0.160       0.044       0.048       0.122
20150912       0.158       0.042       0.047       0.121
20150913       0.155       0.040       0.044       0.120
20150914       0.152       0.044       0.041       0.112
20150915       0.141       0.042       0.044       0.126
20150916       0.131       0.041       0.042       0.111
20150917       0.123       0.038       0.042       0.098
20150918       0.119       0.045       0.042       0.102
20150919       0.213       0.296       0.089       0.189
20150920       0.240       0.286       0.266       0.268
20150921       0.218       0.170       0.215       0.195
20150922       0.183       0.092       0.114       0.128
20150923       0.168       0.110       0.093       0.106
20150924       0.162       0.089       0.107       0.126
20150925       0.157       0.056       0.075       0.099
20150926       0.278       0.230       0.121       0.212
20150927       0.385       0.525       0.223       0.304
20150928       0.323       0.226       0.293       0.318
20150929       0.283       0.151       0.172       0.218
20150930       0.268       0.466       0.175       0.212
20151001       0.365       0.745       0.497       0.412
20151002       0.358       0.513       0.541       0.380
20151003       0.329       0.527       0.421       0.263
20151004       0.279       0.296       0.442       0.294
20151005       0.248       0.186       0.267       0.185
20151006       0.221       0.093       0.168       0.156
20151007       0.204       0.054       0.095       0.118
20151008       0.189       0.053       0.058       0.114
20151009       0.178       0.057       0.050       0.138
20151010       0.170       0.043       0.055       0.144
20151011       0.165       0.051       0.080       0.190
20151012       0.408       0.632       0.166       0.382
20151013       0.459       0.737       0.570       0.507
20151014       0.409       0.348       0.377       0.390
20151015       0.384       0.244       0.379       0.306
20151016       0.372       0.732       0.326       0.335
20151017       0.355       0.623       0.686       0.538
20151018       0.351       0.572       0.582       0.395
20151019       0.338       0.281       0.476       0.318
20151020       0.321       0.189       0.263       0.219
20151021       0.302       0.205       0.186       0.210
20151022       0.261       0.098       0.176       0.221
20151023       0.233       0.071       0.096       0.149
20151024       0.222       0.070       0.084       0.148
20151025       0.218       0.149       0.082       0.176
20151026       0.211       0.188       0.089       0.174
20151027       0.169       0.075       0.133       0.182
20151028       0.158       0.080       0.075       0.098
20151029       0.153       0.119       0.065       0.111
20151030       0.148       0.057       0.095       0.119
20151031       0.144       0.050       0.083       0.100
20151101       0.213       0.263       0.119       0.150
20151102       0.246       0.752   -9999.000   -9999.000
20151103       0.279       0.785       0.788       0.459
20151104       0.343       0.768       0.597       0.346
20151105       0.299       0.540       0.528       0.302
20151106       0.264       0.273       0.435       0.265
20151107       0.236       0.191       0.263       0.182
20151108       0.204       0.129       0.202       0.176
20151109       0.160       0.090       0.143       0.160
20151110       0.149       0.074       0.080       0.101
20151111       0.115       0.063       0.069       0.108
20151112       0.067       0.052       0.059       0.085
20151113       0.061       0.049       0.052       0.060
20151114       0.059       0.046       0.050       0.060
20151115       0.050       0.045       0.046       0.057
20151116       0.041       0.042       0.045       0.044
20151117       0.044       0.040       0.042       0.042
20151118       0.040       0.038       0.040       0.039
20151119       0.038       0.036       0.038       0.036
20151120       0.034       0.034       0.036       0.037
20151121       0.033       0.032       0.034       0.035
20151122       0.034       0.030       0.032       0.032
20151123       0.035       0.029       0.030       0.030
20151124       0.029       0.027       0.029       0.036
20151125       0.027       0.032       0.027       0.028
20151126       0.026       0.025       0.026       0.028
20151127       0.028       0.330       0.025       0.024
20151128       0.027       0.143       0.162       0.042
20151129       0.025       0.077       0.147       0.016
20151130       0.024       0.065       0.074       0.018
20151201       0.023       0.041       0.038       0.015
20151202       0.023       0.048       0.029       0.019
20151203       0.023       0.068       0.044       0.028
20151204       0.023       0.534       0.052       0.030
20151205       0.022       0.395       0.184       0.030
20151206       0.022       0.406       0.237       0.032
20151207       0.023       0.463       0.280       0.019
20151208       0.023       0.507       0.350       0.040
20151209       0.031       0.210       0.300       0.034
20151210       0.033       0.417       0.215       0.017
20151211       0.031       0.161       0.382       0.041
20151212       0.027       0.089       0.161       0.014
20151213       0.023       0.049       0.089       0.021
20151214       0.022       0.039       0.049       0.015
20151215       0.022       0.037       0.039       0.019
20151216       0.021       0.035       0.037       0.022
20151217       0.020       0.033       0.035       0.021
20151218       0.026       0.031       0.033       0.023
20151219       0.034       0.031       0.031       0.023
20151220       0.061       0.083       0.076       0.052
20151221       0.265       0.307   -9999.000   -9999.000
20151222       0.212       0.192   -9999.000   -9999.000
20151223       0.158       0.088       0.173       0.173
20151224       0.123       0.072       0.128       0.124
20151225       0.134       0.239       0.062       0.079
20151226       0.123       0.108       0.158       0.149
20151227       0.109       0.051       0.098       0.068
20151228       0.093       0.038       0.051       0.060
20151229       0.087       0.036       0.042       0.067
20151230       0.083       0.034       0.044       0.078
20151231       0.079       0.036       0.039       0.076
20160101       0.079       0.097       0.036       0.067
20160102       0.074       0.180       0.059       0.077
20160103       0.076       0.066       0.121       0.080
20160104       0.070       0.041       0.066       0.046
20160105       0.118       0.035       0.041       0.040
20160106       0.070       0.033       0.035       0.035
20160107       0.108       0.031       0.033       0.033
20160108       0.119       0.029       0.031       0.031
20160109       0.116       0.028       0.029       0.029
20160110       0.243       0.026       0.028       0.028
20160111       0.266       0.025       0.026       0.026
20160112       0.161       0.023       0.025       0.025
20160113       0.202       0.022       0.023       0.023
20160114       0.881       0.021       0.022       0.022
20160115       0.329       0.020       0.021       0.021
20160116       0.060       0.019       0.020       0.020
20160117       0.039       0.018       0.019       0.019
20160118       0.028       0.017       0.018       0.018
20160119       0.024       0.016       0.017       0.017
20160120       0.019       0.015       0.016       0.016
20160121       0.021       0.014       0.015       0.015
20160122       0.021       0.013       0.014       0.014
20160123       0.018       0.024       0.013       0.013
20160124       0.014       0.013       0.014       0.016
20160125       0.026       0.012       0.013       0.013
20160126       0.041       0.012       0.012       0.012
20160127       0.044       0.011       0.012       0.012
20160128       0.041       0.016       0.011       0.011
20160129       0.040       0.011       0.011       0.011
20160130       0.039       0.010       0.011       0.011
20160131       0.038       0.010       0.010       0.010
20160201       0.041       0.013       0.010       0.010
20160202       0.040       0.009       0.016       0.015
20160203       0.038       0.009       0.009       0.009
20160204       0.037       0.008       0.009       0.009
20160205       0.037       0.008       0.008       0.008
20160206       0.036       0.007       0.008       0.008
20160207       0.036       0.007       0.007       0.007
20160208       0.036       0.007       0.007       0.007
20160209       0.036       0.006       0.007       0.007
20160210       0.035       0.006       0.006       0.006
20160211       0.035       0.006       0.006       0.006
20160212       0.035       0.005       0.006       0.006
20160213       0.035       0.005       0.005       0.005
20160214       0.034       0.005       0.005       0.005
20160215       0.034       0.004       0.005       0.005
20160216       0.034       0.004       0.004       0.004
20160217       0.034       0.004       0.004       0.004
20160218       0.033       0.020       0.004       0.004
20160219       0.033       0.009       0.005       0.007
20160220       0.033       0.005       0.005       0.005
20160221       0.032       0.010       0.005       0.005
20160222       0.032       0.038       0.004       0.005
20160223       0.032       0.010       0.019       0.020
20160224       0.032       0.007       0.009       0.009
20160225       0.031       0.007       0.007       0.007
20160226       0.031       0.006       0.007       0.007
20160227       0.031       0.006       0.006       0.006
20160228       0.031       0.006       0.006       0.006
20160229       0.030       0.005       0.006       0.006
20160301       0.030       0.005       0.005       0.006
20160302       0.030       0.004       0.005       0.005
20160303       0.030       0.004       0.005       0.005
20160304       0.029       0.004       0.004       0.006
20160305       0.029       0.004       0.004       0.004
20160306       0.029       0.003       0.004       0.004
20160307       0.029       0.003       0.003       0.008
20160308       0.029       0.003       0.003       0.003
20160309       0.028       0.003       0.003       0.003
20160310       0.028       0.003       0.003       0.003
20160311       0.028       0.003       0.003       0.003
20160312       0.029       0.003       0.005       0.005
20160313       0.030       0.003       0.006       0.007
20160314       0.032       0.026       0.006       0.009
20160315       0.061       0.053       0.034       0.034
20160316       0.099       0.130       0.068       0.074
20160317       0.071       0.034       0.040       0.040
20160318       0.055       0.014       0.030       0.030
20160319       0.049       0.009       0.014       0.014
20160320       0.045       0.009       0.009       0.009
20160321       0.043       0.008       0.009       0.009
20160322       0.041       0.008       0.008       0.008
20160323   -9999.000   -9999.000       0.008       0.008
20160324       0.039       0.007   -9999.000   -9999.000
20160325       0.038       0.006   -9999.000   -9999.000
20160326       0.037       0.006   -9999.000   -9999.000
20160327       0.042       0.032       0.010       0.010
20160328       0.059       0.094       0.043       0.051
20160329       0.066       0.198       0.098       0.092
20160330       0.073       0.286       0.173       0.190
20160331       0.059       0.187       0.199       0.254
20160401       0.052       0.081       0.155       0.162
20160402       0.048       0.045       0.081       0.081
20160403       0.045       0.039       0.048       0.056
20160404       0.029       0.043       0.037       0.042
20160405       0.010       0.067       0.036       0.042
20160406       0.009       0.043       0.050       0.064
20160407       0.009       0.026       0.040       0.054
20160408       0.009       0.019       0.024       0.032
20160409       0.009       0.018       0.019       0.019
20160410       0.009       0.058       0.018       0.021
20160411       0.009       0.045       0.037       0.052
20160412       0.009       0.029       0.032       0.038
20160413       0.008       0.020       0.024       0.024
20160414       0.008       0.019       0.020       0.020
20160415       0.008       0.018       0.019       0.019
20160416       0.008       0.022       0.018       0.018
20160417       0.008       0.017       0.018       0.020
20160418       0.008       0.025       0.017       0.017
20160419       0.008       0.022       0.020       0.025
20160420       0.008       0.028       0.017       0.017
20160421       0.008       0.024       0.020       0.022
20160422       0.008       0.025       0.021       0.010
20160423       0.008       0.017       0.020       0.008
20160424       0.008       0.018       0.017       0.007
20160425       0.008       0.017       0.017       0.009
20160426       0.008       0.037       0.016       0.009
20160427       0.012       0.067       0.037       0.018
20160428       0.021       0.188       0.114       0.031
20160429       0.048       0.269       0.194       0.038
20160430       0.072       0.327       0.262       0.064
20160501       0.070       0.328       0.296       0.099
20160502       0.083       0.379       0.315       0.097
20160503       0.116       0.405       0.340       0.105
20160504       0.176       0.426       0.392       0.162
20160505       0.168       0.303       0.387       0.211
20160506       0.200       0.345       0.329       0.177
20160507       0.361       0.292       0.338       0.213
20160508       0.331       0.300       0.314       0.311
20160509       0.251       0.301       0.292       0.345
20160510       0.190       0.217       0.281       0.246
20160511       0.131       0.123       0.214       0.161
20160512       0.108       0.107       0.132       0.097
20160513       0.095       0.092       0.093       0.088
20160514       0.083       0.121       0.086       0.076
20160515       0.090       0.136       0.104       0.097
20160516       0.102       0.127       0.126       0.105
20160517       0.088       0.132       0.120       0.105
20160518       0.074       0.084       0.111       0.086
20160519       0.063       0.068       0.078       0.065
20160520       0.061       0.076       0.067       0.057
20160521       0.107       0.178       0.111       0.094
20160522       0.270       0.341       0.200       0.157
20160523       0.422       0.415       0.316       0.362
20160524       0.324       0.344       0.373       0.399
20160525       0.384       0.345       0.321       0.296
20160526       0.324       0.253       0.273       0.277
20160527       0.335       0.277       0.268       0.288
20160528       0.490       0.396       0.310       0.344
20160529       0.875       0.467       0.406       0.416
20160530       1.223       0.562       0.472       0.654
20160531       0.883       0.524       0.570       0.954
20160601       0.623       0.410       0.512       0.678
20160602       0.375       0.290       0.383       0.510
20160603       0.378       0.347       0.313       0.289
20160604       0.267       0.270       0.328       0.397
20160605       0.153       0.182       0.227       0.205
20160606       0.133       0.131       0.166       0.108
20160607       0.525       0.299       0.164       0.132
20160608       0.290       0.597       0.253       0.540
20160609       0.174       0.269       0.371       0.292
20160610       0.150       0.179       0.251       0.136
20160611       0.173       0.174       0.180       0.102
20160612       0.179       0.200       0.165       0.141
20160613       0.186       0.172       0.182       0.184
20160614       0.235       0.177       0.186       0.185
20160615       0.235       0.194       0.219       0.266
20160616       0.268       0.221       0.186       0.217
20160617       0.346       0.328       0.257       0.284
20160618       0.539       0.268       0.296       0.338
20160619       0.351       0.299       0.270       0.356
20160620       0.362       0.388       0.307       0.341
20160621       0.439       0.352       0.346       0.371
20160622       0.537       0.288       0.373       0.342
20160623       0.489       0.242       0.283       0.415
20160624       0.621       0.294       0.351       0.524
20160625       0.333       0.225       0.280       0.538
20160626       0.295       0.233       0.229       0.279
20160627       0.657       0.249       0.227       0.282
20160628       0.552       0.354       0.293       0.558
20160629       0.433       0.310       0.320       0.553
20160630       0.415       0.258       0.307       0.350
20160701       0.422       0.286       0.296       0.380
20160702       0.388       0.264       0.290       0.348
20160703       0.313       0.365       0.283       0.340
20160704       0.246       0.279       0.310       0.302
20160705       0.230       0.210       0.265       0.211
20160706       0.363       0.458       0.362       0.274
20160707       0.278       0.325       0.441       0.473
20160708       0.229       0.226       0.319       0.258
20160709       0.213       0.168       0.215       0.169
20160710       0.287       0.157       0.167       0.166
20160711       0.453       0.196       0.170       0.244
20160712       0.271       0.148       0.197       0.430
20160713       0.237       0.168       0.166       0.262
20160714       0.216       0.131       0.159       0.234
20160715       0.171       0.112       0.164       0.222
20160716       0.214       0.111       0.110       0.142
20160717       0.841       0.550       0.239       0.284
20160718       0.399       0.316       0.439       0.919
20160719       0.272       0.267       0.324       0.352
20160720       0.199       0.175       0.218       0.194
20160721       0.162       0.118       0.170       0.139
20160722       0.168       0.118       0.130       0.118
20160723       0.156       0.128       0.128       0.149
20160724       0.141       0.133       0.128       0.144
20160725       0.128       0.167       0.128       0.125
20160726       0.139       0.108       0.126       0.110
20160727       0.147       0.271       0.135       0.142
20160728       0.122       0.241       0.283       0.219
20160729       0.120       0.138       0.211       0.114
20160730       0.107       0.101       0.133       0.084
20160731       0.103       0.102       0.100       0.080
