date          Qobs       Qsimobs        Qsim       Qusi
20150801      27.675      29.448      39.125      41.573
20150802      23.551      25.201      29.626      24.253
20150803      25.186      31.502      25.890      22.241
20150804      21.123      23.957      30.839      26.447
20150805      30.915      28.799      25.958      21.452
20150806      36.150      31.586      27.673      25.735
20150807      23.880      25.346      30.528      41.427
20150808      24.071      29.070      24.473      22.852
20150809      19.849      26.200      25.880      24.343
20150810      19.046      22.528      26.318      21.527
20150811      22.207      25.147      23.624      19.571
20150812      31.814      29.199      22.961      20.020
20150813      21.693      25.569      25.056      29.456
20150814      16.135      21.294      24.133      21.637
20150815      14.812      17.609      22.059      16.118
20150816      23.516      21.617      18.824      13.082
20150817      21.317      18.730      21.201      23.590
20150818      15.087      18.031      19.664      23.815
20150819      12.562      17.491      18.781      17.343
20150820      11.118      17.826      18.225      13.843
20150821       9.951      17.804      18.256      12.479
20150822       9.493      17.600      18.038      11.053
20150823       8.678      16.176      18.063       9.473
20150824       8.125      16.794      16.920       8.773
20150825       9.087      15.906      16.713       8.160
20150826       9.997      14.975      16.053       8.590
20150827      13.817      14.800      14.770       9.288
20150828      20.541      14.600      13.896      11.332
20150829      15.218      18.630      13.336      15.876
20150830      11.565      30.132      16.239      17.986
20150831      10.682      29.296      23.317      13.822
20150901       7.871      18.662      25.468      12.028
20150902       5.092      12.623      17.831       6.887
20150903       3.982      10.587      12.867       4.326
20150904       3.259       9.256      10.595       3.748
20150905       3.239      10.515       9.491       3.782
20150906       3.677       9.807      10.198       3.602
20150907       3.581       8.034       9.330       3.664
20150908       3.153       6.761       8.288       4.142
20150909       2.745       5.883       7.055       2.873
20150910       2.630       5.288       6.481       2.710
20150911       2.520       4.748       5.603       2.455
20150912       2.650       4.808       4.949       2.303
20150913       2.999       5.473       4.843       2.344
20150914       4.070       6.379       5.013       3.229
20150915       4.367       6.285       5.082       3.678
20150916       4.519       6.833       6.547       4.655
20150917       4.275       6.415       6.880       5.194
20150918       7.463       6.896       7.129       5.294
20150919       6.444       8.036       6.664       4.462
20150920       6.112       9.033      10.059       9.898
20150921       4.727       6.330       7.802       5.964
20150922       3.722       5.066       5.749       4.444
20150923       3.098       5.076       5.022       3.695
20150924       2.906      10.168       5.063       3.664
20150925       2.790       6.576       8.461       3.590
20150926       4.132      10.209       7.160       3.114
20150927       5.134      13.062       9.227       4.634
20150928       4.208       8.263      11.250       5.752
20150929       3.633       9.145       8.372       4.469
20150930      12.609      19.294       9.822       4.474
20151001      24.491      28.493      16.692      10.565
20151002      46.616      40.236      21.096      18.596
20151003      25.632      26.520      33.015      26.380
20151004      18.121      18.938      23.820      28.758
20151005      11.563      15.953      18.449      14.960
20151006       6.951      13.089      15.653      12.881
20151007       5.790      11.460      13.095       7.765
20151008       4.798      10.471      11.295       5.585
20151009       3.903       9.317      10.206       4.585
20151010       4.162       8.096       9.344       3.183
20151011       4.620      10.151       8.568       5.290
20151012       6.510      10.812       9.637       4.794
20151013       7.720      11.751      10.248       6.752
20151014      10.437      16.894      11.703       8.159
20151015      14.958      17.631      15.159      12.131
20151016      22.542      47.167      17.437      11.391
20151017      16.223      29.821      37.917      39.526
20151018      11.414      31.060      26.472      16.178
20151019       7.875      19.318      25.566      10.916
20151020       6.177      15.461      18.556       8.041
20151021       5.362      15.626      15.531       7.057
20151022       5.317      14.512      15.722       6.490
20151023       7.928      18.506      14.400       6.156
20151024       6.855      13.334      17.252       7.878
20151025       7.667      22.980      13.349       7.678
20151026       5.844      16.503      18.719       8.099
20151027       4.170      13.319      15.994       6.992
20151028       4.213      11.243      13.319       4.358
20151029       4.766       9.487      11.243       3.726
20151030       4.807       8.003       9.728       4.191
20151031       5.477       6.749       9.880       5.070
20151101      19.184      24.514       9.466       6.617
20151102      17.249      26.300   -9999.000   -9999.000
20151103      19.372      34.981      23.679      17.801
20151104      26.191      50.966      31.546      25.310
20151105      14.319      21.632      40.624      25.323
20151106       8.623      17.676      21.253      10.797
20151107       7.497      15.809      17.878       8.378
20151108       6.067      13.551      15.961       9.408
20151109       4.268      11.808      13.514       7.417
20151110       3.967      13.867      11.657       4.565
20151111       4.265      11.072      12.812       4.445
20151112       2.642       9.269      10.912       4.021
20151113       2.770       7.858       9.205       2.624
20151114       3.181       6.731       7.858       2.713
20151115       3.809       5.724       6.710       3.049
20151116       4.850       4.896       5.724       3.088
20151117       5.590       4.362       4.896       3.793
20151118       5.713       4.141       4.258       4.506
20151119       6.226       3.975       4.087       4.825
20151120       6.539       3.815       3.975       5.922
20151121       7.928       3.662       3.815       3.815
20151122       8.968       3.514       3.662       3.662
20151123       8.816       3.373       3.514       3.514
20151124       7.033       3.238       3.373       3.373
20151125       5.959       3.191       3.238       3.238
20151126       3.929       3.005       3.150       3.389
20151127       3.097       3.154       3.025       3.107
20151128       2.646       2.933       2.985       3.030
20151129       2.323       2.728       2.880       2.911
20151130       2.176       2.620       2.726       2.783
20151201       2.098       2.515       2.617       2.617
20151202       2.058       2.413       2.512       2.512
20151203       1.859       2.318       2.413       2.413
20151204       2.022       3.766       2.316       2.317
20151205       1.971       2.776       8.122       4.266
20151206       1.928       2.903       2.767       2.835
20151207       1.861       2.693       2.742       2.817
20151208       1.989       2.651       2.626       2.640
20151209       1.905       2.435       2.559       2.931
20151210       2.249       3.191       2.406       2.433
20151211       2.292       2.961       2.864       2.751
20151212       2.110       3.065       2.751       2.757
20151213       1.977       2.528       2.831       2.868
20151214       1.882       2.291       2.528       2.528
20151215       1.815       2.085       2.291       2.291
20151216       1.882       1.954       2.085       2.085
20151217       1.851       1.788       1.904       1.904
20151218       1.843       1.613       1.801       1.822
20151219       1.709       1.612       1.612       1.660
20151220       2.451       2.561       2.591       2.351
20151221       4.517       8.426   -9999.000   -9999.000
20151222       4.439       6.819   -9999.000   -9999.000
20151223       3.934       4.393       6.045       5.579
20151224       3.656       4.294       4.488       4.976
20151225       3.172      14.432       4.027       4.095
20151226       2.855       6.982      10.134       8.534
20151227       2.656       5.819       6.982       6.982
20151228       2.977       4.838       5.819       5.819
20151229       2.890       4.012       4.838       4.838
20151230       2.352       3.284       4.012       4.012
20151231       2.318       3.087       3.284       3.284
20160101       2.145       6.070       2.925       2.935
20160102       1.925       6.975       4.549       4.533
20160103       1.719       4.922       5.896       5.896
20160104       1.592       4.063       4.922       4.922
20160105       1.640       3.435       4.063       4.063
20160106       1.721       2.880       3.435       3.435
20160107       1.722       2.462       2.880       2.880
20160108       2.025       2.191       2.462       2.462
20160109       2.183       1.997       2.191       2.191
20160110       2.204       1.825       1.997       1.997
20160111       2.256       1.752       1.825       1.825
20160112       2.536       1.681       1.752       1.752
20160113       2.772       1.614       1.681       1.681
20160114       2.755       1.549       1.614       1.614
20160115       2.237       1.486       1.549       1.549
20160116       2.359       1.427       1.486       1.486
20160117       2.293       1.369       1.427       1.427
20160118       2.369       1.314       1.369       1.369
20160119       2.552       1.261       1.314       1.314
20160120       2.753       1.211       1.261       1.261
20160121       2.911       1.162       1.211       1.211
20160122       3.603       1.115       1.162       1.162
20160123       3.941       1.071       1.115       1.115
20160124       3.465       1.028       1.071       1.071
20160125       2.787       0.986       1.028       1.028
20160126       2.757       0.947       0.986       0.986
20160127       2.760       0.909       0.947       0.947
20160128       2.477       0.872       0.909       0.908
20160129       2.307       0.837       0.872       0.872
20160130       2.184       0.811       0.837       0.837
20160131       2.180       0.793       0.806       0.807
20160201       2.175       0.751       0.777       0.780
20160202       2.063       0.721       0.751       0.751
20160203       1.949       0.692       0.721       0.721
20160204       1.855       0.664       0.692       0.692
20160205       1.802       0.637       0.664       0.664
20160206       1.699       0.612       0.637       0.637
20160207       1.640       0.587       0.612       0.612
20160208       1.603       0.563       0.587       0.587
20160209       1.538       0.604       0.563       0.563
20160210       1.465       0.531       0.553       0.553
20160211       1.424       0.510       0.531       0.531
20160212       1.419       0.489       0.510       0.510
20160213       1.360       0.470       0.489       0.489
20160214       1.289       0.451       0.470       0.470
20160215       1.210       0.433       0.451       0.451
20160216       1.191       0.415       0.433       0.433
20160217       1.137       0.399       0.415       0.415
20160218       1.104       0.511       0.398       0.398
20160219       1.037       0.392       0.408       0.409
20160220       0.993       0.376       0.392       0.392
20160221       0.969       0.361       0.376       0.376
20160222       0.959       0.347       0.361       0.361
20160223       0.915       0.333       0.347       0.347
20160224       0.877       0.319       0.333       0.333
20160225       0.853       0.307       0.319       0.319
20160226       0.833       0.294       0.307       0.307
20160227       0.789       0.282       0.294       0.294
20160228       0.771       0.271       0.282       0.282
20160229       0.751       0.260       0.271       0.271
20160301       0.721       0.250       0.260       0.260
20160302       0.685       0.240       0.250       0.250
20160303       0.681       0.230       0.240       0.240
20160304       0.663       0.221       0.230       0.230
20160305       0.638       0.212       0.221       0.221
20160306       0.621       0.203       0.212       0.212
20160307       0.601       0.195       0.203       0.203
20160308       0.583       0.187       0.195       0.195
20160309       0.561       0.180       0.187       0.187
20160310       0.539       0.173       0.180       0.180
20160311       0.529       0.166       0.173       0.173
20160312       0.542       0.159       0.166       0.172
20160313       0.531       0.153       0.159       0.159
20160314       0.546       0.147       0.153       0.153
20160315       0.939       0.606       0.405       1.180
20160316       4.153       1.087       0.685       1.323
20160317       9.020       2.006       0.856       2.322
20160318       9.132       1.159       1.687       1.868
20160319       7.639       0.948       1.159       7.165
20160320       5.436       0.770       0.948       6.312
20160321       4.187       0.621       0.770       4.446
20160322       3.620       0.621       0.621       3.492
20160323   -9999.000   -9999.000       0.497       2.874
20160324       2.340       0.231   -9999.000   -9999.000
20160325       2.111       0.222   -9999.000   -9999.000
20160326       1.915       0.213   -9999.000   -9999.000
20160327       1.645       1.195       0.220       2.454
20160328       1.739       4.114       0.965       3.955
20160329       2.112       8.082       2.655       2.947
20160330       2.995      10.137       5.482       3.286
20160331       2.795       5.980       7.361       3.034
20160401       2.179       4.814       5.917       2.654
20160402       1.702       3.874       4.814       2.092
20160403       1.479       3.753       3.874       1.647
20160404       1.512       3.355       3.557       1.786
20160405       1.553       3.101       3.152       1.422
20160406       1.542       3.435       2.919       1.364
20160407       1.468       2.993       3.070       1.653
20160408       1.413       2.342       2.826       1.459
20160409       1.405       1.954       2.371       1.216
20160410       1.432       1.791       1.944       1.254
20160411       1.306       1.678       1.743       1.326
20160412       1.253       1.659       1.601       1.149
20160413       1.195       1.390       1.572       1.155
20160414       1.103       1.235       1.399       1.096
20160415       1.130       1.101       1.243       0.946
20160416       1.053       1.339       1.101       1.192
20160417       1.002       1.065       1.196       1.073
20160418       1.011       1.130       1.065       0.846
20160419       1.006       1.355       1.068       0.948
20160420       0.976       1.186       1.178       1.071
20160421       0.991       1.832       1.137       0.958
20160422       1.010       1.757       1.461       1.103
20160423       0.945       1.327       1.570       0.987
20160424       0.876       1.177       1.327       0.881
20160425       0.856       1.048       1.177       0.738
20160426       0.815       0.992       1.048       0.560
20160427       0.855       1.342       0.973       0.803
20160428       1.482       2.801       1.518       1.714
20160429       4.614       5.114       2.396       1.644
20160430       7.609       9.810       4.490       3.639
20160501       6.916      12.577       7.718      11.331
20160502       6.782      17.687      10.343       8.649
20160503       6.738      25.919      14.800       8.218
20160504       9.528      36.033      22.340      10.011
20160505      11.279      26.112      26.278      11.514
20160506      13.753      32.712      25.623      11.419
20160507      15.860      31.249      29.256      14.782
20160508      19.365      36.977      30.012      18.037
20160509      18.678      30.258      28.133      17.664
20160510      14.426      23.565      25.344      19.701
20160511      10.813      15.603      20.190      13.244
20160512       9.232      18.973      16.712      10.052
20160513       8.307      13.938      15.652       9.622
20160514       7.628      12.862      13.783       8.207
20160515       7.393      12.452      12.372       7.686
20160516       7.561      12.288      11.670       7.213
20160517       6.830      14.258      11.384       7.986
20160518       5.992      10.039      11.945       6.732
20160519       5.239       8.500       9.919       5.418
20160520       4.857       7.477       8.437       4.694
20160521       8.014      21.991       9.147       6.385
20160522      15.496      21.973      17.825       9.402
20160523      26.694      60.380      22.400      17.902
20160524      24.227      40.063      41.965      35.734
20160525      21.989      34.724      34.469      23.922
20160526      21.607      27.637      30.093      22.023
20160527      24.716      38.224      28.557      20.014
20160528      28.688      53.562      37.342      28.812
20160529      33.230      66.439      49.606      33.734
20160530      38.396      73.617      60.348      37.704
20160531      39.844      75.200      66.424      40.230
20160601      42.109      72.094      70.765      48.599
20160602      41.560      64.970      65.882      40.234
20160603      31.797      58.803      58.519      46.346
20160604      22.689      32.866      47.604      32.844
20160605      16.251      23.288      30.149      18.221
20160606      14.890      19.879      21.818      13.271
20160607      18.898      29.867      20.798      14.913
20160608      21.783      25.990      23.333      18.351
20160609      16.866      18.019      21.942      20.681
20160610      14.316      15.823      17.353      15.881
20160611      13.715      21.673      16.245      15.046
20160612      15.719      24.178      19.348      16.973
20160613      14.892      22.171      21.109      17.673
20160614      14.262      20.135      18.768      14.848
20160615      13.252      15.776      17.101      12.669
20160616      15.170      26.367      18.735      15.090
20160617      21.509      32.000      27.375      20.999
20160618      31.043      42.213      32.054      24.441
20160619      39.530      45.292      37.781      36.742
20160620      33.706      35.926      37.927      36.897
20160621      25.126      24.506      33.317      31.056
20160622      28.305      32.813      26.178      22.466
20160623      28.549      30.470      28.741      28.488
20160624      33.457      52.364      31.816      28.717
20160625      28.528      35.383      43.456      36.575
20160626      24.404      35.503      34.585      28.083
20160627      36.253      43.185      37.623      27.303
20160628      44.834      43.595      41.566      31.957
20160629      29.959      32.295      40.028      47.844
20160630      24.847      32.281      32.421      28.742
20160701      32.517      39.637      33.465      25.514
20160702      30.183      38.045      37.924      34.335
20160703      32.200      39.221      39.289      33.874
20160704      22.209      28.187      34.145      31.263
20160705      15.553      23.737      27.113      22.922
20160706      12.545      21.525      24.403      18.561
20160707      12.831      17.806      19.642      11.630
20160708      10.370      15.944      17.332      12.901
20160709       9.207      17.101      16.072      11.632
20160710       8.998      15.817      16.206      10.133
20160711       9.206      15.607      15.777       9.784
20160712      11.320      22.203      18.233      10.930
20160713      11.467      22.623      21.893      14.761
20160714      10.435      18.037      21.253      13.886
20160715       7.764      13.685      17.075      10.389
20160716       8.380      16.325      14.379       7.802
20160717       9.306      15.881      15.527       7.805
20160718       8.138      19.326      15.374      11.626
20160719       6.730      13.777      15.992       8.172
20160720       5.430      13.444      13.450       6.057
20160721       5.492      14.835      13.891       5.585
20160722       7.336      19.441      16.369       5.564
20160723       7.514      19.458      19.036       8.779
20160724       6.547      18.937      19.542       9.816
20160725       5.712      16.080      18.245       7.723
20160726       5.099      15.897      16.355       6.736
20160727       8.594      16.861      16.523       6.482
20160728       6.491      13.399      15.593       7.120
20160729       9.535      15.496      14.079       7.723
20160730       9.542      12.369      14.022       6.974
20160731       6.546      13.875      12.842      11.710
