date          Qobs       Qsimobs        Qsim       Qusi
20150801      10.203      13.820     255.977      46.102
20150802       9.657      13.091      14.618      10.555
20150803       9.282      13.248      14.551      10.666
20150804       8.807      11.720      13.143       9.089
20150805      14.589      21.555      13.279       9.149
20150806      15.666      16.049      16.778      13.659
20150807      13.096      14.717      15.760      15.019
20150808      16.392      18.915      15.231      13.312
20150809      14.460      15.427      16.815      16.209
20150810      12.882      13.948      15.395      13.845
20150811      11.917      13.057      14.393      12.558
20150812      11.295      12.373      13.491      11.564
20150813      10.455      12.290      12.580      11.168
20150814       9.701      11.269      11.896      10.185
20150815       8.965      10.605      11.266       9.260
20150816       8.263       9.987      10.605       8.447
20150817       7.766       9.430       9.987       7.764
20150818       7.346       8.878       9.423       7.317
20150819       7.051       8.405       8.876       6.964
20150820       6.653       8.033       8.414       6.631
20150821       6.289       7.714       8.028       6.428
20150822       5.931       7.460       7.714       6.021
20150823       5.516       7.208       7.460       5.828
20150824       5.218       7.002       7.208       5.441
20150825       5.057       6.863       6.999       5.152
20150826       5.559       8.673       7.253       5.473
20150827       7.188       8.362       7.384       5.180
20150828      12.851      12.971       9.114       7.498
20150829      10.744       9.112       9.976      11.818
20150830       8.706       8.413       9.114      10.328
20150831       7.574       7.387       8.409       8.143
20150901       6.892       7.064       7.927       7.271
20150902       6.707       6.846       7.409       6.628
20150903       9.727      12.463       7.960       7.392
20150904       9.152       8.723       9.232       9.175
20150905      11.877      13.249      10.835      10.692
20150906      11.020      10.781      11.198      11.976
20150907       9.714      29.523      10.471      10.487
20150908       8.954      27.517       9.837       9.328
20150909       8.197       8.521       9.116       8.543
20150910       7.505       7.997      25.740       8.514
20150911       7.099       7.458      23.976       7.899
20150912       6.958       7.074       7.458       6.745
20150913       7.121       7.617       7.170       6.789
20150914       7.074       7.236       7.336       7.042
20150915       7.001       6.953       6.779       6.709
20150916       7.842       9.293       7.983       7.849
20150917       8.533       7.992       8.598       8.165
20150918      12.410      17.432      10.923      10.920
20150919      11.037      11.763      12.665      12.994
20150920       9.869      10.923      11.717      10.472
20150921      10.208      11.266      11.083       9.543
20150922      10.037      11.280      11.635      10.561
20150923      12.851      15.520      12.752      11.131
20150924      11.719      12.346      12.852      12.852
20150925      11.691      14.327      13.537      12.172
20150926      11.188      12.880      13.137      11.381
20150927      10.034      11.810      12.566      10.705
20150928       9.323      11.827      11.788       9.472
20150929       8.879      11.108      11.056       8.868
20150930       8.631       6.587      10.387       8.247
20151001       8.137       6.439      10.445       8.194
20151002       7.775       6.275       9.890       7.957
20151003       7.562       6.494       6.341       7.614
20151004       7.358       8.309       6.262       7.218
20151005       7.098       7.872       6.143       7.156
20151006       6.878       7.520       6.009       6.960
20151007       6.636       7.008       7.483       6.475
20151008       6.378       6.769       7.062       6.281
20151009       6.324       7.287       6.849       6.401
20151010       6.467       7.117       7.101       6.419
20151011       6.399       6.812       6.982       6.395
20151012       6.156      23.919       6.798       6.239
20151013       5.979       6.468       6.600       6.044
20151014       5.619       6.368       6.460       5.931
20151015       5.407       6.234      20.803       5.907
20151016       5.232       6.102       6.200       5.261
20151017       5.020       5.973       6.109       5.081
20151018       4.886       5.848       5.980       4.945
20151019       4.799       5.794       5.852       4.871
20151020       4.658       5.671       5.740       4.798
20151021       4.561       5.540       5.630       4.584
20151022       4.572       6.126       5.741       4.671
20151023       4.920       6.127       5.889       4.716
20151024       4.659       5.819       5.973       4.873
20151025       4.824       7.220       6.065       4.797
20151026       4.603       5.903       6.638       4.717
20151027       4.311       5.731       5.910       4.415
20151028       4.105       5.560       5.736       4.260
20151029       3.983       5.409       5.563       4.042
20151030       3.801       5.296       5.414       3.943
20151031       3.722       5.295       5.332       3.966
20151101       3.755       5.372       5.261       3.852
20151102       3.640       5.142   -9999.000   -9999.000
20151103       3.591       5.035       5.120       3.579
20151104       3.607       5.025       5.035       3.500
20151105       3.476       4.918       4.929       3.621
20151106       3.412       4.818       4.833       3.402
20151107       3.840       6.442       5.498       3.940
20151108       4.337       7.345       5.938       3.748
20151109       4.223       6.755       5.701       4.572
20151110       4.143       6.060       6.515       4.394
20151111       3.731       5.525       5.942       3.982
20151112       3.568       5.225       5.829       3.748
20151113       3.381       5.275       5.245       3.454
20151114       3.270       5.052       5.246       3.434
20151115       3.280       4.890       5.088       3.344
20151116       3.260       4.779       4.870       3.340
20151117       3.244       5.120       5.253       3.533
20151118       3.222       4.601       4.693       2.960
20151119       3.040       4.484       4.583       3.187
20151120       2.706       4.391       4.484       3.086
20151121       2.421       4.309       4.391       2.683
20151122       2.796       4.211       4.300       2.405
20151123       3.618       4.134       4.390       2.680
20151124       3.514       4.115       4.207       3.446
20151125       3.307       3.960       4.056       3.520
20151126       2.902       3.872       3.979       3.330
20151127       3.000       3.862       4.007       2.977
20151128       3.362       8.427       4.186       3.202
20151129       3.333       6.825       6.994       4.431
20151130       3.135       5.710       6.320       2.805
20151201       3.164       5.178       5.609       2.884
20151202       4.940       4.676       5.201       2.621
20151203       4.211       4.447       4.695       4.384
20151204       4.075       4.765       4.563       4.361
20151205       4.324       4.703       4.658       4.001
20151206       3.405       5.859       4.254       4.082
20151207       3.099       5.880       5.090       3.846
20151208       3.077       4.933       5.341       3.332
20151209       3.173       6.749       5.158       3.059
20151210       2.973       5.785       6.030       3.534
20151211       2.753       5.396       5.682       2.836
20151212       2.697       4.950       5.408       2.734
20151213       3.218       4.704       4.963       2.450
20151214       3.304       4.479       4.708       3.162
20151215       5.724       4.328       4.492       3.014
20151216       8.252       4.217       4.328       5.044
20151217       9.740       4.242       4.318       7.998
20151218       9.778       4.591       4.314       9.186
20151219       6.962       4.230       4.206       9.236
20151220       3.793       4.139       4.580       8.011
20151221       4.561       9.887   -9999.000   -9999.000
20151222       4.300       8.508   -9999.000   -9999.000
20151223       3.905       7.684       8.226       4.626
20151224       3.744       6.698       7.348       3.739
20151225       3.756       9.914       7.065       3.754
20151226       3.342       8.282       8.565       4.234
20151227       3.408       7.357       8.013       3.149
20151228       5.532       6.789       7.390       3.072
20151229       7.833       6.281       6.794       4.946
20151230       6.384       5.922       6.264       6.992
20151231       3.692       5.668       5.839       6.114
20160101       2.843       5.368       5.618       3.708
20160102       2.689       5.041       5.393       2.840
20160103       2.549       4.870       4.973       2.597
20160104       3.703       4.612       4.754       2.441
20160105       7.138       4.581       4.608       3.266
20160106       8.905       4.402       4.491       4.491
20160107      10.726       4.330       4.399       4.399
20160108      13.563       4.234       4.309       4.309
20160109      17.548       4.159       4.222       4.223
20160110      20.489       4.217       4.179       4.179
20160111      19.270       4.997       4.493       4.493
20160112      16.235       4.221       4.164       4.164
20160113      14.313       4.019       4.038       4.038
20160114      15.623       3.730       3.812       3.812
20160115      16.498       3.656       3.729       3.730
20160116      16.027       3.586       3.653       3.653
20160117      15.574       3.521       3.595       3.595
20160118      12.449       3.456       3.601       3.601
20160119       9.835       3.367       3.474       3.474
20160120       8.032       3.302       3.417       3.417
20160121       7.000       3.244       3.419       3.419
20160122       5.832       3.162       3.228       3.228
20160123       3.952       3.140       3.162       3.162
20160124       3.132       3.047       3.110       3.110
20160125       2.495       3.022       3.064       3.079
20160126       2.164       3.042       2.987       2.987
20160127       2.138       3.427       3.252       3.252
20160128       2.024       3.714       3.443       3.493
20160129       2.117       2.833       2.978       2.977
20160130       2.328       3.961       3.159       3.160
20160131       2.244       3.180       3.113       3.254
20160201       2.103       3.017       3.136       3.137
20160202       2.068       3.105       3.227       3.226
20160203       1.993       2.800       3.016       3.016
20160204       1.910       2.717       2.920       2.920
20160205       1.886       2.680       2.920       2.920
20160206       1.821       2.908       2.887       2.940
20160207       2.289       2.989       3.058       3.385
20160208       2.095       4.275       2.846       2.949
20160209       2.089       3.989       3.469       3.760
20160210       2.155       3.323       3.551       3.634
20160211       2.087       3.164       3.332       3.333
20160212       1.994       2.976       3.209       3.209
20160213       1.896       2.844       3.035       3.036
20160214       2.226       2.723       2.842       2.842
20160215       2.293       2.552       2.688       2.687
20160216       2.468       2.493       2.571       2.572
20160217       1.801       2.410       2.493       2.493
20160218       1.609       2.375       2.480       2.480
20160219       1.485       2.317       2.395       2.396
20160220       1.468       2.405       2.409       2.409
20160221       1.493       2.669       2.631       2.630
20160222       1.484       2.156       2.213       2.213
20160223       1.460       2.108       2.153       2.153
20160224       1.439       2.163       2.227       2.227
20160225       1.438       2.043       2.093       2.093
20160226       1.441       2.443       2.498       2.498
20160227       1.477       2.279       2.283       2.282
20160228       1.473       1.961       2.060       2.060
20160229       1.467       1.893       1.973       1.974
20160301       1.415       1.825       1.864       1.864
20160302       1.413       2.003       2.025       2.026
20160303       1.407       1.948       1.944       1.944
20160304       1.377       1.982       1.986       1.986
20160305       1.343       2.589       2.207       2.207
20160306       1.320       1.655       1.711       1.711
20160307       1.311       1.833       1.805       1.805
20160308       1.318       1.821       1.781       1.781
20160309       1.277       1.549       1.587       1.587
20160310       1.284       1.517       1.549       1.549
20160311       1.312       1.486       1.517       1.517
20160312       1.272       1.455       1.485       1.486
20160313       1.241       1.437       1.455       1.455
20160314       1.242       1.462       1.605       1.621
20160315       1.406       2.808       1.911       1.635
20160316       1.474       3.136       2.556       1.986
20160317       1.529       3.121       3.209       2.018
20160318       1.507       3.849       2.985       1.624
20160319       1.432       3.184       3.419       1.635
20160320       1.453       3.168       3.335       1.474
20160321       1.506       2.818       3.024       1.356
20160322       1.541       2.898       2.919       1.472
20160323   -9999.000   -9999.000       2.734       1.484
20160324       1.435       2.804   -9999.000   -9999.000
20160325       1.395       2.647   -9999.000   -9999.000
20160326       1.403       2.483   -9999.000   -9999.000
20160327       1.745       3.254       2.537       1.401
20160328       1.898       3.823       2.960       1.954
20160329       2.167       5.281       3.918       2.660
20160330       2.360       5.288       4.864       2.827
20160331       1.922       4.233       4.480       2.202
20160401       1.705       3.870       4.229       1.859
20160402       1.629       3.634       3.964       1.641
20160403       1.667       3.448       3.738       1.652
20160404       1.804       3.797       3.606       1.614
20160405       2.026       4.352       4.052       2.112
20160406       2.285       4.603       4.395       2.015
20160407       2.429       4.595       4.311       2.433
20160408       2.388       4.082       4.246       2.373
20160409       2.206       3.734       4.031       2.293
20160410       2.100       3.464       3.743       2.120
20160411       2.054       3.479       3.464       2.045
20160412       2.089       3.201       3.385       2.056
20160413       2.045       3.104       3.220       2.050
20160414       2.007       2.971       3.221       2.150
20160415       2.071       3.147       3.118       2.253
20160416       2.200       3.224       3.907       2.988
20160417       2.159       2.867       2.936       2.039
20160418       2.160       3.076       2.900       2.344
20160419       2.205       3.309       3.085       2.451
20160420       2.312       3.387       3.223       2.417
20160421       2.339       3.585       3.144       2.482
20160422       2.411       3.557       3.416       2.487
20160423       2.348       3.205       3.425       2.404
20160424       2.289       3.013       3.215       2.274
20160425       2.231       2.846       3.043       2.237
20160426       2.190       2.729       2.899       2.198
20160427       2.120       2.578       2.702       2.130
20160428       2.088       2.611       2.595       2.109
20160429       2.227       3.718       3.056       2.646
20160430       2.692       4.782       3.771       2.561
20160501       3.584       7.829       5.319       3.610
20160502       3.436       5.205       4.832       3.188
20160503       3.483       6.016       5.272       3.371
20160504       4.147       6.265       6.197       3.877
20160505       5.305       8.486       6.495       4.481
20160506       7.111      13.001       8.931       6.642
20160507       9.878      16.601      12.610       9.331
20160508      16.732      31.692      17.365      12.232
20160509      29.354      59.902      32.048      26.458
20160510      42.502      79.385      57.844      44.882
20160511      47.570      37.125      63.196      45.819
20160512      52.326      49.173      44.972      35.347
20160513      53.193      43.486      42.906      45.546
20160514      45.153      23.145      35.302      41.222
20160515      35.890      21.826      23.154      30.542
20160516      31.307      20.376      21.569      32.526
20160517      30.039      20.408      20.772      29.445
20160518      28.484      20.738      20.768      29.014
20160519      30.592      27.815      22.675      30.688
20160520      36.260      28.960      28.013      37.800
20160521      70.351      70.493      35.905      47.543
20160522      81.973      63.024      58.471      85.410
20160523     109.288     109.021      78.422     101.439
20160524     103.544      90.999      84.848     105.420
20160525      72.626      55.502      74.877      84.709
20160526      55.931      40.352      52.947      51.692
20160527      47.545      39.826      43.021      46.221
20160528      44.949      45.494      42.376      47.287
20160529      45.301      45.642      44.392      44.564
20160530      44.901      44.363      43.838      41.558
20160531      40.050      36.852      43.819      43.889
20160601      36.540      35.567      37.529      35.876
20160602      32.551      32.381      36.311      34.525
20160603      32.626      28.283      32.328      30.144
20160604      27.836      22.839      27.337      27.452
20160605      22.381      19.020      22.638      23.511
20160606      19.281      16.829      18.992      19.304
20160607      17.211      15.827      16.856      17.468
20160608      16.294      15.916      15.814      16.142
20160609      14.733      14.303      15.343      15.050
20160610      13.416      13.312      14.300      14.160
20160611      12.223      12.360      13.307      12.591
20160612      11.373      11.567      12.379      11.668
20160613      10.746      10.996      11.595      10.866
20160614      10.265      10.208      10.877      10.407
20160615       9.922       9.512      10.746      10.335
20160616      10.139      10.570      10.013       9.974
20160617       9.904       8.978       9.655       9.435
20160618       9.505       8.510       9.136       9.282
20160619       8.865       7.886       8.471       8.669
20160620       8.130       7.474       7.893       8.397
20160621       8.374       9.018       7.957       8.276
20160622       8.240       7.542       8.062       8.090
20160623       7.616       7.037       7.445       7.574
20160624       7.369       6.739       7.040       7.274
20160625       9.134      10.425       7.578       7.841
20160626       8.684       7.529       8.095       8.154
20160627       8.411       7.927       8.313       8.826
20160628       8.468       7.104       7.828       8.156
20160629       7.921       7.476       7.961       9.043
20160630       7.685       6.737       7.187       7.404
20160701       7.772       7.859       7.130       7.769
20160702       7.542       7.962       8.146       8.531
20160703       8.511       8.811       7.743       7.425
20160704       8.115       7.562       8.501       8.849
20160705       7.605       7.002       8.424       8.718
20160706       8.349       7.557       7.527       7.781
20160707       7.478       6.717       7.056       7.925
20160708       6.852       6.416       6.711       7.387
20160709       6.460       6.218       6.416       6.596
20160710       6.548       6.949       7.022       7.060
20160711       7.264       9.132       6.563       6.582
20160712       8.805       7.745       7.688       7.485
20160713       9.153      12.482       8.299       9.103
20160714       8.343       9.349       8.640       8.761
20160715       7.538       8.439       9.154       8.020
20160716       6.986       8.254       8.484       7.252
20160717       6.755       7.806       8.402       7.070
20160718       6.920       7.315       8.764       7.143
20160719       6.534       6.923       7.291       6.551
20160720       6.240       6.590       6.904       6.255
20160721       5.846       6.317       6.567       5.976
20160722       5.381       6.097       6.303       5.664
20160723       5.269       5.948       7.084       6.253
20160724       5.445       7.186       7.531       6.723
20160725       5.171       7.958       6.108       5.242
20160726       5.321       6.406       6.709       5.082
20160727       5.687       9.773       7.969       6.192
20160728       5.358       7.554       7.699       5.662
20160729       5.197       7.213       8.531       5.854
20160730       6.315       8.935       7.363       5.343
20160731      13.237       9.778       8.962       6.538
