date          Qobs       Qsimobs        Qsim       Qusi
20150801      15.602      12.157      15.670      16.976
20150802      15.034      17.544      12.574      11.991
20150803      13.166      11.213      14.306      13.379
20150804      12.405       9.583      11.130      10.979
20150805      23.143      29.486      19.158      19.576
20150806      16.527      15.142      23.283      23.020
20150807      14.035      12.685      14.859      13.138
20150808      14.859      10.663      15.217      14.434
20150809      11.796       9.231      10.939      13.186
20150810      10.637       8.108       9.206      10.445
20150811       9.944       7.398       8.106       9.495
20150812       9.361       7.773       7.374       8.869
20150813       8.119       6.470       7.152       8.366
20150814       7.216       6.069       6.458       7.280
20150815       6.391       5.722       6.064       6.745
20150816       5.774       5.363       5.704       5.950
20150817       5.318       5.085       5.356       5.382
20150818       4.806       4.778       5.033       5.111
20150819       4.421       4.469       4.729       4.634
20150820       4.043       4.188       4.477       4.291
20150821       3.701       3.941       4.188       3.906
20150822       3.380       3.704       3.932       3.462
20150823       3.077       3.476       3.694       3.254
20150824       2.910       3.266       3.468       2.968
20150825      16.969      10.597       5.908       4.973
20150826      31.761      56.205      14.627      10.293
20150827      53.783      71.282      39.588      42.212
20150828      37.760      41.983      46.960      46.142
20150829      25.256      27.571      36.072      30.527
20150830      21.101      22.724      27.906      23.776
20150831      17.141      17.719      22.246      17.933
20150901      14.716      14.027      17.959      14.621
20150902     284.242      96.431      24.675      22.037
20150903     199.707     189.261      91.414     137.270
20150904      76.946      56.014     110.765     130.621
20150905      53.754      44.790      59.929      53.612
20150906      41.997      36.880      45.497      40.669
20150907      31.532      27.991      35.589      35.037
20150908      25.452      22.747      28.173      25.735
20150909      21.593      18.450      22.889      21.546
20150910      18.880      14.928      18.486      17.510
20150911      16.804      12.155      14.906      15.619
20150912      15.790      10.266      12.218      14.107
20150913      26.556      28.699      12.820      15.961
20150914      35.108      22.889      22.061      22.425
20150915     142.444      39.788      30.366      35.575
20150916      91.393     122.784      45.024      68.486
20150917     115.542      66.883      94.372      95.595
20150918      85.111      76.980      75.045      78.417
20150919      50.347      40.360      55.669      65.386
20150920      37.456      32.830      40.620      40.809
20150921      30.580      26.580      32.890      30.587
20150922      27.118      21.990      26.825      27.728
20150923      27.263      30.241      25.107      26.279
20150924      25.082      19.898      25.945      25.212
20150925      36.562      40.624      24.110      24.361
20150926      26.631      23.615      31.173      33.751
20150927      22.511      19.056      23.467      22.388
20150928      20.093      15.704      19.055      18.794
20150929      18.374      13.105      15.704      16.821
20150930      16.798       7.535      13.103      15.101
20151001      15.452       7.091      11.077      14.410
20151002      14.219       6.664       9.642      13.440
20151003      13.064       6.286       6.663      13.256
20151004      12.224       7.568       6.275      11.796
20151005      11.449       7.119       5.900      11.344
20151006      10.884       7.086       5.584      10.730
20151007      10.255       6.576       6.831       9.356
20151008       9.600       6.191       6.477       9.699
20151009       8.647       6.045       6.206       8.952
20151010       7.479       7.459       5.953       7.816
20151011       6.518       5.977       6.083       6.866
20151012       5.916       5.693       5.941       6.330
20151013       5.548       5.487       5.677       5.822
20151014       5.138       5.152       5.385       5.216
20151015       4.831       4.849       5.137       5.032
20151016       4.608       4.565       4.880       4.557
20151017       4.420       4.297       4.662       4.356
20151018       4.321       4.050       4.445       4.245
20151019       4.238       3.833       4.186       4.018
20151020       4.201       3.623       3.895       4.074
20151021       4.300       3.478       3.845       4.319
20151022       4.644       5.981       3.762       4.101
20151023       4.667       4.868       4.691       4.446
20151024       4.254       4.245       4.624       4.444
20151025       4.383       4.244       4.368       4.132
20151026       4.115       3.817       3.910       3.899
20151027       4.021       3.603       3.809       3.938
20151028       3.948       3.419       3.591       4.136
20151029       3.948       3.297       3.394       3.844
20151030       3.957       3.121       3.249       3.822
20151031       4.308       5.429       3.329       3.999
20151101       4.522       3.911       3.940       3.714
20151102       4.283       3.550   -9999.000   -9999.000
20151103       4.077       3.418       3.501       3.975
20151104       3.944       3.248       3.348       3.824
20151105       3.712       3.073       3.236       3.952
20151106       3.712       3.254       3.099       3.375
20151107       7.083       8.789       5.951       5.745
20151108       9.503      19.691       6.159       4.430
20151109      14.460      14.931      12.443      11.558
20151110      11.593      11.016      13.983      13.860
20151111      10.096       8.232      10.379       9.216
20151112       9.497       6.430       8.148       7.666
20151113       9.768       6.681       6.718       7.755
20151114       9.411       5.363       6.950       7.657
20151115       8.708       4.871       5.252       8.069
20151116       7.984       5.031       4.855       7.772
20151117       8.062       7.631       6.274       9.467
20151118       7.677       4.668       5.388       5.482
20151119       7.487       4.038       4.607       6.154
20151120       5.904       3.692       4.021       6.600
20151121       5.756       3.450       3.698       4.958
20151122       5.144       3.235       3.439       4.737
20151123       5.361       3.072       3.339       5.335
20151124       6.210       3.013       3.330       4.702
20151125       6.240       2.758       2.919       5.601
20151126       5.392       2.548       4.050       8.029
20151127       6.393       2.392       6.143       9.838
20151128       7.915       5.980       3.468       7.291
20151129       6.714       4.647       5.254       9.576
20151130       5.523       3.199       3.972       4.713
20151201       5.116       2.815       3.161       4.407
20151202       5.337       2.848       3.359       6.104
20151203       4.811       2.804       2.879       4.926
20151204       4.664       6.125       4.860       7.258
20151205       5.134       4.189       9.682       6.428
20151206       6.559      16.222       6.131       5.628
20151207       5.809      13.527      10.428       8.300
20151208       5.423       8.833      12.509       6.921
20151209       6.744       7.625       9.820       5.181
20151210       6.144       8.090       7.454       5.580
20151211       4.852      10.336       7.119       5.794
20151212       4.265       6.930       8.595       5.396
20151213       3.954       5.453       7.063       3.830
20151214       3.515       4.690       5.448       3.513
20151215       3.926       4.298       4.673       2.874
20151216       4.284       4.061       4.276       3.598
20151217       5.349       4.602       4.402       4.399
20151218       5.469       4.342       5.451       4.722
20151219       4.971       6.264       6.124       6.087
20151220       7.897       4.809       9.023       7.854
20151221       8.531       8.843   -9999.000   -9999.000
20151222       6.342       7.606   -9999.000   -9999.000
20151223       5.456       6.048       7.933       6.691
20151224       4.976       4.817       6.127       4.602
20151225       0.513      12.417       6.618       5.629
20151226       2.532       7.554       8.783       1.341
20151227       4.303       6.214       7.728       0.708
20151228       4.825       6.111       6.872       4.301
20151229       4.911       4.831       5.292       3.527
20151230       4.727       4.592       5.031       5.110
20151231       5.281       8.832       5.142       4.832
20160101       4.769       6.597       7.761       5.161
20160102       4.519       9.893       6.663       4.453
20160103       4.164       5.460       7.375       3.662
20160104       4.018       4.781       5.329       3.588
20160105       3.888       4.472       4.751       9.351
20160106       3.274       3.941       4.255       3.600
20160107       3.759       3.644       3.906       2.958
20160108       4.843       3.457       3.639       3.133
20160109       5.506       3.450       3.469       4.082
20160110       5.425       4.819       3.901       5.651
20160111       5.189       7.196       4.848       5.803
20160112       4.876       3.599       4.455       4.248
20160113       3.991       3.537       3.636       3.614
20160114       3.500       2.843       3.238       3.195
20160115       2.936       2.427       2.622       2.615
20160116       3.050       4.515       3.214       3.208
20160117       2.485       2.254       2.690       2.575
20160118       3.321       1.975       2.219       2.219
20160119       4.088       1.826       1.971       1.975
20160120       2.972       1.651       1.807       1.809
20160121       2.326       1.543       1.660       1.651
20160122       2.245       1.464       1.538       1.543
20160123       2.541       2.240       1.611       1.610
20160124       2.545       1.346       1.730       1.515
20160125       2.396       1.253       2.665       1.420
20160126       2.650       1.183       1.618       1.240
20160127       2.882       2.118       2.041       1.646
20160128       2.675       5.587       2.195       2.208
20160129       2.640       2.991       3.472       3.061
20160130       2.807      15.211       3.996       3.994
20160131       2.501       6.789       9.274       9.375
20160201       2.368       4.733       6.723       6.788
20160202       2.351       4.379       5.998       5.997
20160203       2.237       3.173       3.882       3.845
20160204       2.140       2.748       3.002       2.988
20160205       2.072       2.552       2.754       2.748
20160206       2.090       2.779       3.293       4.437
20160207       2.250       4.464       3.911       3.864
20160208       3.181      11.713       4.748       4.391
20160209       3.488      11.976       9.537       9.547
20160210       3.330       7.125       9.365       8.714
20160211       2.391       5.340       6.825       6.866
20160212       2.042       4.325       5.337       5.338
20160213       2.197       3.721       4.507       4.506
20160214       1.768       3.208       3.596       3.589
20160215       1.671       2.975       3.182       3.185
20160216       1.633       2.824       2.976       2.975
20160217       1.861       2.628       2.795       2.801
20160218       1.755       2.567       2.683       2.689
20160219       1.666       2.425       2.530       2.535
20160220       1.662       3.892       3.248       3.241
20160221       1.686       3.969       3.622       3.646
20160222       1.667       2.234       2.753       2.662
20160223       1.595       2.073       2.375       2.372
20160224       1.543       1.818       1.992       1.986
20160225       1.450       1.672       1.806       1.846
20160226       1.500       2.237       1.675       1.963
20160227       1.449       1.744       2.018       2.668
20160228       1.383       1.633       1.716       1.815
20160229       1.261       1.578       1.607       1.607
20160301       1.235       1.483       1.521       1.524
20160302       1.334       4.190       2.699       2.698
20160303       1.408       4.418       4.153       4.023
20160304       1.461       2.740       2.930       2.789
20160305       1.522       4.861       3.924       3.863
20160306       1.594       2.160       2.447       2.355
20160307       1.596       2.853       3.061       3.029
20160308       1.626       1.600       2.017       1.942
20160309       1.549       1.084       1.336       1.321
20160310       1.572       0.919       1.084       1.078
20160311       1.486       0.846       0.962       0.934
20160312       1.452       0.749       0.914       0.844
20160313       1.465       0.887       0.999       0.892
20160314       1.900       1.684       5.204       5.176
20160315       3.643       5.479       7.259       8.723
20160316       4.715       6.929       9.373      10.217
20160317       5.746       7.577      10.518       7.627
20160318       7.099      10.530       8.369       5.242
20160319       6.142       7.395       8.799       7.588
20160320       5.417       7.293       7.665       5.960
20160321       4.904       6.372       7.108       5.545
20160322       4.450       6.116       6.533       5.323
20160323   -9999.000   -9999.000       4.764       3.942
20160324       3.941       5.085   -9999.000   -9999.000
20160325       3.770       4.102   -9999.000   -9999.000
20160326       3.673       4.731   -9999.000   -9999.000
20160327       5.724      12.552       6.047       5.777
20160328       8.750      16.220      10.476       8.105
20160329      16.846      30.413      19.923      16.769
20160330      16.388      20.613      24.889      18.439
20160331      10.726      14.942      18.992      15.056
20160401       8.545      12.299      15.350       9.895
20160402       7.535      10.931      13.384       8.874
20160403       7.412       9.419      11.286       7.207
20160404       8.043      10.613      10.422       7.556
20160405      13.986      13.783      15.434      11.360
20160406      18.137      11.963      13.799      12.556
20160407      18.942      12.731      12.298      17.406
20160408      17.825      15.180      13.354      20.499
20160409      14.993      12.291      15.851      18.941
20160410      13.154       8.663      10.970      10.595
20160411      12.470       8.317       9.197      11.900
20160412      12.866       7.679       8.412      11.459
20160413      12.624       8.183       8.370      13.268
20160414      10.532      15.953      10.476      18.029
20160415      11.613      13.079      13.524      12.889
20160416      11.323      11.876      14.810      12.968
20160417      10.873      14.063      11.479       9.367
20160418      11.415      14.360      13.097      12.660
20160419      12.552      16.831      13.685      11.163
20160420      12.902      19.790      15.377      14.015
20160421      13.262      20.729      18.518      14.745
20160422      13.335      21.104      17.734      13.286
20160423      11.083      15.668      18.981      13.018
20160424       9.904      13.314      16.491      10.091
20160425       9.281      11.636      13.921       9.609
20160426       8.619      10.111      12.459       9.422
20160427       8.134       8.387       9.751       7.444
20160428       7.961       8.424       8.457       7.629
20160429       8.960      22.026      14.503      15.816
20160430      10.743      21.152      20.208       9.425
20160501      11.046      18.040      18.925      10.744
20160502      12.801      19.472      16.942       9.863
20160503      18.209      20.557      19.565      14.099
20160504      20.925      19.341      20.649      17.142
20160505      20.258      23.532      20.070      20.088
20160506      23.430      28.090      23.663      22.224
20160507      27.884      38.054      27.832      25.819
20160508      40.168      53.479      39.723      37.288
20160509      49.023      69.445      56.474      50.931
20160510      56.282      68.532      67.795      56.927
20160511      59.448      59.958      66.809      56.984
20160512      61.686      50.951      54.341      49.508
20160513      57.623      48.058      49.580      47.633
20160514      43.333      25.040      38.577      43.243
20160515      34.835      23.078      24.807      28.994
20160516      30.279      19.915      21.239      28.794
20160517      28.337      21.037      20.377      27.965
20160518      27.445      20.937      20.914      29.071
20160519      35.410      22.705      23.096      28.865
20160520      49.090      23.505      23.457      33.324
20160521      50.307      49.727      25.341      39.666
20160522      59.437      33.754      38.675      49.132
20160523      74.121      53.287      46.380      57.857
20160524      57.302      33.861      40.734      60.642
20160525      46.122      23.787      30.906      38.729
20160526      37.667      19.656      22.781      33.020
20160527      33.364      17.348      19.599      31.720
20160528      31.721      16.894      18.716      27.152
20160529      30.346      14.990      18.454      25.346
20160530      35.366      17.636      16.151      27.709
20160531      31.141      14.001      15.591      27.916
20160601      27.099      11.576      13.324      24.831
20160602      24.380      10.209      13.520      24.293
20160603      22.097      10.801      10.460      20.228
20160604      19.624       8.643      11.105      20.020
20160605      17.111       7.672       8.605      17.319
20160606      15.954       6.935       7.672      15.171
20160607      15.355       6.420       7.632      14.477
20160608      13.999       5.911       6.361      13.753
20160609      12.178       5.282       5.856      12.370
20160610      10.861       5.010       5.325      10.645
20160611      10.014       4.694       4.990       9.973
20160612       9.430       4.413       4.698       8.820
20160613       8.899       4.164       4.702       8.946
20160614       8.267       3.906       4.151       7.715
20160615       8.480       3.674       3.913       7.336
20160616      14.510      23.176       6.153      11.682
20160617      12.083       9.243      14.469      14.044
20160618      14.748      15.336      14.535      11.677
20160619      13.005      11.294      13.891      14.340
20160620      11.195       7.567      10.220      10.104
20160621      18.712      20.196      10.720      12.250
20160622      12.218       9.818      14.053      17.172
20160623       9.987       7.907       9.816       9.826
20160624       9.472       6.612       7.894       8.160
20160625      11.066      13.330      12.976      14.082
20160626      23.676       7.329       9.394       9.199
20160627      32.592      53.048      19.837      21.536
20160628      21.350      25.389      36.036      38.553
20160629      16.770      18.684      24.032      19.828
20160630      20.092      19.663      19.507      15.983
20160701      21.520      19.729      21.791      19.144
20160702      19.298      17.865      18.930      18.645
20160703      16.922      15.954      17.254      16.975
20160704      14.997      12.367      16.458      16.354
20160705      14.114      13.220      12.451      13.087
20160706      13.745      15.294      13.407      13.072
20160707      11.632      10.899      13.422      12.765
20160708       9.166       9.093      10.514      10.204
20160709       8.019       8.279       9.558       8.764
20160710       7.192       7.461       8.347       7.361
20160711      11.217      15.033       8.642       7.303
20160712      14.434      14.911      13.549      11.123
20160713      15.645      20.387      18.931      19.310
20160714      15.432      14.732      20.316      17.150
20160715      15.444      16.657      19.985      19.256
20160716      13.122      11.569      16.315      15.268
20160717      11.029       9.540      11.403      11.416
20160718       9.784       8.252       9.561       9.174
20160719       8.946       7.271       8.281       8.210
20160720       8.311       6.905       7.329       8.470
20160721       7.485       6.158       6.759       7.685
20160722       7.042       6.152       6.189       6.697
20160723       6.748       5.557       5.914       6.616
20160724       6.762       6.793       5.898       6.751
20160725       7.876       8.939       6.084       6.498
20160726       9.830      13.793       8.687       7.601
20160727       8.607       9.711      14.147      12.476
20160728      13.850      15.505       9.252       7.267
20160729      11.090       9.382      11.379      11.566
20160730      12.774      16.870       9.736       9.489
20160731      10.991      11.672      14.792      13.342
