date          Qobs       Qsimobs        Qsim       Qusi
20150801      26.182      27.615      29.011      25.517
20150802      26.618      32.324      29.344      26.300
20150803      28.133      30.865      29.990      27.410
20150804      28.540      29.625      29.951      27.426
20150805      27.839      28.404      29.349      27.520
20150806      26.797      26.697      28.127      26.916
20150807      26.313      26.965      28.205      26.941
20150808      27.174      26.878      27.323      26.793
20150809      34.340      46.589      29.385      29.230
20150810      35.095      37.568      37.757      40.147
20150811      32.799      35.040      37.230      34.151
20150812      32.629      42.035      37.328      33.178
20150813      34.873      40.723      38.653      33.942
20150814      34.797      40.670      39.763      35.773
20150815      27.091      37.727      39.170      34.227
20150816      31.265      35.398      37.399      22.033
20150817      29.584      33.424      35.356      29.752
20150818      27.897      31.588      33.369      28.110
20150819      26.210      29.995      31.552      26.672
20150820      24.724      28.390      29.768      25.027
20150821      23.375      26.941      28.201      23.702
20150822      22.074      25.605      26.912      22.436
20150823      20.929      24.292      25.556      21.206
20150824      20.011      22.934      24.291      20.184
20150825      19.094      21.797      23.090      19.334
20150826      18.287      21.086      21.981      18.465
20150827      17.547      20.392      21.086      17.785
20150828      16.906      20.051      20.429      17.081
20150829      16.616      20.235      20.063      16.613
20150830      16.736      19.730      19.901      16.602
20150831      16.787      19.105      19.444      16.367
20150901      16.725      18.888      19.894      17.203
20150902      16.578      18.242      19.214      16.903
20150903      16.307      17.716      18.329      16.361
20150904      16.082      17.203      17.718      15.972
20150905      15.945      17.127      17.341      15.880
20150906      16.629      22.243      17.556      16.249
20150907      18.391      19.607      19.815      17.904
20150908      19.063      18.147      19.266      17.310
20150909      18.986      18.022      18.520      18.288
20150910      18.656      16.826      17.821      18.305
20150911      18.100      16.439      16.734      18.054
20150912      17.532      16.140      16.439      17.770
20150913      17.002      16.099      16.140      17.187
20150914      16.461      15.854      15.852      16.805
20150915      16.091      15.588      15.569      16.253
20150916      15.600      15.507      15.556      15.783
20150917      15.498      15.520      15.340      15.411
20150918      15.754      15.207      15.239      15.264
20150919      25.826      55.633      20.108      20.066
20150920      36.500      46.815      39.050      37.203
20150921      40.110      43.521      43.238      37.005
20150922      40.741      40.620      42.698      39.020
20150923      40.173      39.380      41.395      39.481
20150924      39.090      39.880      41.233      40.745
20150925      38.102      36.803      38.772      38.555
20150926      37.877      39.963      37.780      37.224
20150927      38.996      44.080      38.484      38.472
20150928      39.088      39.513      40.655      40.032
20150929      38.318      37.123      39.360      37.438
20150930      38.108      41.072      37.800      37.063
20151001      37.205      37.483      38.401      38.508
20151002      35.394      35.499      36.094      35.786
20151003      33.742      34.815      35.807      34.285
20151004      32.067      31.317      34.150      32.993
20151005      30.537      30.585      32.799      30.931
20151006      28.634      29.017      31.523      29.609
20151007      26.822      27.391      28.864      27.608
20151008      26.785      25.930      27.408      25.443
20151009      26.229      24.686      25.949      25.651
20151010      26.073      23.563      24.666      25.000
20151011      25.461      22.515      23.622      24.937
20151012      23.894      25.905      23.502      25.257
20151013      20.467      22.609      22.025      24.313
20151014      19.985      23.483      22.414      20.589
20151015      19.772      23.794      30.169      22.030
20151016      19.923      22.808      22.105      20.054
20151017      19.971      22.820      23.358      20.070
20151018      20.295      23.658      22.729      20.177
20151019      20.988      66.975      22.890      20.290
20151020      21.187      20.325      22.484      20.258
20151021      21.255      19.973      21.784      20.495
20151022      21.304      20.755      57.480      21.282
20151023      21.385      19.638      19.656      21.099
20151024      20.828      18.926      19.639      20.677
20151025      20.475      18.828      19.041      20.407
20151026      21.915      21.087      18.882      20.203
20151027      21.946      20.102      19.523      22.114
20151028      22.904      19.192      19.271      21.307
20151029      24.865      18.461      19.386      21.797
20151030      25.466      17.979      18.463      23.467
20151031      26.672      17.468      17.911      24.776
20151101      29.570      18.624      20.668      27.019
20151102      28.750      24.278   -9999.000   -9999.000
20151103      27.926      23.403      24.561      34.306
20151104      29.196      22.622      23.517      26.868
20151105      29.570      21.609      22.330      27.522
20151106      30.240      21.017      21.511      27.943
20151107      32.335      20.844      21.060      29.362
20151108      34.691      19.904      20.711      30.406
20151109      35.688      19.136      20.195      32.933
20151110      36.396      19.541      19.498      34.680
20151111      37.214      19.856      19.482      36.269
20151112      38.477      20.089      19.287      37.165
20151113      40.095      20.905      19.612      38.675
20151114      42.316      20.502      20.595      40.474
20151115      43.927      21.320      20.732      42.049
20151116      45.137      20.293      20.721      43.896
20151117      46.508      19.900      20.318      43.566
20151118      47.735      19.555      20.216      46.055
20151119      49.209      19.465      19.720      46.732
20151120      50.367      18.918      19.294      48.165
20151121      49.956      18.464      18.882      18.891
20151122      51.534      17.969      18.424      18.444
20151123      55.235      17.630      17.975      17.965
20151124      58.782      17.199      17.532      17.537
20151125      62.177      16.942      17.304      17.314
20151126      63.141      16.584      16.928      16.954
20151127      63.038      16.567      16.721      16.725
20151128      62.490      16.173      16.560      16.628
20151129      61.267      15.901      16.279      16.281
20151130      60.177      15.561      16.015      16.048
20151201      59.536      16.806      16.130      16.147
20151202      58.134      16.361      16.235      16.484
20151203      56.880      15.987      16.434      16.496
20151204      56.086      15.547      15.920      15.962
20151205      55.473      15.179      15.554      15.555
20151206      55.330      18.518      15.878      15.878
20151207      54.503      17.601      16.993      17.533
20151208      53.729      17.163      17.439      17.569
20151209      53.492      17.169      17.267      17.311
20151210      53.318      18.649      17.465      17.570
20151211      52.919      17.441      17.771      18.103
20151212      52.454      16.972      17.498      17.500
20151213      51.679      16.461      17.073      17.090
20151214      50.466      16.246      16.502      16.533
20151215      48.894      16.073      16.347      16.399
20151216      47.880      18.946      16.846      16.909
20151217      47.031      17.965      16.871      17.188
20151218      46.119      17.363      16.690      16.744
20151219      45.326      17.866      17.836      17.866
20151220      45.008      17.408      17.781      18.058
20151221      44.509      17.036   -9999.000   -9999.000
20151222      44.125      16.327   -9999.000   -9999.000
20151223      43.991      15.774      16.358      16.376
20151224      43.141      15.324      15.998      16.005
20151225      42.015      15.138      15.333      15.346
20151226      41.198      16.882      15.897      15.963
20151227      39.715      17.130      16.570      16.908
20151228      38.202      16.468      16.510      16.757
20151229      36.625      15.681      16.264      16.320
20151230      35.057      15.114      15.699      15.705
20151231      33.893      14.684      15.126      15.141
20160101      33.227      14.209      14.684      14.703
20160102      32.785      13.700      14.236      14.254
20160103      31.708      13.233      13.708      13.709
20160104      30.358      12.944      13.278      13.276
20160105      29.464      12.634      12.884      12.901
20160106      29.134      12.680      12.656      12.675
20160107      28.802      12.278      12.461      12.540
20160108      27.558      12.245      12.205      12.197
20160109      26.851      12.504      12.076      12.135
20160110      26.852      12.021      12.261      12.373
20160111      26.481      11.795      11.993      12.001
20160112      26.319      11.590      11.652      11.657
20160113      26.409      11.101      11.432      11.442
20160114      26.134      10.802      11.154      11.179
20160115      25.303      10.950      11.061      11.072
20160116      24.598      10.949      11.000      11.076
20160117      24.321      11.196      10.971      11.030
20160118      24.294      10.949      10.907      11.009
20160119      23.985      10.548      10.847      10.912
20160120      23.106      10.344      10.553      10.553
20160121      21.756      10.018      10.296      10.312
20160122      20.396       9.991      10.080      10.082
20160123      19.581      10.379      10.457      10.578
20160124      19.465       9.930      10.076      10.187
20160125      19.587       9.769      10.065      10.081
20160126      20.479       9.946       9.842       9.864
20160127      21.632      12.113      10.581      10.645
20160128      22.717      11.681      11.103      11.484
20160129      23.793      11.046      11.338      11.453
20160130      24.207      11.007      11.116      11.109
20160131      24.298      10.775      11.053      11.115
20160201      24.048      10.580      10.940      10.989
20160202      23.916      10.678      10.580      10.608
20160203      23.442      10.199      10.392      10.468
20160204      22.797       9.936      10.174      10.195
20160205      22.217       9.762       9.951       9.956
20160206      21.724       9.620       9.751       9.781
20160207      21.289      10.107       9.832       9.873
20160208      20.746      10.392      10.010      10.146
20160209      20.570      10.957      10.473      10.610
20160210      20.641      13.097      11.221      11.400
20160211      20.459      12.862      12.183      12.629
20160212      20.205      13.120      12.494      12.672
20160213      20.558      12.351      12.552      12.720
20160214      21.471      12.264      12.480      12.508
20160215      22.374      12.308      12.732      12.959
20160216      23.190      11.681      12.042      12.150
20160217      23.340      11.348      11.570      11.597
20160218      22.948      10.823      11.307      11.345
20160219      22.268      10.316      10.914      10.926
20160220      21.563       9.893      10.351      10.338
20160221      20.796       9.586       9.962       9.977
20160222      20.395       9.379      10.162      10.249
20160223      20.363       9.291       9.743       9.769
20160224      20.361       9.566       9.683       9.736
20160225      20.532       9.248       9.532       9.702
20160226      21.164       9.157       9.411       9.465
20160227      21.830       8.806       8.984       9.034
20160228      22.166       8.806       8.741       8.765
20160229      21.890       8.963       8.707       8.767
20160301      21.617       8.573       8.467       8.499
20160302      20.932       8.171       8.407       8.406
20160303      20.683       7.844       8.323       8.355
20160304      20.564       7.577       8.049       8.052
20160305      19.848       7.285       7.606       7.619
20160306      19.597       7.076       7.350       7.334
20160307      19.614       6.910       7.096       7.100
20160308      19.979       6.902       6.999       7.004
20160309      20.393       6.920       6.855       6.883
20160310      20.858       7.409       6.666       6.686
20160311      21.308       6.927       6.868       6.975
20160312      21.469       7.116       6.938       6.937
20160313      21.528      13.222       6.985       7.051
20160314      21.426      11.080      10.371      11.338
20160315      21.351      11.369      10.993      11.064
20160316      21.534      10.201      10.879      11.020
20160317      22.057       9.914      10.986      11.052
20160318      22.030      10.136      10.586      10.704
20160319      21.210      10.007       9.914      10.060
20160320      20.249       9.861       9.883       9.970
20160321      19.495       9.417       9.671       9.762
20160322      18.990       9.385       9.318       9.350
20160323   -9999.000   -9999.000       8.940       8.963
20160324      17.906       5.960   -9999.000   -9999.000
20160325      17.666       5.704   -9999.000   -9999.000
20160326      17.539       6.080   -9999.000   -9999.000
20160327      17.719       7.869       5.819       5.931
20160328      18.426       7.797       5.548       5.565
20160329      19.524       8.410       5.380       5.418
20160330      20.479       8.795       8.326       8.431
20160331      21.190       7.919       8.080       8.076
20160401      21.854       7.407       7.789       7.790
20160402      22.031       7.050       7.410       7.407
20160403      21.763       6.731       7.058       7.056
20160404      21.185       6.655       6.809       6.811
20160405      20.764       6.747       6.691       6.697
20160406      20.908       6.802       6.534       6.566
20160407      21.200       8.487       6.803       6.840
20160408      22.005       9.496       7.841       8.119
20160409      22.800       9.723       8.932       9.110
20160410      23.251       9.031       9.166       9.268
20160411      23.458       8.687       8.971       9.015
20160412      23.671       8.531       8.880       8.894
20160413      23.650       8.149       8.585       8.617
20160414      23.413       7.984       8.322       8.370
20160415      22.890       7.476       8.075       8.137
20160416      22.283       7.102       7.551       7.558
20160417      22.069       8.165       7.628       7.633
20160418      22.048       7.398       7.551       7.763
20160419      21.907       7.040       7.357       7.371
20160420      21.698       6.829       7.158       7.163
20160421      21.438       6.549       6.797       6.809
20160422      21.286       6.498       6.733       6.738
20160423      21.202       6.177       6.399       6.438
20160424      21.040       6.103       6.190       6.196
20160425      20.816       5.820       6.033       6.055
20160426      20.653       6.433       6.101       6.102
20160427      21.241       9.466       6.730       6.393
20160428      22.848      26.023      10.115      11.040
20160429      25.172      28.834      19.071      20.015
20160430      28.973      49.302      28.876      29.797
20160501      33.400      55.252      38.640      40.212
20160502      38.719      86.498      54.260      55.989
20160503      47.774     110.014      78.206      82.308
20160504      62.902     144.225     105.511     111.650
20160505      74.554     164.818     131.373      78.934
20160506      85.526     180.801     158.509      91.025
20160507      94.946     200.934     170.529      95.868
20160508     107.647     220.943     197.483     111.232
20160509     124.077     215.684     212.153     122.041
20160510     134.332     199.742     208.435     126.034
20160511     135.772     179.002     195.640     132.218
20160512     130.011     172.432     180.855     132.508
20160513     124.498     167.017     171.865     130.241
20160514     119.741     154.867     165.134     124.553
20160515     114.878     142.599     154.371     114.554
20160516     109.821     129.417     141.703     110.874
20160517     104.059     118.588     130.646     103.206
20160518      96.478     105.959     117.385      98.420
20160519      88.364      95.645     105.326      90.085
20160520      81.303      89.562     102.361      89.140
20160521      75.148      82.693      88.734      77.749
20160522      71.304      83.961      84.721      72.035
20160523      70.772      80.425      83.223      72.269
20160524      76.295     100.623      84.853      73.498
20160525      89.238      89.333      91.339      80.696
20160526      95.179      81.407      87.748      82.613
20160527      90.930      76.545      81.111      88.046
20160528      83.261      72.478      76.668      86.535
20160529      76.633      67.841      72.383      79.362
20160530      71.848      63.049      67.688      71.832
20160531      68.570      60.955      62.920      67.050
20160601      66.968      55.545      59.848      63.807
20160602      63.291      51.249      55.503      61.635
20160603      59.492      48.251      51.319      58.419
20160604      55.814      47.053      48.989      57.005
20160605      52.154      44.186      46.224      53.349
20160606      49.321      41.259      43.817      49.600
20160607      46.662      38.403      41.914      47.431
20160608      47.462      63.470      44.478      50.538
20160609      54.714      55.378      53.371      56.435
20160610      56.639      53.935      54.647      52.927
20160611      56.063      50.312      53.108      55.118
20160612      53.920      46.711      50.322      52.944
20160613      51.019      43.616      48.232      51.987
20160614      47.968      41.500      43.825      48.027
20160615      44.960      38.931      41.128      45.353
20160616      42.288      37.358      40.097      43.828
20160617      40.756      38.285      38.832      41.936
20160618      42.968      70.720      43.619      46.888
20160619      49.416      65.994      56.460      53.945
20160620      54.956      60.594      61.541      50.063
20160621      56.501      57.796      61.208      53.974
20160622      57.016      58.489      59.717      56.811
20160623      56.463      55.570      57.127      56.112
20160624      54.016      51.381      54.870      54.571
20160625      52.776      61.025      55.519      55.014
20160626      51.065      53.350      56.693      55.252
20160627      48.454      49.757      53.349      48.652
20160628      45.651      46.350      49.701      45.377
20160629      43.855      47.508      46.433      42.816
20160630      43.549      49.453      48.116      45.272
20160701      44.872      44.875      47.894      43.755
20160702      46.178      44.100      46.868      44.168
20160703      46.337      41.351      43.049      44.021
20160704      47.463      46.528      42.590      45.141
20160705      49.906      55.845      46.143      50.474
20160706      62.542      63.130      51.882      53.353
20160707      79.107      74.870      56.475      62.719
20160708      84.498      61.818      65.186      80.129
20160709      78.774      58.125      63.586      78.977
20160710      73.968      67.422      59.295      74.870
20160711      78.275      82.788      62.885      75.242
20160712      78.709      67.038      71.323      81.600
20160713      73.324      66.116      69.228      73.358
20160714      67.513      63.411      65.375      70.786
20160715      62.640      58.664      61.860      64.591
20160716      58.185      54.636      58.118      58.924
20160717      58.151      76.556      57.316      57.805
20160718      59.541      61.194      65.318      64.814
20160719      56.926      57.059      61.004      55.392
20160720      53.078      53.712      57.110      54.041
20160721      49.073      50.092      53.452      50.701
20160722      45.467      46.859      50.037      46.617
20160723      42.150      44.441      46.833      43.114
20160724      39.351      42.607      44.396      40.468
20160725      37.209      44.413      43.446      39.111
20160726      35.802      43.220      43.478      37.998
20160727      36.553      47.488      44.460      37.133
20160728      41.674      53.390      48.788      40.913
20160729      45.933      48.098      49.007      42.854
20160730      49.572      52.590      50.655      46.501
20160731      51.988      52.720      49.526      49.622
