date          Qobs       Qsimobs        Qsim       Qusi
20150801       3.258       2.669       2.291       3.099
20150802       2.517       2.139       2.546       2.372
20150803       2.350       2.508       2.204       2.207
20150804       2.232       2.052       2.157       2.077
20150805       2.171       2.194       1.841       1.890
20150806       2.717       2.609       2.163       2.207
20150807       2.636       2.297       2.383       2.466
20150808       2.484       2.721       1.859       2.077
20150809       2.702       3.339       2.243       2.362
20150810       2.661       2.869       2.112       2.151
20150811       2.368       1.968       1.817       2.232
20150812       3.575       6.108       2.531       2.355
20150813       3.482       3.175       4.576       4.250
20150814       3.385       3.539       2.997       2.457
20150815       2.700       1.914       2.194       2.487
20150816       2.364       1.901       2.158       2.197
20150817       2.124       1.618       1.906       2.037
20150818       1.801       1.443       1.655       1.768
20150819       1.507       1.377       1.506       1.667
20150820       1.301       1.312       1.421       1.452
20150821       1.122       1.216       1.350       1.264
20150822       0.990       1.143       1.266       1.107
20150823       0.888       0.989       1.183       0.960
20150824       0.807       0.852       1.065       0.808
20150825       0.739       0.784       0.878       0.704
20150826       0.696       0.751       0.797       0.688
20150827       0.706       0.768       0.768       0.676
20150828       0.809       0.868       0.778       0.734
20150829       2.068       1.611       1.067       0.973
20150830       3.592       3.795       2.206       2.161
20150831       3.190       2.693       2.092       3.900
20150901       2.989       2.906       2.209       2.579
20150902       2.265       1.595       1.543       2.073
20150903       1.728       1.329       1.492       1.623
20150904       1.383       1.160       1.294       1.503
20150905       1.252       1.135       1.188       1.272
20150906       1.364       1.708       1.189       1.208
20150907       1.436       1.262       1.544       1.424
20150908       1.657       1.070       1.166       1.109
20150909       1.553       1.136       1.048       1.389
20150910       1.354       0.978       1.031       1.373
20150911       1.134       0.870       0.868       1.223
20150912       0.948       0.798       0.872       1.048
20150913       0.789       0.731       0.797       0.865
20150914       0.690       0.665       0.725       0.739
20150915       0.634       0.597       0.654       0.624
20150916       0.610       0.537       0.598       0.564
20150917       0.591       0.491       0.542       0.554
20150918       0.582       0.455       0.499       0.521
20150919       3.155       1.544       0.574       0.647
20150920      10.613      16.559       1.892       2.579
20150921       5.092       3.860       5.307       9.965
20150922       2.927       1.821       3.063       2.287
20150923       2.082       1.509       1.834       1.708
20150924       1.602       1.329       1.567       1.781
20150925       1.432       1.142       1.316       1.429
20150926       2.246       3.325       1.462       1.530
20150927       3.254       4.733       1.693       2.221
20150928       2.676       1.820       2.654       2.768
20150929       2.334       1.651       1.711       1.789
20150930       3.482       6.654       2.095       2.325
20151001       5.252       7.844       3.534       4.469
20151002       8.704      11.964       7.986       6.652
20151003       5.976       6.588       7.654       7.457
20151004       4.990       7.042       6.136       4.598
20151005       3.751       2.465       3.165       2.912
20151006       2.540       1.648       1.939       1.616
20151007       1.940       1.406       1.651       2.064
20151008       1.561       1.213       1.405       1.679
20151009       1.309       1.058       1.213       1.392
20151010       1.125       0.938       1.058       1.118
20151011       1.137       1.278       1.106       1.171
20151012       1.168       1.063       1.197       1.167
20151013       1.502       1.642       1.147       1.125
20151014       2.624       4.329       1.176       1.424
20151015       4.964       5.199       1.960       2.518
20151016       6.068      12.057       3.585       4.502
20151017       4.776       6.258       8.156       6.656
20151018       4.685       6.128       4.479       3.302
20151019       3.507       2.316       1.973       1.954
20151020       2.660       1.643       1.844       1.681
20151021       2.899       4.070       1.771       2.242
20151022       3.983       1.800       4.086       4.270
20151023       5.404       3.011       3.490       3.780
20151024       4.024       1.731       1.889       3.486
20151025       4.249       6.990       3.403       4.925
20151026       3.974       3.150       2.525       3.729
20151027       2.932       2.055       1.780       3.048
20151028       2.203       1.514       1.764       2.016
20151029       1.751       1.307       1.514       1.913
20151030       1.418       1.138       1.308       1.563
20151031       1.312       1.112       1.248       1.365
20151101       2.488       2.525       1.550       1.659
20151102       5.203       5.556   -9999.000   -9999.000
20151103       5.890       3.624       5.445       3.940
20151104       6.478       9.847       4.212       4.702
20151105       4.914       4.105       3.791       5.255
20151106       3.504       1.811       2.739       2.492
20151107       2.612       1.538       1.855       2.072
20151108       2.651       2.632       1.925       2.622
20151109       2.656       1.619       1.879       2.283
20151110       2.836       5.303       1.806       2.419
20151111       3.676       7.192       1.969       2.874
20151112       3.144       2.029       3.694       2.977
20151113       2.435       1.738       2.752       1.975
20151114       2.056       1.726       1.764       2.085
20151115       1.656       1.393       1.635       1.883
20151116       1.331       1.217       1.398       1.430
20151117       1.151       1.150       1.252       1.212
20151118       1.011       1.011       1.075       1.055
20151119       0.915       0.927       0.996       0.898
20151120       0.875       0.844       0.964       0.890
20151121       0.834       0.845       0.839       0.768
20151122       0.714       0.670       0.785       0.762
20151123       0.641       0.622       0.685       0.670
20151124       0.649       0.688       0.800       0.746
20151125       0.704       0.629       0.595       0.616
20151126       1.039       1.287       0.880       0.885
20151127       1.698       2.159       1.092       1.183
20151128       2.252       4.725       1.485       1.772
20151129       1.789       2.388       2.142       2.204
20151130       1.332       1.514       1.996       1.357
20151201       1.195       2.080       1.412       1.133
20151202       1.078       1.474       1.642       1.277
20151203       1.115       1.748       2.669       1.494
20151204       1.282       2.850       1.594       1.340
20151205       1.323       1.752       2.789       1.582
20151206       1.608       5.768       2.666       1.864
20151207       1.759       2.737       2.491       2.118
20151208       1.564       2.161       3.002       1.456
20151209       2.135       5.688       2.655       1.706
20151210       2.542       3.870       2.710       2.378
20151211       2.500       4.118       3.139       2.063
20151212       2.913      13.352       3.133       2.095
20151213       1.942       2.945       3.795       2.973
20151214       1.552       1.903       2.981       1.164
20151215       1.267       1.661       1.838       1.081
20151216       1.458       1.892       1.752       1.276
20151217       1.299       1.353       1.556       1.254
20151218       2.168       1.735       1.774       1.544
20151219       5.321       2.140       2.017       2.064
20151220       6.925       6.382       4.895      10.086
20151221       9.100       8.979   -9999.000   -9999.000
20151222       5.534       6.107   -9999.000   -9999.000
20151223       3.606       2.358       4.927       4.373
20151224       3.391       4.806       3.659       3.190
20151225       3.601       8.456       3.696       3.039
20151226       3.175       2.120       3.073       2.498
20151227       2.438       1.823       2.100       1.346
20151228       2.021       1.615       1.817       2.135
20151229       1.348       1.333       1.551       1.676
20151230       1.151       1.228       1.321       1.187
20151231       1.085       1.214       1.193       1.093
20160101       0.971       1.246       1.163       1.036
20160102       0.854       1.238       1.219       0.988
20160103       0.641       1.036       1.115       0.832
20160104       0.537       0.919       1.036       0.648
20160105       0.484       0.821       0.919       0.556
20160106       0.468       0.734       0.821       0.465
20160107       0.468       0.704       0.734       0.458
20160108       0.455       0.615       0.657       0.448
20160109       0.452       0.546       0.591       0.434
20160110       0.440       0.487       0.546       0.404
20160111       0.429       0.435       0.494       0.432
20160112       0.438       0.400       0.448       0.382
20160113       0.432       0.353       0.390       0.381
20160114       0.435       0.315       0.356       0.380
20160115       0.435       0.281       0.315       0.384
20160116       0.428       0.252       0.305       0.410
20160117       0.420       0.241       0.271       0.404
20160118       0.413       0.258       0.249       0.386
20160119       0.413       0.230       0.245       0.364
20160120       0.412       0.222       0.258       0.342
20160121       0.404       0.290       0.226       0.388
20160122       0.407       0.396       0.322       0.466
20160123       0.408       0.226       0.296       0.374
20160124       0.411       0.267       0.312       0.344
20160125       0.427       0.217       0.273       0.434
20160126       0.725       1.207       0.346       0.498
20160127       0.781       0.715       0.591       0.686
20160128       0.666       0.740       0.659       0.755
20160129       0.639       1.170       0.714       0.720
20160130       0.737       1.676       0.908       0.770
20160131       0.784       3.910       1.003       0.668
20160201       0.691       0.993       1.525       0.847
20160202       0.611       0.963       1.028       0.714
20160203       0.554       0.767       1.280       0.610
20160204       0.540       0.798       0.869       0.557
20160205       0.511       0.754       0.765       0.542
20160206       0.467       0.554       0.669       0.446
20160207       0.458       0.674       0.601       0.456
20160208       0.523       0.650       0.665       0.456
20160209       0.549       0.516       0.587       0.444
20160210       0.535       0.541       0.891       0.534
20160211       0.521       0.477       0.549       0.534
20160212       0.509       0.390       0.483       0.448
20160213       0.508       0.317       0.398       0.438
20160214       0.539       0.271       0.318       0.421
20160215       0.577       0.272       0.306       0.498
20160216       0.606       0.377       0.284       0.528
20160217       0.618       0.468       0.336       0.565
20160218       0.611       0.401       0.313       0.618
20160219       0.591       0.309       0.262       0.530
20160220       0.562       0.269       0.354       0.525
20160221       0.535       0.238       0.272       0.456
20160222       0.510       0.208       0.278       0.537
20160223       0.485       0.183       0.206       0.420
20160224       0.479       0.319       0.304       0.684
20160225       0.462       0.205       0.290       0.488
20160226       0.441       0.161       0.202       0.376
20160227       0.430       0.233       0.213       0.462
20160228       0.431       0.372       0.217       0.444
20160229       0.435       0.315       0.301       0.454
20160301       0.437       0.415       0.269       0.426
20160302       0.414       0.211       0.267       0.348
20160303       0.386       0.152       0.176       0.302
20160304       0.374       0.117       0.175       0.322
20160305       0.359       0.107       0.147       0.341
20160306       0.346       0.088       0.119       0.370
20160307       0.338       0.083       0.093       0.331
20160308       0.327       0.076       0.126       0.343
20160309       0.318       0.063       0.079       0.310
20160310       0.343       0.162       0.111       0.446
20160311       0.415       0.696       0.542       1.575
20160312       0.440       0.382       0.495       0.563
20160313       0.494       0.476       0.409       0.415
20160314       0.694       0.768       0.494       0.606
20160315       2.095       0.933       0.537       0.633
20160316       5.729       7.350       0.876       1.657
20160317       5.938       3.789       1.566       5.490
20160318       3.604       2.083       2.671       3.410
20160319       2.298       1.450       1.523       2.006
20160320       1.622       1.186       1.439       1.922
20160321       1.187       1.010       1.191       1.330
20160322       0.934       1.004       1.010       1.075
20160323   -9999.000   -9999.000       0.881       0.834
20160324       0.736       0.887   -9999.000   -9999.000
20160325       0.775       0.811   -9999.000   -9999.000
20160326       0.898       0.860   -9999.000   -9999.000
20160327       1.006       0.982       0.914       0.966
20160328       1.524       3.407       0.853       0.958
20160329       1.626       2.726       1.061       1.418
20160330       1.894       3.677       2.019       1.572
20160331       1.578       1.605       1.827       1.493
20160401       1.176       1.378       1.490       1.111
20160402       0.900       1.205       1.407       1.158
20160403       1.507       4.712       1.317       0.961
20160404       1.904       3.931       1.360       1.237
20160405       1.498       1.504       1.612       1.236
20160406       1.236       1.665       1.684       1.042
20160407       1.144       1.511       1.507       1.180
20160408       1.545       2.965       1.710       1.384
20160409       2.969       6.098       1.980       1.985
20160410       2.470       3.387       2.365       2.448
20160411       1.704       1.417       2.493       1.682
20160412       1.398       1.410       1.405       1.042
20160413       1.172       1.183       1.228       1.164
20160414       0.934       0.952       1.134       1.062
20160415       0.808       0.928       1.005       0.927
20160416       0.723       0.796       0.909       0.802
20160417       0.651       0.702       0.757       0.637
20160418       0.626       0.678       0.715       0.634
20160419       0.605       0.729       0.660       0.611
20160420       0.589       0.620       0.684       0.622
20160421       0.730       0.854       0.715       0.672
20160422       1.064       3.310       0.878       0.840
20160423       1.087       1.331       1.010       1.066
20160424       0.966       1.162       1.130       0.726
20160425       0.778       0.832       0.938       0.841
20160426       0.642       0.724       0.816       0.678
20160427       0.612       0.651       0.689       0.550
20160428       0.596       0.672       0.648       0.610
20160429       0.831       1.235       0.710       0.637
20160430       1.460       1.973       1.036       0.979
20160501       1.545       2.244       1.606       1.742
20160502       1.531       2.345       1.748       1.520
20160503       1.867       2.791       2.148       1.624
20160504       2.572       3.030       2.525       1.886
20160505       2.537       2.272       2.610       2.318
20160506       2.396       3.167       2.381       2.227
20160507       2.390       2.858       2.893       2.647
20160508       2.477       2.718       2.832       2.198
20160509       2.243       1.974       2.040       1.950
20160510       1.939       1.635       1.873       1.766
20160511       1.674       1.332       1.478       1.547
20160512       1.686       1.440       1.420       1.610
20160513       2.037       3.960       1.681       1.944
20160514       2.281       1.907       2.134       2.583
20160515       2.251       2.579       2.919       2.115
20160516       2.012       1.563       1.546       1.821
20160517       2.163       1.552       1.737       1.885
20160518       1.983       1.587       1.538       1.888
20160519       1.645       1.281       1.345       1.769
20160520       1.346       1.169       1.325       1.506
20160521       1.511       1.575       1.285       1.389
20160522       2.183       1.905       1.501       1.501
20160523       3.510       3.745       2.415       2.670
20160524       3.718       2.871       2.977       3.606
20160525       4.169       4.748       2.692       2.922
20160526       3.415       2.435       2.037       2.886
20160527       2.934       2.717       2.788       2.630
20160528       3.275       4.171       2.900       3.292
20160529       4.070       4.830       3.836       3.750
20160530       4.525       4.674       4.362       4.014
20160531       4.518       4.521       4.364       4.304
20160601       4.509       4.202       4.446       4.127
20160602       4.037       2.890       3.484       3.586
20160603       3.379       2.758       2.927       3.095
20160604       2.795       1.601       2.284       2.729
20160605       2.253       1.247       1.468       1.715
20160606       1.875       1.130       1.210       1.699
20160607       2.194       1.833       1.233       1.776
20160608       3.401       5.161       2.205       2.527
20160609       2.800       1.930       3.396       3.559
20160610       2.197       1.542       1.861       1.729
20160611       1.833       1.528       1.642       1.801
20160612       1.701       1.425       1.437       1.588
20160613       1.583       1.323       1.345       1.536
20160614       1.528       1.341       1.131       1.296
20160615       1.491       1.386       1.353       1.347
20160616       1.476       1.864       1.681       1.656
20160617       1.788       1.781       2.360       2.111
20160618       2.281       1.805       2.166       1.865
20160619       2.579       1.813       1.854       2.126
20160620       3.021       1.931       2.258       2.212
20160621       2.911       1.702       1.754       2.401
20160622       3.885       2.137       1.808       2.816
20160623       3.496       2.154       2.146       3.329
20160624       3.156       2.455       2.175       3.303
20160625       2.871       1.599       2.629       3.197
20160626       2.498       1.451       1.579       2.186
20160627       3.096       2.486       2.079       2.747
20160628       4.166       3.017       2.881       3.641
20160629       3.071       1.775       2.375       3.328
20160630       2.497       1.558       1.872       2.191
20160701       3.071       2.423       2.193       2.487
20160702       3.002       2.063       2.315       3.091
20160703       3.334       2.810       2.247       2.663
20160704       3.388       3.210       2.384       2.840
20160705       2.855       2.029       2.030       2.407
20160706       2.295       1.404       2.031       2.236
20160707       2.190       1.360       1.720       1.852
20160708       2.018       1.265       1.291       1.771
20160709       1.750       0.897       1.177       1.676
20160710       1.555       1.002       0.874       1.284
20160711       1.415       0.825       1.023       1.418
20160712       1.368       1.286       1.038       1.381
20160713       1.404       1.089       1.268       1.494
20160714       1.441       0.930       1.169       1.186
20160715       1.477       1.074       0.908       1.176
20160716       1.392       0.851       0.748       1.064
20160717       1.235       0.654       0.919       1.270
20160718       1.337       1.329       1.136       1.552
20160719       1.635       0.883       1.132       1.293
20160720       1.596       0.804       0.865       1.222
20160721       1.433       0.777       0.828       1.344
20160722       1.369       1.006       0.918       1.440
20160723       1.393       0.916       1.025       1.414
20160724       1.346       0.866       0.925       1.246
20160725       1.233       0.690       0.860       1.176
20160726       1.163       0.582       0.737       1.014
20160727       1.693       2.335       0.785       1.231
20160728       1.883       1.485       1.143       1.466
20160729       2.108       2.405       1.275       1.660
20160730       1.866       1.230       1.285       1.582
20160731       1.655       1.357       1.285       1.428
