date          Qobs       Qsimobs        Qsim       Qusi
20150801       5.030       7.366       7.714       6.004
20150802       4.603       5.838       6.965       4.048
20150803       4.014       6.365       5.847       3.948
20150804       3.471       5.115       5.432       3.849
20150805       3.289       4.578       5.107       3.224
20150806       3.473       4.478       4.858       3.164
20150807       3.236       4.120       4.907       3.554
20150808       3.094       5.128       4.666       3.537
20150809       3.070       4.772       4.470       3.147
20150810       2.952       4.140       4.446       2.899
20150811       2.693       3.594       3.989       2.652
20150812       2.551       3.823       4.077       2.888
20150813       2.771       3.802       3.690       2.598
20150814       2.777       3.146       3.537       2.250
20150815       2.542       2.747       3.142       1.333
20150816       2.209       2.441       2.747       2.240
20150817       1.922       2.217       2.434       2.002
20150818       1.689       2.012       2.217       1.780
20150819       1.476       1.968       2.012       1.568
20150820       1.303       1.952       1.968       1.449
20150821       1.161       1.934       1.951       1.312
20150822       1.034       1.917       1.934       1.164
20150823       0.931       1.900       1.917       1.034
20150824       0.846       1.882       1.900       0.930
20150825       0.762       1.865       1.882       0.841
20150826       0.702       1.889       1.865       0.742
20150827       0.696       1.873       1.874       0.708
20150828       0.916       6.110       2.505       0.948
20150829       1.779       7.238       5.353       1.843
20150830       2.693       5.055       5.616       2.053
20150831       2.730       4.985       5.063       2.572
20150901       2.507       4.134       4.883       2.773
20150902       2.239       3.578       4.106       2.268
20150903       1.966       3.111       3.582       2.009
20150904       1.731       2.715       3.111       1.766
20150905       1.541       2.853       2.957       1.680
20150906       1.391       3.094       2.722       1.542
20150907       1.351       2.833       2.757       1.457
20150908       1.605       2.515       2.874       1.372
20150909       1.824       3.002       2.920       1.573
20150910       1.843       2.564       2.869       1.701
20150911       1.751       2.299       2.056       1.668
20150912       1.614       2.091       2.299       1.591
20150913       1.449       1.903       2.091       1.475
20150914       1.293       1.836       1.876       1.302
20150915       1.196       1.822       1.833       1.278
20150916       1.051       1.808       1.822       1.214
20150917       1.012       1.794       1.807       1.086
20150918       1.185       3.459       1.937       1.095
20150919       5.015       5.161       3.707       2.344
20150920      13.764       5.624       5.215       5.476
20150921      14.467       5.654       5.072      13.383
20150922      11.188       4.905       5.074      13.077
20150923       8.451       4.343       4.854      10.241
20150924       6.626       3.668       4.233       7.356
20150925       5.624       3.833       3.805       6.005
20150926       6.661       4.865       4.218       5.966
20150927       9.501       5.617       4.947       7.705
20150928      10.386       5.298       5.188       9.715
20150929       8.554       4.282       4.568       9.271
20150930       7.851       3.822       5.209       9.184
20151001      20.442       6.381       5.560       9.168
20151002      64.282      45.063      17.963      40.888
20151003      59.299      31.569      35.408      98.364
20151004      40.758      21.604      28.234      47.802
20151005      28.062      15.518      20.161      27.986
20151006      19.820      10.910      14.422      20.626
20151007      13.111       8.096      10.909      14.449
20151008       8.758       6.720       8.098       9.871
20151009       6.404       5.804       6.720       7.598
20151010       4.996       5.329       5.812       5.825
20151011       4.068       4.543       5.155       4.675
20151012       3.424       3.892       4.527       3.593
20151013       2.966       3.327       3.892       3.034
20151014       2.929       3.503       3.633       2.853
20151015       2.948       2.837       2.933       2.599
20151016       2.906       2.557       2.932       2.654
20151017       3.146       2.207       2.656       2.780
20151018       3.592       2.013       2.198       2.737
20151019       3.774       1.909       1.990       3.203
20151020       3.551       1.894       1.905       3.620
20151021       3.287       1.881       1.900       3.668
20151022       4.111       3.789       2.930       4.988
20151023       6.404       5.926       3.304       5.768
20151024       7.466       4.444       4.907       7.308
20151025       7.363       4.786       4.673       7.077
20151026       9.113       4.377       4.842       7.451
20151027      12.408       6.285       4.139       8.192
20151028      11.030       4.704       5.163      12.189
20151029       8.336       4.048       4.704       9.253
20151030       6.245       3.473       4.048       7.285
20151031       5.131       3.259       3.588       5.508
20151101       6.580       5.397       3.747       5.454
20151102      21.293      16.357   -9999.000   -9999.000
20151103      32.591      16.214      16.637      31.495
20151104      27.136      12.258      14.735      30.184
20151105      22.273       8.620      10.926      19.618
20151106      16.848       7.000       7.998      15.909
20151107      12.391       6.340       7.000      14.180
20151108      12.149       7.307       6.959      12.500
20151109      11.072       7.266       7.604      12.998
20151110       9.995       6.270       6.847      10.546
20151111      11.625       7.351       6.699       9.386
20151112      12.370       6.387       6.779      10.723
20151113      11.010       5.609       6.105      10.760
20151114       8.901       4.989       5.813       9.988
20151115       6.802       4.265       4.929       7.777
20151116       5.386       3.707       4.264       5.928
20151117       4.511       3.601       3.757       4.798
20151118       3.777       3.014       3.451       4.072
20151119       3.277       2.588       3.007       3.275
20151120       2.925       2.223       2.589       2.866
20151121       2.629       2.126       2.235       2.514
20151122       2.340       2.062       2.123       2.484
20151123       2.174       2.064       2.088       2.623
20151124       2.034       2.004       2.108       2.180
20151125       1.920       1.973       2.027       2.003
20151126       1.858       2.048       2.632       2.266
20151127       4.079       5.187       5.098       4.426
20151128      12.628       9.556       4.968       4.655
20151129      12.743       5.995       7.250      15.022
20151130       9.804       5.333       6.024       9.909
20151201       7.686       4.899       5.388       8.494
20151202       6.211       4.263       5.006       7.318
20151203       5.188       3.793       4.307       5.437
20151204       4.331       3.264       3.773       4.615
20151205       3.779       2.911       3.360       4.055
20151206       3.493       4.449       3.172       3.641
20151207       3.613      12.286       3.565       4.062
20151208       3.788       6.150       8.442       6.743
20151209       4.139       9.939       6.395       3.224
20151210       5.123      10.592       8.484       5.110
20151211       5.267      10.160       8.871       5.632
20151212       4.932       9.063       8.815       5.388
20151213       4.428       6.191       8.096       4.707
20151214       3.959       5.122       6.236       3.614
20151215       3.573       4.581       5.165       3.523
20151216       3.382       4.188       4.607       3.338
20151217       3.220       3.734       4.186       3.152
20151218       3.138       3.409       4.483       3.672
20151219       4.069       4.680       4.716       3.696
20151220       7.795       6.251       7.917       7.114
20151221      12.524       7.473   -9999.000   -9999.000
20151222      15.005       9.234   -9999.000   -9999.000
20151223      15.412       7.457       7.082      13.733
20151224      11.985       5.857       7.244      13.214
20151225       9.856       9.652       5.811       9.356
20151226       9.500       6.512       7.545       9.951
20151227       7.926       5.472       6.438       7.684
20151228       6.234       4.728       5.437       6.753
20151229       5.067       4.145       4.726       5.551
20151230       4.281       3.634       4.140       4.556
20151231       3.733       5.693       3.628       3.851
20160101       3.330       4.877       4.790       4.250
20160102       3.005       4.442       4.686       3.276
20160103       2.681       3.815       4.374       2.877
20160104       2.379       3.375       3.817       2.428
20160105       2.109       2.992       3.388       2.214
20160106       1.884       2.676       2.988       1.899
20160107       1.670       2.400       2.676       1.767
20160108       1.471       2.163       2.402       1.564
20160109       1.306       1.961       2.164       1.369
20160110       1.162       1.940       1.961       1.218
20160111       1.125       2.048       1.987       1.198
20160112       1.043       1.983       1.958       1.155
20160113       0.971       1.950       1.977       1.059
20160114       0.906       1.923       1.945       0.964
20160115       0.844       1.898       1.924       0.910
20160116       0.786       1.917       1.909       0.846
20160117       0.782       1.893       1.914       0.804
20160118       0.845       2.101       1.962       0.796
20160119       0.810       2.083       2.067       0.895
20160120       0.777       2.055       2.092       0.833
20160121       0.741       2.048       2.059       0.781
20160122       0.711       1.969       2.039       0.742
20160123       0.702       1.964       1.970       0.702
20160124       0.700       1.945       1.959       0.698
20160125       0.688       1.891       1.971       0.714
20160126       0.690       1.899       1.925       0.702
20160127       0.684       1.940       1.918       0.700
20160128       0.676       1.839       1.886       0.692
20160129       0.673       1.834       1.895       0.697
20160130       0.732       3.384       1.895       0.692
20160131       0.734       2.413       2.548       0.944
20160201       0.728       2.219       2.420       0.691
20160202       0.705       2.075       2.240       0.698
20160203       0.722       1.960       2.073       0.678
20160204       0.801       2.112       2.051       0.734
20160205       0.824       2.059       2.058       0.789
20160206       0.821       1.933       2.022       0.827
20160207       0.818       1.945       2.014       0.814
20160208       0.797       3.066       1.914       0.808
20160209       0.778       4.028       2.037       0.848
20160210       0.761       2.796       3.163       0.950
20160211       0.749       2.485       2.801       0.732
20160212       0.736       2.217       2.478       0.700
20160213       0.721       2.047       2.222       0.679
20160214       0.710       1.888       2.034       0.677
20160215       0.690       1.761       1.885       0.660
20160216       0.692       1.742       1.787       0.668
20160217       0.670       1.723       1.724       0.679
20160218       0.651       1.676       1.709       0.666
20160219       0.627       1.647       1.680       0.646
20160220       0.603       1.621       1.648       0.635
20160221       0.591       1.628       1.639       0.608
20160222       0.578       1.597       1.612       0.591
20160223       0.574       1.573       1.597       0.568
20160224       0.615       1.668       1.623       0.586
20160225       0.645       1.707       1.730       0.654
20160226       0.666       1.742       1.710       0.662
20160227       0.674       1.682       1.723       0.675
20160228       0.672       1.751       1.730       0.683
20160229       0.660       1.662       1.732       0.690
20160301       0.636       1.614       1.671       0.641
20160302       0.607       1.577       1.616       0.632
20160303       0.588       1.545       1.583       0.598
20160304       0.576       1.536       1.547       0.582
20160305       0.565       1.513       1.543       0.565
20160306       0.548       1.486       1.508       0.563
20160307       0.541       1.464       1.489       0.543
20160308       0.538       1.509       1.479       0.537
20160309       0.529       1.453       1.488       0.534
20160310  -10000.000       1.430       1.456       0.520
20160311  -10000.000       1.408       1.429       0.468
20160312  -10000.000       1.388       1.409       1.408
20160313  -10000.000       1.371       1.390       1.390
20160314  -10000.000       1.436       1.784       1.772
20160315  -10000.000       2.134       1.645       1.614
20160316  -10000.000       2.766       1.844       2.059
20160317  -10000.000       4.029       2.304       2.453
20160318  -10000.000       3.494       3.093       3.219
20160319  -10000.000       2.748       3.279       3.262
20160320  -10000.000       2.530       2.783       2.771
20160321  -10000.000       2.399       2.576       2.559
20160322  -10000.000       2.357       2.369       2.342
20160323   -9999.000   -9999.000       2.192       2.179
20160324  -10000.000       1.439   -9999.000   -9999.000
20160325  -10000.000       1.326   -9999.000   -9999.000
20160326  -10000.000       1.276   -9999.000   -9999.000
20160327  -10000.000       3.236       1.296       1.292
20160328  -10000.000       9.306       2.205       2.393
20160329       3.981      15.011       5.227       5.729
20160330       5.486      15.680      11.994      12.862
20160331       6.323       9.060      12.826      13.194
20160401       6.113       6.483       9.023       5.031
20160402       5.414       5.428       6.503       4.848
20160403       4.787       8.007       6.050       5.176
20160404       4.502      12.699       8.023       6.925
20160405       4.746      14.372      10.823       5.943
20160406       5.557      13.556      12.678       5.985
20160407       7.228      17.307      13.493       6.383
20160408       9.358      12.618      14.193       8.102
20160409       9.418       9.953      11.523       7.924
20160410       8.133       6.724       8.952       7.599
20160411       6.869       5.645       6.723       6.160
20160412       5.898       5.679       5.695       6.034
20160413       5.192       5.881       5.378       5.644
20160414       4.602       4.632       5.244       5.066
20160415       4.228       4.173       4.714       4.500
20160416       3.948       5.080       4.250       4.065
20160417       3.694       5.084       4.446       4.232
20160418       3.621       5.691       4.749       3.878
20160419       3.856       7.101       5.727       4.253
20160420       4.417       6.496       5.960       4.184
20160421       5.003       7.479       6.051       4.644
20160422       5.555       9.024       6.854       6.380
20160423       5.297       5.838       7.200       5.806
20160424       4.698       4.847       5.813       4.314
20160425       4.149       4.188       4.850       4.111
20160426       3.735       3.688       4.200       3.702
20160427       3.388       3.163       3.630       3.346
20160428       3.183       3.085       3.171       3.074
20160429       3.821       7.902       3.976       4.011
20160430       8.998       9.410       5.971       4.716
20160501      14.811      13.153       8.305      10.095
20160502      17.892      12.572      10.974      15.101
20160503      20.642      15.081      12.192      17.873
20160504      25.678      16.217      13.857      19.806
20160505      27.634      15.612      14.513      24.483
20160506      26.273      15.913      14.937      25.650
20160507      25.182      17.304      15.225      25.410
20160508      27.587      18.219      16.672      25.457
20160509      31.004      17.621      17.366      25.588
20160510      34.343      19.802      17.220      27.522
20160511      31.856      13.081      16.902      27.932
20160512      26.973      12.130      13.430      25.313
20160513      22.938       9.598      11.695      21.105
20160514      19.492       7.264       9.423      17.334
20160515      17.884       7.320       7.426      16.508
20160516      17.030       6.950       6.374      14.831
20160517      15.891       6.378       5.489      12.855
20160518      14.167       4.684       6.049      14.154
20160519      11.830       6.005       5.213      12.598
20160520      10.140       4.665       4.856      11.548
20160521      14.878       9.042       6.100      11.538
20160522      20.194       9.300       7.345      16.748
20160523      24.882      14.298       9.321      19.927
20160524      24.439      10.669      11.760      24.864
20160525      22.626       8.882      11.286      20.890
20160526      19.404       7.135       8.572      18.620
20160527      17.952       7.695       7.502      16.102
20160528      17.589       8.256       7.652      16.660
20160529      18.492       7.900       7.972      16.455
20160530      16.970       7.440       7.802      16.585
20160531      15.075       7.024       7.362      14.968
20160601      13.855       6.359       6.939      13.181
20160602      12.154       5.385       6.316      12.139
20160603      10.214       4.430       5.323      10.200
20160604       7.976       3.647       4.390       8.393
20160605       6.214       2.987       3.614       6.640
20160606       4.903       2.555       2.991       5.322
20160607       4.193       2.303       2.562       4.299
20160608       4.114       2.367       2.542       4.216
20160609       3.757       2.440       2.300       4.008
20160610       3.202       2.266       2.283       3.632
20160611       2.776       2.051       2.121       2.999
20160612       2.426       1.947       2.059       2.646
20160613       2.234       1.867       1.946       2.362
20160614       2.101       1.794       1.866       2.183
20160615       2.018       1.760       1.797       2.068
20160616       2.139       2.100       1.859       2.080
20160617       2.209       1.866       1.843       2.140
20160618       2.324       3.515       2.373       2.694
20160619       2.490       2.753       2.842       2.848
20160620       2.607       3.335       3.053       2.593
20160621       2.541       2.707       2.970       2.729
20160622       2.522       2.850       2.774       2.405
20160623       2.392       2.464       2.645       2.393
20160624       2.242       2.184       2.781       2.529
20160625       2.311       2.833       2.562       2.400
20160626       2.396       2.134       2.413       2.301
20160627       2.268       1.972       2.153       2.121
20160628       2.129       1.906       1.959       2.029
20160629       1.903       1.771       1.911       2.054
20160630       1.680       1.623       1.700       1.781
20160701       1.495       1.583       1.623       1.642
20160702       1.357       1.566       1.578       1.433
20160703       1.255       1.561       1.570       1.377
20160704       1.193       2.343       2.141       1.744
20160705       1.101       2.097       1.881       1.340
20160706       1.002       1.644       1.923       1.086
20160707       0.974       2.035       1.893       0.994
20160708       0.949       1.624       2.142       1.099
20160709       0.875       1.564       1.595       0.820
20160710       0.801       1.544       1.562       0.843
20160711       0.736       1.532       1.544       0.788
20160712       0.751       1.528       1.878       0.918
20160713       0.924       2.767       1.776       0.855
20160714       1.017       2.763       2.066       1.022
20160715       0.992       2.303       2.397       1.055
20160716       0.947       1.939       2.219       0.916
20160717       1.015       2.436       2.116       0.898
20160718       1.249       3.061       2.364       1.121
20160719       1.419       2.430       2.655       1.354
20160720       1.380       2.138       2.367       1.249
20160721       1.290       1.853       2.092       1.212
20160722       1.151       1.603       1.853       1.142
20160723       1.038       1.627       1.602       0.986
20160724       1.540       6.174       1.581       0.970
20160725       2.191       3.742       3.916       2.037
20160726       2.153       3.092       3.665       2.007
20160727       4.189      15.148       4.006       2.404
20160728       4.571       7.072       7.253       6.580
20160729       4.153       6.305       8.742       4.692
20160730       3.665       5.116       6.053       3.635
20160731       4.081       6.664       5.753       3.761
