date          Qobs       Qsimobs        Qsim       Qusi
20150801      71.811      60.647      65.968      67.177
20150802      68.733      57.421      62.339      67.932
20150803      64.798      54.379      59.459      67.314
20150804      61.222      51.675      56.601      61.902
20150805      65.331      55.247      54.951      61.410
20150806      73.327      52.751      54.713      63.693
20150807      82.358      65.545      53.871      71.532
20150808      92.928      63.029      60.576      81.144
20150809      95.051      59.388      63.364      89.765
20150810      92.439      54.228      59.229      90.540
20150811      92.735      59.337      54.390      86.558
20150812      98.830      65.920      57.339      90.089
20150813      98.584      54.477      63.100      97.048
20150814      91.105      50.526      56.625      92.819
20150815      83.288      50.742      52.063      88.103
20150816      83.927      54.097      51.614      81.720
20150817      92.366      51.498      52.470      81.341
20150818      97.760      48.085      51.159      86.785
20150819      96.567      47.070      48.468      93.636
20150820      91.548      46.516      46.755      93.634
20150821      85.689      44.310      45.945      90.511
20150822      81.096      44.430      44.486      82.487
20150823      78.571      41.642      44.017      78.347
20150824      75.723      40.186      42.110      73.638
20150825      72.985      40.037      40.015      70.333
20150826      74.634      45.715      42.716      76.670
20150827      82.148      44.628      48.941      77.666
20150828      86.660      43.726      45.304      81.142
20150829      87.969      55.913      47.907      86.991
20150830      90.153      62.374      56.914      95.351
20150831      89.471      64.411      62.902      97.947
20150901      81.589      50.001      60.603      85.156
20150902      71.632      44.925      51.177      71.007
20150903      62.090      40.818      46.049      64.278
20150904      54.300      37.686      40.295      55.458
20150905      51.396      58.349      40.866      54.294
20150906      49.625      42.626      52.137      51.657
20150907      46.509      37.891      42.552      44.544
20150908      42.675      34.658      38.513      42.590
20150909      38.671      31.662      35.714      40.026
20150910      35.008      29.632      32.655      36.608
20150911      31.802      27.685      29.946      33.084
20150912      29.173      26.848      27.841      29.947
20150913      27.254      27.256      26.996      27.876
20150914      28.681      35.151      27.699      27.879
20150915      33.503      30.884      32.493      29.560
20150916      40.303      38.832      35.312      36.627
20150917      45.119      30.917      35.337      38.978
20150918      45.868      28.604      31.285      40.606
20150919      44.473      31.052      30.123      43.415
20150920      44.675      37.492      30.300      43.436
20150921      43.911      30.720      33.667      43.133
20150922      40.794      26.174      30.676      40.146
20150923      36.726      24.254      27.801      37.678
20150924      33.149      24.570      25.014      34.383
20150925      31.588      36.984      29.397      36.591
20150926      36.727      52.498      38.229      37.796
20150927      43.088      40.816      46.453      37.776
20150928      43.688      35.265      39.506      39.224
20150929      40.732      31.452      35.293      38.969
20150930      37.090      26.341      31.919      37.403
20151001      34.488      43.394      34.013      36.819
20151002      34.407      33.512      43.147      35.428
20151003      39.255      55.044      37.132      35.072
20151004      43.971      47.348      50.528      41.523
20151005      45.057      39.259      43.934      39.989
20151006      43.238      35.687      38.813      40.100
20151007      39.212      33.734      35.362      39.283
20151008      34.283      31.503      33.298      36.790
20151009      29.976      29.839      31.465      32.677
20151010      26.245      26.918      28.938      28.342
20151011      22.975      24.254      26.534      24.560
20151012      20.165      22.387      24.002      21.172
20151013      17.820      20.203      21.981      18.785
20151014      15.876      17.758      19.956      16.512
20151015      14.240      16.217      18.007      14.470
20151016      12.901      14.821      16.464      13.309
20151017      11.762      13.535      14.828      12.080
20151018      10.797      12.366      13.554      10.799
20151019      10.023      11.368      12.360      10.047
20151020       9.410      10.484      11.293       9.337
20151021       9.473      15.083      12.207      10.312
20151022      15.436      29.744      21.914      14.539
20151023      35.599      86.038      37.222      22.760
20151024      47.313      49.622      59.035      39.989
20151025      62.550     109.141      54.201      46.725
20151026      72.263      89.769      95.076      75.450
20151027      74.386      80.707      88.165      63.990
20151028      67.673      63.584      79.193      68.303
20151029      58.636      52.082      65.591      59.060
20151030      49.882      44.416      54.591      52.397
20151031      45.258      48.352      52.061      49.192
20151101      49.937      69.933      53.572      50.323
20151102      53.231      66.068   -9999.000   -9999.000
20151103      53.508      52.284      59.517      49.252
20151104      52.649      60.384      52.492      47.821
20151105      51.352      52.471      56.876      50.695
20151106      48.291      45.860      51.269      47.460
20151107      47.118      52.546      51.457      49.862
20151108      48.119      53.967      49.916      44.888
20151109      53.681      84.231      50.770      49.992
20151110      70.776     118.081      78.565      60.471
20151111      80.943     117.237     105.392      76.719
20151112      88.300     107.544     118.946      83.582
20151113      87.269     115.943     102.854      77.361
20151114      82.478     102.396     105.556      82.106
20151115      82.683     105.744     104.858      82.823
20151116      76.864      82.337     103.029      71.463
20151117      71.421      82.727      86.805      73.987
20151118      69.883      92.024      81.204      65.921
20151119      60.032      66.874      84.095      62.617
20151120      49.939      55.483      66.120      52.163
20151121      41.277      46.863      55.532      43.487
20151122      34.128      40.470      46.859      35.656
20151123      28.358      34.529      40.517      30.461
20151124      24.195      33.584      36.588      26.041
20151125      21.210      32.046      34.572      23.046
20151126      19.217      29.304      34.202      21.245
20151127      43.842      60.773      40.184      25.340
20151128      91.087      81.130      55.561      36.697
20151129      98.453      54.007      74.499      84.288
20151130      89.652      50.151      53.347      83.108
20151201      77.113      47.799      49.079      78.270
20151202      67.765      43.601      51.013      76.746
20151203      68.892      56.331      44.558      63.542
20151204      62.539      45.672      53.539      64.517
20151205      71.171      69.637      49.016      65.293
20151206      85.613     103.072      66.114      68.345
20151207      81.415      92.488      87.601      94.125
20151208      71.882      67.209      88.393      82.071
20151209      79.559      99.000      72.900      66.098
20151210      94.875     117.500      82.504      78.936
20151211      94.587     110.181     106.418      95.169
20151212      82.551      89.298     104.513      85.453
20151213      68.677      70.869      89.871      71.403
20151214      56.392      57.922      70.288      57.963
20151215      46.509      47.810      58.177      48.165
20151216      38.635      41.490      49.204      41.014
20151217      35.197      39.814      50.599      41.833
20151218      50.310      49.713      48.884      37.632
20151219      80.754      59.777      63.554      56.876
20151220     146.913     122.021      79.120     102.812
20151221     212.234     192.925   -9999.000   -9999.000
20151222     206.671     168.649   -9999.000   -9999.000
20151223     172.621     154.758     152.622     191.428
20151224     144.348     153.875     147.450     162.752
20151225     134.472     188.964     147.051     134.880
20151226     111.820     140.710     163.150     130.840
20151227      88.070     111.597     137.672      95.349
20151228      68.726      91.926     112.057      76.455
20151229      55.120      75.993      92.218      60.927
20151230      44.621      83.207      79.859      51.527
20151231      42.045     112.793      80.266      51.609
20160101      40.972     106.865      91.830      44.032
20160102      37.914      85.116      96.275      39.754
20160103      32.714      70.571      83.718      33.697
20160104      26.630      59.063      70.064      28.850
20160105      21.925      50.068      59.067      23.803
20160106      19.404      43.043      50.060      19.653
20160107      17.346      37.462      43.046      17.443
20160108      15.294      33.475      37.453      15.788
20160109      13.606      30.584      33.487      14.055
20160110      12.116      27.944      30.571      12.953
20160111      10.763      25.548      28.072      11.494
20160112       9.775      23.445      25.589      10.273
20160113       9.107      21.483      23.560       9.194
20160114       8.426      20.304      21.789       8.788
20160115       8.062      19.415      20.358       7.924
20160116       7.865      20.408      20.827       8.261
20160117       7.407      16.473      18.714       7.357
20160118       7.239      20.624      17.927       7.380
20160119       6.994      15.893      19.219       6.715
20160120       6.706      13.629      16.058       6.405
20160121       6.407      11.964      13.618       6.023
20160122       6.143      10.668      11.968       5.798
20160123       6.018      10.286      11.596       6.302
20160124       6.293      16.915      14.057       7.632
20160125       7.357      17.785      18.178       7.479
20160126      17.858      46.308      19.571       8.240
20160127      27.732      44.024      36.793      22.036
20160128      30.680      36.757      40.959      26.017
20160129      34.339      40.316      37.631      29.703
20160130      40.966      74.508      44.341      34.523
20160131      39.296      53.517      77.484      42.558
20160201      35.976      47.152      50.909      35.022
20160202      34.057      48.448      47.446      32.531
20160203      31.811      39.863      46.267      29.023
20160204      28.801      36.248      39.616      27.722
20160205      25.746      29.040      35.009      26.105
20160206      24.015      27.893      31.177      24.806
20160207      24.370      27.503      30.124      23.474
20160208      25.214      28.949      27.909      23.889
20160209      23.833      27.366      27.114      23.684
20160210      21.681      25.421      25.893      22.794
20160211      19.417      20.829      24.165      19.407
20160212      17.205      18.352      20.602      17.262
20160213      15.173      16.413      18.433      15.630
20160214      13.577      14.936      16.410      13.861
20160215      12.215      13.638      14.936      12.361
20160216      11.041      12.502      13.679      11.222
20160217      10.478      12.539      14.189      11.583
20160218      10.058      14.040      13.662      11.050
20160219       9.360      11.596      12.916       9.965
20160220       9.062      12.910      12.619       9.532
20160221       9.157      16.209      14.766      10.671
20160222       9.283      20.103      16.075       9.835
20160223       9.109      17.245      19.466       9.085
20160224       9.076      16.271      17.705       8.817
20160225       8.935      14.494      15.286       8.297
20160226       8.926      13.805      14.767       8.429
20160227       8.656      12.303      14.114       8.617
20160228       8.187      11.666      12.665       8.699
20160229       7.902      10.101      11.135       7.330
20160301       7.508       9.010      10.077       7.369
20160302       7.179       8.623      10.805       8.084
20160303       6.768       7.620       8.617       6.715
20160304       6.516       7.052       7.919       6.490
20160305       6.366       6.903       7.855       6.835
20160306       6.241       6.154       6.877       5.868
20160307       6.091       5.681       6.221       5.767
20160308       5.913       5.290       5.698       5.700
20160309       5.286       4.925       5.307       5.418
20160310       5.187       4.724       5.107       5.196
20160311       5.117       4.369       4.684       4.971
20160312       5.076       4.130       4.382       4.914
20160313       5.445       6.587       5.357       6.795
20160314       6.839       9.044       9.797       7.642
20160315       8.638       6.837      10.165       7.402
20160316      10.005       6.045      10.347      11.650
20160317      10.940       5.423       7.542      11.050
20160318      12.069       6.248       5.642       9.834
20160319      12.734       5.357       5.850      11.968
20160320      11.351       6.455       6.186      13.610
20160321      11.781       6.462       6.710      11.970
20160322      11.803       6.887       7.465      13.879
20160323   -9999.000   -9999.000       6.921      11.334
20160324      11.298       6.620   -9999.000   -9999.000
20160325      11.477       7.887   -9999.000   -9999.000
20160326      11.911       9.860   -9999.000   -9999.000
20160327      17.682      19.373      13.076      17.300
20160328      23.863      21.255      16.095      17.785
20160329      26.024      29.479      20.942      28.879
20160330      27.561      23.394      24.709      29.462
20160331      26.568      21.256      22.503      25.069
20160401      24.802      18.269      21.110      23.740
20160402      23.717      18.488      19.746      24.503
20160403      22.964      16.943      18.641      22.275
20160404      21.645      16.306      17.945      22.880
20160405      21.081      22.418      18.439      22.994
20160406      21.968      18.974      20.970      24.294
20160407      23.476      18.643      19.591      21.203
20160408      24.290      16.644      18.466      21.218
20160409      24.106      14.703      16.485      22.044
20160410      23.116      13.351      14.709      21.405
20160411      21.784      12.771      13.340      20.865
20160412      20.444      12.417      12.360      20.276
20160413      19.314      13.003      11.865      19.477
20160414      18.382      13.122      12.623      19.588
20160415      17.610      12.825      13.115      19.252
20160416      16.930      11.998      12.774      17.301
20160417      16.178      10.569      11.848      15.447
20160418      15.833      13.672      12.117      17.268
20160419      17.364      17.908      15.509      18.414
20160420      18.140      14.973      17.213      17.086
20160421      18.779      18.080      16.210      19.863
20160422      19.697      18.317      18.803      18.937
20160423      19.396      15.284      17.148      18.188
20160424      18.430      12.408      14.936      16.906
20160425      17.240      10.756      12.948      16.723
20160426      15.997       9.491      10.848      15.428
20160427      14.785       8.648       9.466      14.319
20160428      13.703       8.680       8.562      13.636
20160429      12.796      10.141       9.068      14.401
20160430      12.162      11.115       9.876      13.802
20160501      11.645      15.272      10.451      12.934
20160502      11.750      17.518      13.956      14.194
20160503      15.549      24.311      20.207      15.995
20160504      20.429      23.998      22.085      17.093
20160505      23.562      28.425      26.193      21.522
20160506      26.622      37.496      28.190      27.029
20160507      29.793      47.248      36.294      31.545
20160508      35.772      64.293      48.396      38.039
20160509      53.246      79.389      63.587      44.089
20160510      66.271      91.589      75.908      60.228
20160511      75.256      98.966      88.420      72.948
20160512      81.578     103.745      94.899      79.416
20160513      80.714      87.041      94.072      78.822
20160514      73.112      71.905      83.936      72.160
20160515      63.148      63.128      71.350      64.269
20160516      54.285      58.755      62.167      56.945
20160517      47.810      56.090      57.361      50.312
20160518      43.298      50.926      53.643      44.784
20160519      39.734      47.612      50.080      41.264
20160520      38.902      55.783      50.137      39.828
20160521      44.957      67.544      55.857      42.487
20160522      55.925      70.015      67.115      48.218
20160523      70.406      91.828      71.250      59.758
20160524      76.070      76.284      80.283      71.988
20160525      75.912      77.338      75.945      72.499
20160526      73.271      84.991      77.567      76.654
20160527      70.906      88.394      83.361      76.287
20160528      70.218      93.785      87.665      74.333
20160529      71.527     103.108      97.378      76.904
20160530      75.110      97.818      98.699      72.207
20160531      91.751     114.396      99.964      74.049
20160601     114.814     110.200     112.223      91.792
20160602     131.995     110.337     111.076     112.511
20160603     143.509     112.163     110.200     125.627
20160604     145.331     112.697     110.232     136.476
20160605     138.444     112.436     110.623     139.332
20160606     127.389     111.010     110.305     136.180
20160607     117.707     109.136     109.212     123.046
20160608     110.964     100.128     105.797     110.755
20160609     102.453      90.600      97.421     101.849
20160610      91.142      81.410      88.534      93.868
20160611      79.211      75.878      80.986      83.844
20160612      69.326      71.941      75.354      73.188
20160613      62.054      70.760      71.680      66.684
20160614      57.299      68.044      69.775      59.297
20160615      54.844      67.840      69.080      57.372
20160616      55.575      65.949      67.103      53.989
20160617      59.221      63.292      64.882      53.319
20160618      61.878      60.849      62.481      56.166
20160619      63.498      54.782      58.793      57.389
20160620      62.985      50.257      53.900      57.123
20160621      62.627      52.548      56.264      63.776
20160622      63.678      46.875      51.601      59.425
20160623      63.639      46.146      46.773      58.321
20160624      63.495      46.153      45.881      59.828
20160625      65.905      59.676      49.755      66.788
20160626      69.550      50.342      54.700      65.956
20160627      77.405      55.913      51.608      66.492
20160628      87.735      62.157      54.017      72.691
20160629      89.945      52.250      59.849      82.612
20160630      85.656      47.785      51.272      80.945
20160701      83.578      45.553      49.566      82.033
20160702      81.971      45.852      46.925      80.483
20160703      81.902      56.782      53.107      90.371
20160704      81.957      53.222      56.740      85.165
20160705      76.904      46.413      54.001      80.261
20160706      69.664      41.511      46.679      70.762
20160707      62.250      36.828      40.924      61.459
20160708      55.796      36.001      37.473      56.604
20160709      51.412      37.210      37.345      55.356
20160710      49.256      37.346      36.300      49.423
20160711      48.612      36.844      39.920      52.312
20160712      49.625      35.652      38.210      48.079
20160713      53.147      42.634      38.036      51.317
20160714      56.282      36.489      40.812      53.017
20160715      56.136      33.766      36.052      51.333
20160716      56.116      37.718      34.537      51.906
20160717      68.986      62.898      43.697      63.798
20160718      83.971      56.944      57.148      73.324
20160719      86.918      47.114      53.522      75.988
20160720      86.510      58.999      48.685      79.267
20160721      82.744      48.591      55.109      84.236
20160722      77.974      47.087      50.999      78.227
20160723      74.743      46.153      48.669      75.703
20160724      70.354      41.995      45.273      69.376
20160725      65.381      40.606      43.069      66.602
20160726      62.489      54.937      45.315      69.458
20160727      62.856      48.232      52.992      64.032
20160728      66.957      53.395      56.730      68.666
20160729      75.026      62.737      51.846      64.321
20160730      78.078      56.410      60.094      75.614
20160731      76.627      55.234      55.504      71.855
