date          Qobs       Qsimobs        Qsim       Qusi
20150801       4.556       2.728       4.440       6.551
20150802       5.068       5.519       2.741       3.180
20150803       4.185       2.713       3.928       3.660
20150804       3.496       2.387       2.723       3.337
20150805      16.521      23.534       7.663       8.637
20150806      10.375      12.070      16.816      17.077
20150807       6.764       5.637      10.789       9.893
20150808       5.195       3.676       7.083       5.950
20150809       3.681       2.839       3.469       3.098
20150810       3.103       2.512       2.784       3.046
20150811       2.712       2.291       2.499       2.920
20150812       2.490       2.258       2.307       2.309
20150813       1.987       1.883       2.152       2.283
20150814       1.680       1.682       1.883       1.844
20150815       1.449       1.527       1.682       1.522
20150816       1.280       1.351       1.515       1.352
20150817       1.170       1.206       1.351       1.129
20150818       1.056       1.077       1.206       1.033
20150819       0.975       0.962       1.077       0.962
20150820       0.899       0.858       0.964       0.849
20150821       0.845       0.780       0.858       0.816
20150822       0.792       0.737       0.773       0.740
20150823       0.750       0.665       0.714       0.716
20150824       0.727       0.601       0.650       0.672
20150825       1.352       3.859       0.668       0.739
20150826       4.900      17.225       7.133       4.097
20150827      12.422      21.660      14.248      10.230
20150828      13.273      16.208      18.907      14.259
20150829       6.399       6.660      13.504      12.378
20150830       3.987       3.176       6.750       5.005
20150831       3.125       2.259       3.175       1.944
20150901       2.630       2.015       2.253       2.338
20150902      37.497       7.208       3.004       3.551
20150903      34.935      15.647      16.175      27.400
20150904      16.014       6.379      11.195      18.538
20150905      14.675       8.637       7.383       9.326
20150906      10.456       3.501       7.485       9.800
20150907       7.090       2.702       3.445       5.862
20150908       5.172       2.412       2.692       5.809
20150909       3.846       2.151       2.405       4.859
20150910       3.223       1.922       2.157       3.522
20150911       2.782       1.717       1.926       2.964
20150912       2.460       1.533       1.717       2.594
20150913       3.256       2.713       1.691       2.403
20150914       4.839       2.199       1.993       2.513
20150915      15.414       2.444       2.097       3.567
20150916      19.701      18.115       7.710      15.607
20150917      25.709       8.724      15.129      17.244
20150918      25.149      23.637      15.554      20.921
20150919      14.501       8.626      17.035      18.566
20150920       9.448       4.455       9.501       8.779
20150921       7.140       2.907       4.445       4.963
20150922       6.547       2.631       2.903       4.647
20150923      10.810       9.716       4.248       7.838
20150924       8.183       3.043       6.870       8.503
20150925      12.742      11.449       5.952       6.972
20150926       8.410       3.762       8.326       9.891
20150927       6.092       2.987       3.736       4.473
20150928       4.772       2.681       2.983       5.069
20150929       3.887       2.392       2.675       4.426
20150930       3.383       1.236       2.392       3.510
20151001       3.019       1.109       2.144       2.968
20151002       2.627       0.988       1.919       2.764
20151003       2.261       0.883       0.988       2.429
20151004       2.043       1.373       0.883       1.992
20151005       1.888       1.229       0.789       1.874
20151006       1.814       1.205       0.727       1.630
20151007       1.783       1.090       1.174       1.492
20151008       1.635       0.963       1.041       1.712
20151009       1.566       0.984       1.007       1.544
20151010       1.567       0.861       0.932       1.421
20151011       1.477       0.778       0.856       1.460
20151012       1.387       0.713       0.773       1.237
20151013       1.307       0.670       0.697       1.216
20151014       1.214       0.598       0.628       1.235
20151015       1.114       0.536       0.594       1.129
20151016       1.053       0.480       0.536       0.994
20151017       0.988       0.430       0.483       0.943
20151018       0.971       0.415       0.432       0.908
20151019       0.917       0.386       0.396       0.906
20151020       0.919       0.434       0.370       0.913
20151021       1.014       0.380       0.361       0.966
20151022       1.149       0.834       0.414       0.895
20151023       1.230       0.579       0.549       1.224
20151024       1.092       0.518       0.579       1.086
20151025       1.145       0.880       0.705       1.269
20151026       1.074       0.652       0.599       1.203
20151027       0.967       0.588       0.652       0.990
20151028       0.909       0.529       0.586       0.875
20151029       0.897       0.489       0.528       0.814
20151030       0.870       0.442       0.475       0.835
20151031       1.038       0.848       0.454       0.808
20151101       1.305       0.891       0.543       1.110
20151102       1.169       0.730   -9999.000   -9999.000
20151103       1.012       0.653       0.745       1.091
20151104       0.913       0.599       0.653       0.933
20151105       0.831       0.536       0.585       0.867
20151106       0.836       0.519       0.525       0.729
20151107       3.336       4.860       1.815       2.363
20151108       4.003       6.259       2.868       1.055
20151109       5.435       6.532       4.795       5.049
20151110       4.186       2.142       5.595       4.322
20151111       2.808       1.776       2.031       1.881
20151112       2.045       1.590       1.774       2.549
20151113       1.997       1.464       1.593       1.924
20151114       1.854       1.354       1.432       1.740
20151115       1.411       1.187       1.325       1.691
20151116       1.151       1.063       1.187       1.343
20151117       1.227       0.951       1.063       1.027
20151118       1.245       0.852       0.951       1.006
20151119       1.017       0.763       0.852       1.058
20151120       0.823       0.683       0.763       0.945
20151121       0.805       0.611       0.683       0.708
20151122       0.973       0.547       0.611       0.638
20151123       1.310       0.490       0.547       0.798
20151124       1.356       0.439       0.490       1.028
20151125       1.145       0.393       0.439       1.210
20151126       0.836       0.352       0.402       1.044
20151127       0.930       0.315       0.946       0.980
20151128       1.782       6.618       0.315       0.780
20151129       1.672       1.773       3.333       2.363
20151130       1.240       1.107       1.493       0.706
20151201       1.018       0.969       1.107       0.962
20151202       1.043       0.868       0.984       0.970
20151203       0.954       0.777       0.868       0.936
20151204       0.924       0.696       0.777       0.926
20151205       1.119       0.623       2.571       1.767
20151206       1.562       5.199       0.804       0.994
20151207       1.446       4.474       1.783       1.694
20151208       1.265       1.574       3.216       1.954
20151209       2.284       4.786       1.847       0.792
20151210       3.127       3.732       2.487       1.807
20151211       2.290       4.540       2.502       2.238
20151212       1.774       2.124       2.972       1.980
20151213       1.464       1.893       2.124       1.287
20151214       1.365       1.696       1.893       1.325
20151215       1.588       1.520       1.696       1.146
20151216       2.186       1.376       1.520       1.291
20151217       2.199       1.233       1.362       1.958
20151218       1.304       1.105       1.274       2.010
20151219       1.154       1.505       1.545       1.631
20151220       2.178       2.288       2.638       2.630
20151221       3.817       7.477   -9999.000   -9999.000
20151222       3.089       4.650   -9999.000   -9999.000
20151223       2.269       1.897       3.700       2.345
20151224       1.943       1.701       2.449       1.946
20151225       3.374       8.033       1.701       1.609
20151226       2.634       2.370       4.828       4.229
20151227       2.089       2.111       2.351       1.288
20151228       1.641       1.893       2.111       1.817
20151229       1.323       1.697       1.893       1.414
20151230       1.178       1.522       1.697       1.284
20151231       1.249       1.812       1.522       1.116
20160101       1.194       1.302       1.484       1.195
20160102       1.182       1.168       1.302       1.099
20160103       1.151       1.047       1.168       1.087
20160104       1.131       0.939       1.047       0.981
20160105       1.080       0.842       0.939       1.035
20160106       1.654       0.755       0.842       0.981
20160107       2.323       0.677       0.755       1.215
20160108       2.029       0.607       0.677       1.863
20160109       1.150       0.544       0.607       1.675
20160110       0.880       0.488       0.544       1.095
20160111       0.946       0.438       0.488       0.808
20160112       0.952       0.392       0.438       0.828
20160113       0.903       0.352       0.392       0.813
20160114       0.847       0.315       0.352       0.800
20160115       0.791       0.283       0.315       0.744
20160116       0.732       0.254       0.283       0.648
20160117       0.649       0.227       0.254       0.667
20160118       0.606       0.204       0.227       0.579
20160119       0.539       0.183       0.204       0.536
20160120       0.479       0.164       0.183       0.460
20160121       0.423       0.147       0.164       0.432
20160122       0.403       0.132       0.147       0.363
20160123       0.402       0.118       0.132       0.333
20160124       0.420       0.106       0.118       0.358
20160125       0.497       0.095       0.106       0.386
20160126       0.537       0.085       0.095       0.401
20160127       0.542       0.336       0.085       0.477
20160128       0.587       1.274       0.149       0.374
20160129       0.624       0.269       0.647       0.624
20160130       0.803       2.428       0.269       0.280
20160131       0.632       0.513       0.873       0.984
20160201       0.584       0.435       0.513       0.332
20160202       0.588       0.390       0.435       0.478
20160203       0.686       0.350       0.390       0.493
20160204       0.657       0.314       0.350       0.643
20160205       0.530       0.281       0.314       0.566
20160206       0.530       0.252       0.408       1.014
20160207       0.644       1.036       0.777       0.990
20160208       1.356       6.236       0.957       0.722
20160209       1.149       4.138       2.798       1.726
20160210       0.968       1.734       3.184       0.851
20160211       0.824       0.975       1.734       0.646
20160212       0.750       0.841       0.975       0.496
20160213       0.709       0.754       0.841       0.646
20160214       0.711       0.677       0.754       0.676
20160215       0.769       0.607       0.677       0.601
20160216       0.682       0.545       0.607       0.742
20160217       0.617       0.489       0.545       0.628
20160218       0.570       0.439       0.489       0.570
20160219       0.554       0.394       0.438       0.524
20160220       0.549       0.353       0.394       0.493
20160221       0.576       0.317       0.353       0.456
20160222       0.557       0.284       0.317       0.483
20160223       0.537       0.255       0.284       0.498
20160224       0.509       0.229       0.255       0.480
20160225       0.492       0.205       0.229       0.452
20160226       0.482       0.184       0.205       0.458
20160227       0.466       0.187       0.184       0.460
20160228       0.450       0.149       0.166       0.514
20160229       0.432       0.133       0.149       0.456
20160301       0.429       0.120       0.133       0.389
20160302       0.454       0.107       0.120       0.374
20160303       0.474       0.096       0.107       0.376
20160304       0.484       0.086       0.096       0.425
20160305       0.509       0.077       0.086       0.401
20160306       0.503       0.070       0.077       0.459
20160307       0.503       0.062       0.070       0.412
20160308       0.496       0.056       0.062       0.420
20160309       0.487       0.050       0.056       0.426
20160310       0.473       0.045       0.050       0.408
20160311       0.465       0.041       0.045       0.436
20160312       0.453       0.036       0.040       0.624
20160313       0.454       0.033       0.036       0.416
20160314       0.524       0.135       0.676       2.592
20160315       1.199       4.481       1.306       2.871
20160316       1.358       5.974       3.741       5.777
20160317       1.504       9.948       6.644       2.984
20160318       2.020      12.927       7.443       1.666
20160319       1.624       4.643       9.041       2.510
20160320       1.497       3.863       5.259       0.927
20160321       1.361       2.867       3.524       1.214
20160322       1.222       2.615       2.685       1.277
20160323   -9999.000   -9999.000       1.953       1.115
20160324       1.073       1.876   -9999.000   -9999.000
20160325       1.006       1.728   -9999.000   -9999.000
20160326       0.951       1.582   -9999.000   -9999.000
20160327       1.787       4.234       1.956       1.731
20160328       3.098       7.798       3.149       2.488
20160329       6.050      13.081      10.521       6.697
20160330       7.582       8.801      10.874       7.681
20160331       5.564       3.965       7.165       5.688
20160401       3.828       2.521       3.965       3.598
20160402       3.379       2.988       2.652       3.048
20160403       2.953       2.297       2.765       3.804
20160404       3.024       3.235       3.002       3.107
20160405       6.097       9.497       5.360       5.772
20160406       7.455       5.853       7.766       7.649
20160407       7.692       5.071       6.236       6.088
20160408       7.587       5.255       4.716       6.283
20160409       6.421       3.790       4.821       7.831
20160410       5.397       2.498       3.329       4.700
20160411       5.111       4.169       2.874       3.867
20160412       5.440       3.634       3.323       6.322
20160413       5.248       4.620       3.635       5.518
20160414       4.543       5.421       4.779       7.950
20160415       4.671       3.012       4.735       5.562
20160416       5.182       2.828       5.362       5.739
20160417       5.071       4.684       3.090       4.811
20160418       5.727       5.341       3.754       6.090
20160419       6.672       7.635       5.044       6.379
20160420       7.003       9.072       6.321       7.657
20160421       7.412       7.681       7.908       7.406
20160422       7.306       7.667       6.778       6.166
20160423       6.046       3.557       6.172       6.108
20160424       4.991       2.865       3.555       3.697
20160425       4.100       2.591       2.868       4.386
20160426       3.497       2.346       2.578       3.517
20160427       3.350       2.171       2.335       3.335
20160428       3.379       2.811       2.291       3.540
20160429       4.319       8.858       5.109      11.034
20160430       6.851      13.118       9.882       8.566
20160501       7.393       5.070      10.882       7.386
20160502       7.298       6.283       5.938       4.338
20160503       9.829      10.737       7.572       9.300
20160504      11.112      10.929      10.905      11.447
20160505      12.149      13.749      11.748      12.725
20160506      14.328      14.686      14.375      13.151
20160507      17.315      17.048      14.877      14.096
20160508      22.020      19.792      17.749      18.099
20160509      26.255      23.584      20.706      22.591
20160510      27.199      24.498      23.185      26.404
20160511      25.263      20.395      22.913      25.487
20160512      24.328      16.807      19.173      20.535
20160513      21.817      15.091      16.436      17.297
20160514      15.239       9.196      13.413      16.087
20160515      12.045       7.228       9.246      11.095
20160516      11.807       6.075       6.865       8.864
20160517      11.538       6.541       6.364      10.271
20160518      11.132       6.208       6.463      10.547
20160519      14.795       6.851       7.040      10.764
20160520      19.764       7.128       7.199      14.025
20160521      21.390      17.829       8.421      18.454
20160522      21.275       9.741      15.166      21.840
20160523      34.570      28.083      17.405      22.847
20160524      21.605      17.033      21.700      28.672
20160525      14.198       9.851      15.297      15.857
20160526      10.336       6.763       9.471       9.322
20160527       8.166       6.320       6.974       7.698
20160528       7.913       6.337       6.749       8.035
20160529       7.940       6.460       6.542       7.292
20160530       9.854       7.028       6.973       7.307
20160531       7.387       4.915       6.126       8.730
20160601       5.511       4.515       5.001       6.139
20160602       4.018       4.246       4.576       4.621
20160603       3.245       3.718       5.601       5.267
20160604       2.695       3.078       3.642       2.737
20160605       2.198       2.494       3.052       2.319
20160606       1.836       2.067       2.490       1.864
20160607       1.615       1.804       2.076       1.579
20160608       1.358       1.646       1.793       1.357
20160609       1.138       1.436       1.603       1.167
20160610       1.019       1.290       1.440       1.118
20160611       0.906       1.158       1.290       0.918
20160612       0.869       1.053       1.160       0.847
20160613       0.846       1.415       1.074       0.820
20160614       0.810       1.194       1.449       0.944
20160615       0.778       0.967       1.118       0.723
20160616       1.895       8.915       4.539       3.796
20160617       1.472       1.930       5.873       2.803
20160618       1.523       2.946       3.322       1.080
20160619       1.080       1.733       2.242       1.018
20160620       0.894       1.525       1.706       0.980
20160621       3.727      15.244       4.421       2.920
20160622       2.274       4.280       7.680       5.500
20160623       1.393       2.262       4.280       1.240
20160624       1.110       2.019       2.257       0.776
20160625       1.696       5.941       5.466       3.646
20160626       1.813       2.307       4.076       1.432
20160627       5.748      11.331       7.263       4.494
20160628       3.124       4.186       8.725       7.520
20160629       2.049       2.846       4.161       2.093
20160630       2.815       3.003       3.198       1.906
20160701       7.028       7.891       6.867       5.553
20160702       7.758       6.925       6.886       7.500
20160703       7.876       8.430       6.969       6.660
20160704       4.341       3.444       8.953       9.277
20160705       3.401       3.260       3.441       2.818
20160706       2.967       2.657       4.356       3.753
20160707       2.281       2.437       2.630       2.537
20160708       1.727       2.134       2.397       2.139
20160709       2.278       3.067       2.156       1.550
20160710       2.696       3.558       4.065       2.784
20160711      10.192      10.200       4.833       4.435
20160712       6.998       5.956       7.531       8.215
20160713       5.131       6.369       9.208       9.166
20160714       5.009       6.467       9.247       8.113
20160715       3.075       3.758       5.128       3.771
20160716       2.384       2.924       3.549       2.324
20160717       1.874       2.585       2.841       2.100
20160718       1.565       2.276       2.733       1.875
20160719       1.374       2.050       2.265       1.529
20160720       1.265       1.883       2.075       1.343
20160721       1.087       1.646       1.849       1.119
20160722       0.947       1.482       1.651       1.010
20160723       0.853       1.338       1.559       0.986
20160724       0.789       1.210       2.837       1.785
20160725       0.891       3.842       1.239       0.802
20160726       2.612       9.294       4.240       1.300
20160727       3.046       7.567       8.103       4.070
20160728       4.358      10.735       6.519       3.722
20160729       2.972       3.537       8.188       4.604
20160730       6.111      11.723       4.266       1.946
20160731       4.137       8.004      10.486       8.495
